"species" "time_interval" "study_duration" "n_cams" "z" "P" "p_presence"
"Cephalophus silvicultor" 1 2 454 -1.20386801445791 0.22864059623798 0.0220264317180617
"Cephalophus silvicultor" 1 3 454 -2.33835949706373 0.019368606977104 0.0418502202643172
"Cephalophus silvicultor" 1 4 452 -2.7907988385701 0.00525781385154192 0.0597345132743363
"Cephalophus silvicultor" 1 5 450 -3.51590423263155 0.000438259036558275 0.0755555555555556
"Cephalophus silvicultor" 1 6 449 -3.65222424055705 0.000259978709704964 0.0779510022271715
"Cephalophus silvicultor" 1 7 447 -3.54625166139509 0.000390752846715048 0.0961968680089485
"Cephalophus silvicultor" 1 8 447 -4.06012912797547 4.90455841517023e-05 0.109619686800895
"Cephalophus silvicultor" 1 9 447 -4.40347343107732 1.06531335961019e-05 0.125279642058166
"Cephalophus silvicultor" 1 10 445 -4.4965075199841 6.90787374832627e-06 0.134831460674157
"Cephalophus silvicultor" 1 11 440 -4.5993594391519 4.23792022901825e-06 0.138636363636364
"Cephalophus silvicultor" 1 12 439 -4.6124516034052 3.97947219744709e-06 0.150341685649203
"Cephalophus silvicultor" 1 13 438 -4.70182635127957 2.57844741939705e-06 0.159817351598174
"Cephalophus silvicultor" 1 14 436 -4.97209006842384 6.62349184728665e-07 0.181192660550459
"Cephalophus silvicultor" 1 15 436 -5.12219266209859 3.02003082466492e-07 0.190366972477064
"Cephalophus silvicultor" 1 16 435 -5.06341566493464 4.11810602444528e-07 0.213793103448276
"Cephalophus silvicultor" 1 17 435 -5.40506935322331 6.47833214366282e-08 0.222988505747126
"Cephalophus silvicultor" 1 18 434 -5.36514520048216 8.08841252606389e-08 0.230414746543779
"Cephalophus silvicultor" 1 19 432 -4.78222553062755 1.7336501247267e-06 0.25
"Cephalophus silvicultor" 1 20 430 -4.72107133270335 2.34605636576134e-06 0.258139534883721
"Cephalophus silvicultor" 1 21 429 -4.82884631338064 1.37326340775964e-06 0.261072261072261
"Cephalophus silvicultor" 1 22 427 -4.80580273704983 1.54131814224798e-06 0.26463700234192
"Cephalophus silvicultor" 1 23 426 -4.75643892135669 1.97037817665205e-06 0.267605633802817
"Cephalophus silvicultor" 1 24 425 -4.87270716345028 1.10079328600068e-06 0.270588235294118
"Cephalophus silvicultor" 1 25 423 -5.08342153150937 3.7069576133211e-07 0.283687943262411
"Cephalophus silvicultor" 1 26 422 -5.02455483253434 5.04601620482017e-07 0.291469194312796
"Cephalophus silvicultor" 1 27 422 -5.06355636106321 4.11506648445182e-07 0.291469194312796
"Cephalophus silvicultor" 1 28 422 -5.16379956156382 2.41986816448586e-07 0.293838862559242
"Cephalophus silvicultor" 1 29 422 -5.28427887730255 1.26200879481059e-07 0.296208530805687
"Cephalophus silvicultor" 1 30 420 -5.36263317333043 8.2017458386423e-08 0.295238095238095
"Cephalophus silvicultor" 1 31 419 -5.49460657917389 3.91582382580953e-08 0.300715990453461
"Cephalophus silvicultor" 1 32 419 -5.59693985029325 2.18168356508443e-08 0.300715990453461
"Cephalophus silvicultor" 1 33 415 -5.60993549790127 2.02402039673974e-08 0.303614457831325
"Cephalophus silvicultor" 1 34 415 -5.61280753889212 1.9906997364231e-08 0.303614457831325
"Cephalophus silvicultor" 1 35 413 -5.72893151757727 1.01065181585697e-08 0.305084745762712
"Cephalophus silvicultor" 1 36 412 -5.90116043750661 3.6095368425313e-09 0.317961165048544
"Cephalophus silvicultor" 1 37 410 -6.001503506739 1.95498719643144e-09 0.321951219512195
"Cephalophus silvicultor" 1 38 410 -6.04374898499814 1.50573714685211e-09 0.321951219512195
"Cephalophus silvicultor" 1 39 409 -6.22908017314762 4.69181657656344e-10 0.327628361858191
"Cephalophus silvicultor" 1 40 408 -6.36608178892513 1.93918054822753e-10 0.333333333333333
"Cephalophus silvicultor" 1 41 407 -6.60224574779053 4.04975450272045e-11 0.339066339066339
"Cephalophus silvicultor" 1 42 407 -6.75490260783339 1.42931234513063e-11 0.343980343980344
"Cephalophus silvicultor" 1 43 405 -6.78851232904545 1.13295699681427e-11 0.350617283950617
"Cephalophus silvicultor" 1 44 403 -7.00723619641022 2.4307173323505e-12 0.359801488833747
"Cephalophus silvicultor" 1 45 402 -7.07207211346817 1.52637057590952e-12 0.360696517412935
"Cephalophus silvicultor" 1 46 401 -7.06011820040942 1.66361032169573e-12 0.366583541147132
"Cephalophus silvicultor" 1 47 398 -6.87949506600368 6.00650782362229e-12 0.376884422110553
"Cephalophus silvicultor" 1 48 397 -7.00134047216309 2.53524995672978e-12 0.377833753148615
"Cephalophus silvicultor" 1 49 395 -6.96112354867535 3.37569557526638e-12 0.382278481012658
"Cephalophus silvicultor" 1 50 391 -7.12107815900565 1.07086040508354e-12 0.383631713554987
"Cephalophus silvicultor" 1 51 388 -7.08107578851818 1.43039642236955e-12 0.38659793814433
"Cephalophus silvicultor" 1 52 386 -6.9026602767319 5.10375858080981e-12 0.393782383419689
"Cephalophus silvicultor" 1 53 382 -6.95320645889051 3.57075510662695e-12 0.400523560209424
"Cephalophus silvicultor" 1 54 381 -7.08693162355168 1.37118085993041e-12 0.406824146981627
"Cephalophus silvicultor" 1 55 376 -7.08990563996857 1.34203473610809e-12 0.409574468085106
"Cephalophus silvicultor" 1 56 373 -7.00420949496792 2.48384220414526e-12 0.412868632707775
"Cephalophus silvicultor" 1 57 370 -6.96768965939691 3.22187957186206e-12 0.410810810810811
"Cephalophus silvicultor" 1 58 366 -7.13860008450639 9.42862076186989e-13 0.418032786885246
"Cephalophus silvicultor" 1 59 364 -6.96991118525504 3.17141133506092e-12 0.417582417582418
"Cephalophus silvicultor" 1 60 361 -7.07953274960215 1.44641315812405e-12 0.415512465373961
"Cephalophus silvicultor" 1 61 356 -7.06560237096532 1.59920738861693e-12 0.418539325842697
"Cephalophus silvicultor" 1 62 351 -6.96229210189868 3.34780438260022e-12 0.421652421652422
"Cephalophus silvicultor" 1 63 349 -6.91828641634825 4.57139345206485e-12 0.426934097421203
"Cephalophus silvicultor" 1 64 341 -6.7596295998706 1.38344961910758e-11 0.434017595307918
"Cephalophus silvicultor" 1 65 327 -6.37223307045589 1.86295480729233e-10 0.443425076452599
"Cephalophus silvicultor" 1 66 320 -6.18978836457401 6.02450459445e-10 0.44375
"Cephalophus silvicultor" 1 67 304 -4.74894556711933 2.04479964504793e-06 0.453947368421053
"Cephalophus silvicultor" 1 68 296 -4.73370563797192 2.20457387099936e-06 0.462837837837838
"Cephalophus silvicultor" 1 69 283 -5.92800409750285 3.0663884863855e-09 0.469964664310954
"Cephalophus silvicultor" 1 70 272 -6.17540544912011 6.59938913954174e-10 0.470588235294118
"Cephalophus silvicultor" 1 71 268 -5.98504428281945 2.16330996821004e-09 0.473880597014925
"Cephalophus silvicultor" 1 72 249 -5.96300987933622 2.47633443732711e-09 0.457831325301205
"Cephalophus silvicultor" 1 73 231 NA NA 0.432900432900433
"Cephalophus silvicultor" 1 74 225 NA NA 0.431111111111111
"Cephalophus silvicultor" 1 75 218 NA NA 0.426605504587156
"Cephalophus silvicultor" 1 76 216 NA NA 0.430555555555556
"Cephalophus silvicultor" 1 77 211 NA NA 0.436018957345972
"Cephalophus silvicultor" 1 78 209 NA NA 0.449760765550239
"Cephalophus silvicultor" 1 79 195 NA NA 0.441025641025641
"Cephalophus silvicultor" 1 80 180 NA NA 0.444444444444444
"Cephalophus silvicultor" 1 81 176 NA NA 0.454545454545455
"Cephalophus silvicultor" 1 82 170 NA NA 0.447058823529412
"Cephalophus silvicultor" 1 83 166 NA NA 0.44578313253012
"Cephalophus silvicultor" 1 84 166 NA NA 0.451807228915663
"Cephalophus silvicultor" 1 85 166 NA NA 0.457831325301205
"Cephalophus silvicultor" 1 86 165 NA NA 0.454545454545455
"Cephalophus silvicultor" 1 87 163 NA NA 0.447852760736196
"Cephalophus silvicultor" 1 88 158 NA NA 0.430379746835443
"Cephalophus silvicultor" 1 89 153 NA NA 0.411764705882353
"Cephalophus silvicultor" 1 90 151 NA NA 0.403973509933775
"Cephalophus silvicultor" 1 91 150 NA NA 0.4
"Cephalophus silvicultor" 1 92 146 NA NA 0.397260273972603
"Cephalophus silvicultor" 1 93 142 NA NA 0.380281690140845
"Cephalophus silvicultor" 1 94 142 NA NA 0.380281690140845
"Cephalophus silvicultor" 1 95 127 NA NA 0.37007874015748
"Cephalophus silvicultor" 1 96 105 NA NA 0.361904761904762
"Cephalophus silvicultor" 1 97 89 NA NA 0.359550561797753
"Cephalophus silvicultor" 1 98 75 NA NA 0.373333333333333
"Cephalophus silvicultor" 1 99 75 NA NA 0.373333333333333
"Cephalophus silvicultor" 1 100 75 NA NA 0.386666666666667
"Cephalophus silvicultor" 1 101 75 NA NA 0.4
"Cephalophus silvicultor" 1 102 75 NA NA 0.4
"Cephalophus silvicultor" 1 103 75 NA NA 0.4
"Cephalophus silvicultor" 1 104 75 NA NA 0.4
"Cephalophus silvicultor" 1 105 73 NA NA 0.397260273972603
"Cephalophus silvicultor" 1 106 61 NA NA 0.409836065573771
"Cephalophus silvicultor" 1 107 56 NA NA 0.392857142857143
"Cephalophus silvicultor" 1 108 49 NA NA 0.428571428571429
"Cephalophus silvicultor" 1 109 48 NA NA 0.4375
"Cephalophus silvicultor" 1 110 47 NA NA 0.446808510638298
"Cephalophus silvicultor" 1 111 45 NA NA 0.444444444444444
"Cephalophus silvicultor" 1 112 45 NA NA 0.444444444444444
"Cephalophus silvicultor" 1 113 45 NA NA 0.444444444444444
"Cephalophus silvicultor" 1 114 45 NA NA 0.444444444444444
"Cephalophus silvicultor" 1 115 44 NA NA 0.454545454545455
"Cephalophus silvicultor" 1 116 44 NA NA 0.454545454545455
"Cephalophus silvicultor" 1 117 43 NA NA 0.465116279069767
"Cephalophus silvicultor" 1 118 43 NA NA 0.465116279069767
"Cephalophus silvicultor" 1 119 43 NA NA 0.465116279069767
"Cephalophus silvicultor" 1 120 43 NA NA 0.465116279069767
"Cephalophus silvicultor" 1 121 43 NA NA 0.488372093023256
"Cephalophus silvicultor" 1 122 43 NA NA 0.488372093023256
"Cephalophus silvicultor" 1 123 43 NA NA 0.488372093023256
"Cephalophus silvicultor" 1 124 43 NA NA 0.511627906976744
"Cephalophus silvicultor" 1 125 43 NA NA 0.511627906976744
"Cephalophus silvicultor" 1 126 43 NA NA 0.511627906976744
"Cephalophus silvicultor" 1 127 43 NA NA 0.511627906976744
"Cephalophus silvicultor" 1 128 42 NA NA 0.5
"Cephalophus silvicultor" 1 129 42 NA NA 0.5
"Cephalophus silvicultor" 1 130 41 NA NA 0.48780487804878
"Cephalophus silvicultor" 1 131 41 NA NA 0.48780487804878
"Cephalophus silvicultor" 1 132 41 NA NA 0.48780487804878
"Cephalophus silvicultor" 1 133 41 NA NA 0.48780487804878
"Cephalophus silvicultor" 1 134 41 NA NA 0.48780487804878
"Cephalophus silvicultor" 1 135 41 NA NA 0.48780487804878
"Cephalophus silvicultor" 1 136 41 NA NA 0.48780487804878
"Cephalophus silvicultor" 1 137 41 NA NA 0.48780487804878
"Cephalophus silvicultor" 1 138 41 NA NA 0.48780487804878
"Cephalophus silvicultor" 1 139 40 NA NA 0.5
"Cephalophus silvicultor" 1 140 40 NA NA 0.5
"Cephalophus silvicultor" 1 141 40 NA NA 0.5
"Cephalophus silvicultor" 1 142 40 NA NA 0.5
"Cephalophus silvicultor" 1 143 40 NA NA 0.5
"Cephalophus silvicultor" 1 144 40 NA NA 0.5
"Cephalophus silvicultor" 1 145 40 NA NA 0.5
"Cephalophus silvicultor" 1 146 40 NA NA 0.5
"Cephalophus silvicultor" 1 147 40 NA NA 0.525
"Cephalophus silvicultor" 1 148 40 NA NA 0.525
"Cephalophus silvicultor" 1 149 40 NA NA 0.525
"Cephalophus silvicultor" 1 150 40 NA NA 0.525
"Cephalophus silvicultor" 1 151 40 NA NA 0.525
"Cephalophus silvicultor" 1 152 40 NA NA 0.525
"Cephalophus silvicultor" 1 153 40 NA NA 0.525
"Cephalophus silvicultor" 1 154 39 NA NA 0.538461538461538
"Cephalophus silvicultor" 1 155 39 NA NA 0.538461538461538
"Cephalophus silvicultor" 1 156 39 NA NA 0.538461538461538
"Cephalophus silvicultor" 1 157 39 NA NA 0.538461538461538
"Cephalophus silvicultor" 1 158 39 NA NA 0.538461538461538
"Cephalophus silvicultor" 1 159 39 NA NA 0.538461538461538
"Cephalophus silvicultor" 1 160 39 NA NA 0.538461538461538
"Cephalophus silvicultor" 1 161 39 NA NA 0.564102564102564
"Cephalophus silvicultor" 1 162 39 NA NA 0.564102564102564
"Cephalophus silvicultor" 1 163 39 NA NA 0.564102564102564
"Cephalophus silvicultor" 1 164 39 NA NA 0.564102564102564
"Cephalophus silvicultor" 1 165 39 NA NA 0.564102564102564
"Cephalophus silvicultor" 1 166 39 NA NA 0.564102564102564
"Cephalophus silvicultor" 1 167 39 NA NA 0.564102564102564
"Cephalophus silvicultor" 1 168 39 NA NA 0.564102564102564
"Cephalophus silvicultor" 1 169 39 NA NA 0.564102564102564
"Cephalophus silvicultor" 1 170 39 NA NA 0.564102564102564
"Cephalophus silvicultor" 1 171 39 NA NA 0.564102564102564
"Cephalophus silvicultor" 1 172 39 NA NA 0.564102564102564
"Cephalophus silvicultor" 1 173 38 NA NA 0.578947368421053
"Cephalophus silvicultor" 1 174 38 NA NA 0.578947368421053
"Cephalophus silvicultor" 1 175 37 NA NA 0.567567567567568
"Cephalophus silvicultor" 1 176 37 NA NA 0.567567567567568
"Cephalophus silvicultor" 1 177 37 NA NA 0.567567567567568
"Cephalophus silvicultor" 1 178 37 NA NA 0.567567567567568
"Cephalophus silvicultor" 1 179 37 NA NA 0.567567567567568
"Cephalophus silvicultor" 1 180 37 NA NA 0.567567567567568
"Cephalophus silvicultor" 1 181 37 NA NA 0.567567567567568
"Cephalophus silvicultor" 1 182 37 NA NA 0.567567567567568
"Cephalophus silvicultor" 1 183 37 NA NA 0.567567567567568
"Cephalophus silvicultor" 1 184 36 NA NA 0.555555555555556
"Cephalophus silvicultor" 1 185 35 NA NA 0.542857142857143
"Cephalophus silvicultor" 1 186 35 NA NA 0.542857142857143
"Cephalophus silvicultor" 1 187 34 NA NA 0.529411764705882
"Cephalophus silvicultor" 1 188 34 NA NA 0.529411764705882
"Cephalophus silvicultor" 1 189 34 NA NA 0.529411764705882
"Cephalophus silvicultor" 1 190 34 NA NA 0.529411764705882
"Cephalophus silvicultor" 1 191 33 NA NA 0.545454545454545
"Cephalophus silvicultor" 1 192 33 NA NA 0.545454545454545
"Cephalophus silvicultor" 1 193 33 NA NA 0.545454545454545
"Cephalophus silvicultor" 1 194 33 NA NA 0.545454545454545
"Cephalophus silvicultor" 1 195 33 NA NA 0.545454545454545
"Cephalophus silvicultor" 1 196 33 NA NA 0.545454545454545
"Cephalophus silvicultor" 1 197 33 NA NA 0.545454545454545
"Cephalophus silvicultor" 1 198 33 NA NA 0.545454545454545
"Cephalophus silvicultor" 1 199 33 NA NA 0.545454545454545
"Cephalophus silvicultor" 1 200 33 NA NA 0.545454545454545
"Cephalophus silvicultor" 2 4 452 -2.73609801333016 0.0062172504825286 0.0597345132743363
"Cephalophus silvicultor" 2 6 449 -3.59249611100206 0.000327525543878695 0.0779510022271715
"Cephalophus silvicultor" 2 8 447 -4.01193645684081 6.02227118900476e-05 0.109619686800895
"Cephalophus silvicultor" 2 10 445 -4.46470893442373 8.01776741137464e-06 0.134831460674157
"Cephalophus silvicultor" 2 12 439 -4.56104348373616 5.09000378921205e-06 0.150341685649203
"Cephalophus silvicultor" 2 14 436 -4.92442321489881 8.46095433228882e-07 0.181192660550459
"Cephalophus silvicultor" 2 16 435 -5.03628530057784 4.74652945156602e-07 0.213793103448276
"Cephalophus silvicultor" 2 18 434 -5.35475700017915 8.567147304982e-08 0.230414746543779
"Cephalophus silvicultor" 2 20 430 -4.75410839590663 1.99324081509938e-06 0.258139534883721
"Cephalophus silvicultor" 2 22 427 -4.86041626035367 1.17139185919423e-06 0.26463700234192
"Cephalophus silvicultor" 2 24 425 -4.9486116903382 7.47446951076335e-07 0.270588235294118
"Cephalophus silvicultor" 2 26 422 -5.07222978577597 3.93181209645183e-07 0.291469194312796
"Cephalophus silvicultor" 2 28 422 -5.20712086608423 1.91793174537672e-07 0.293838862559242
"Cephalophus silvicultor" 2 30 420 -5.34638247331014 8.97294975093786e-08 0.295238095238095
"Cephalophus silvicultor" 2 32 419 -5.55839751418905 2.72262747260332e-08 0.300715990453461
"Cephalophus silvicultor" 2 34 415 -5.56305743866346 2.65088588002575e-08 0.303614457831325
"Cephalophus silvicultor" 2 36 412 -5.85697225510421 4.71381838737727e-09 0.317961165048544
"Cephalophus silvicultor" 2 38 410 -6.00416735992884 1.92316252356551e-09 0.321951219512195
"Cephalophus silvicultor" 2 40 408 -6.35432387262996 2.09345351436068e-10 0.333333333333333
"Cephalophus silvicultor" 2 42 407 -6.751662478341 1.46160581133903e-11 0.343980343980344
"Cephalophus silvicultor" 2 44 403 -6.99815725422046 2.59350907228159e-12 0.359801488833747
"Cephalophus silvicultor" 2 46 401 -7.04792648110067 1.81603538774199e-12 0.366583541147132
"Cephalophus silvicultor" 2 48 397 -6.96582426317853 3.26486490022456e-12 0.377833753148615
"Cephalophus silvicultor" 2 50 391 -7.104600086241 1.20671445467551e-12 0.383631713554987
"Cephalophus silvicultor" 2 52 386 -6.91794368313625 4.58246378841124e-12 0.393782383419689
"Cephalophus silvicultor" 2 54 381 -7.08220750347059 1.41875997340141e-12 0.406824146981627
"Cephalophus silvicultor" 2 56 373 -6.98863764331616 2.77568278391192e-12 0.412868632707775
"Cephalophus silvicultor" 2 58 366 -7.16124322843334 7.99486511749148e-13 0.418032786885246
"Cephalophus silvicultor" 2 60 361 -7.14464549853825 9.02284409607487e-13 0.415512465373961
"Cephalophus silvicultor" 2 62 351 -7.00213954804491 2.5208280249284e-12 0.421652421652422
"Cephalophus silvicultor" 2 64 341 -6.80759666899478 9.92426248122519e-12 0.434017595307918
"Cephalophus silvicultor" 2 66 320 -6.20617868448919 5.42884499298163e-10 0.44375
"Cephalophus silvicultor" 2 68 296 -4.89840809995718 9.66162077553974e-07 0.462837837837838
"Cephalophus silvicultor" 2 70 272 -6.03746388977727 1.56555180931932e-09 0.470588235294118
"Cephalophus silvicultor" 2 72 249 -5.7978805663697 6.71582512844971e-09 0.457831325301205
"Cephalophus silvicultor" 2 74 225 NA NA 0.431111111111111
"Cephalophus silvicultor" 2 76 216 NA NA 0.430555555555556
"Cephalophus silvicultor" 2 78 209 NA NA 0.449760765550239
"Cephalophus silvicultor" 2 80 180 NA NA 0.444444444444444
"Cephalophus silvicultor" 2 82 170 NA NA 0.447058823529412
"Cephalophus silvicultor" 2 84 166 NA NA 0.451807228915663
"Cephalophus silvicultor" 2 86 165 NA NA 0.454545454545455
"Cephalophus silvicultor" 2 88 158 NA NA 0.430379746835443
"Cephalophus silvicultor" 2 90 151 NA NA 0.403973509933775
"Cephalophus silvicultor" 2 92 146 NA NA 0.397260273972603
"Cephalophus silvicultor" 2 94 142 NA NA 0.380281690140845
"Cephalophus silvicultor" 2 96 105 NA NA 0.361904761904762
"Cephalophus silvicultor" 2 98 75 NA NA 0.373333333333333
"Cephalophus silvicultor" 2 100 75 NA NA 0.386666666666667
"Cephalophus silvicultor" 2 102 75 NA NA 0.4
"Cephalophus silvicultor" 2 104 75 NA NA 0.4
"Cephalophus silvicultor" 2 106 61 NA NA 0.409836065573771
"Cephalophus silvicultor" 2 108 49 NA NA 0.428571428571429
"Cephalophus silvicultor" 2 110 47 NA NA 0.446808510638298
"Cephalophus silvicultor" 2 112 45 NA NA 0.444444444444444
"Cephalophus silvicultor" 2 114 45 NA NA 0.444444444444444
"Cephalophus silvicultor" 2 116 44 NA NA 0.454545454545455
"Cephalophus silvicultor" 2 118 43 NA NA 0.465116279069767
"Cephalophus silvicultor" 2 120 43 NA NA 0.465116279069767
"Cephalophus silvicultor" 2 122 43 NA NA 0.488372093023256
"Cephalophus silvicultor" 2 124 43 NA NA 0.511627906976744
"Cephalophus silvicultor" 2 126 43 NA NA 0.511627906976744
"Cephalophus silvicultor" 2 128 42 NA NA 0.5
"Cephalophus silvicultor" 2 130 41 NA NA 0.48780487804878
"Cephalophus silvicultor" 2 132 41 NA NA 0.48780487804878
"Cephalophus silvicultor" 2 134 41 NA NA 0.48780487804878
"Cephalophus silvicultor" 2 136 41 NA NA 0.48780487804878
"Cephalophus silvicultor" 2 138 41 NA NA 0.48780487804878
"Cephalophus silvicultor" 2 140 40 NA NA 0.5
"Cephalophus silvicultor" 2 142 40 NA NA 0.5
"Cephalophus silvicultor" 2 144 40 NA NA 0.5
"Cephalophus silvicultor" 2 146 40 NA NA 0.5
"Cephalophus silvicultor" 2 148 40 NA NA 0.525
"Cephalophus silvicultor" 2 150 40 NA NA 0.525
"Cephalophus silvicultor" 2 152 40 NA NA 0.525
"Cephalophus silvicultor" 2 154 39 NA NA 0.538461538461538
"Cephalophus silvicultor" 2 156 39 NA NA 0.538461538461538
"Cephalophus silvicultor" 2 158 39 NA NA 0.538461538461538
"Cephalophus silvicultor" 2 160 39 NA NA 0.538461538461538
"Cephalophus silvicultor" 2 162 39 NA NA 0.564102564102564
"Cephalophus silvicultor" 2 164 39 NA NA 0.564102564102564
"Cephalophus silvicultor" 2 166 39 NA NA 0.564102564102564
"Cephalophus silvicultor" 2 168 39 NA NA 0.564102564102564
"Cephalophus silvicultor" 2 170 39 NA NA 0.564102564102564
"Cephalophus silvicultor" 2 172 39 NA NA 0.564102564102564
"Cephalophus silvicultor" 2 174 38 NA NA 0.578947368421053
"Cephalophus silvicultor" 2 176 37 NA NA 0.567567567567568
"Cephalophus silvicultor" 2 178 37 NA NA 0.567567567567568
"Cephalophus silvicultor" 2 180 37 NA NA 0.567567567567568
"Cephalophus silvicultor" 2 182 37 NA NA 0.567567567567568
"Cephalophus silvicultor" 2 184 36 NA NA 0.555555555555556
"Cephalophus silvicultor" 2 186 35 NA NA 0.542857142857143
"Cephalophus silvicultor" 2 188 34 NA NA 0.529411764705882
"Cephalophus silvicultor" 2 190 34 NA NA 0.529411764705882
"Cephalophus silvicultor" 2 192 33 NA NA 0.545454545454545
"Cephalophus silvicultor" 2 194 33 NA NA 0.545454545454545
"Cephalophus silvicultor" 2 196 33 NA NA 0.545454545454545
"Cephalophus silvicultor" 2 198 33 NA NA 0.545454545454545
"Cephalophus silvicultor" 2 200 33 NA NA 0.545454545454545
"Cephalophus silvicultor" 3 6 449 -3.65433367501299 0.0002578507523636 0.0779510022271715
"Cephalophus silvicultor" 3 9 447 -4.4886870991221 7.1663467299171e-06 0.125279642058166
"Cephalophus silvicultor" 3 12 439 -4.77184792199121 1.82543317497807e-06 0.150341685649203
"Cephalophus silvicultor" 3 15 436 -5.28535367587429 1.2546212361387e-07 0.190366972477064
"Cephalophus silvicultor" 3 18 434 -5.58660277381747 2.31554537992523e-08 0.230414746543779
"Cephalophus silvicultor" 3 21 429 -5.21086777873712 1.87959377232137e-07 0.261072261072261
"Cephalophus silvicultor" 3 24 425 -5.26263153468149 1.4200799831945e-07 0.270588235294118
"Cephalophus silvicultor" 3 27 422 -5.38683253587441 7.17101909090608e-08 0.291469194312796
"Cephalophus silvicultor" 3 30 420 -5.65800548748762 1.53142240354371e-08 0.295238095238095
"Cephalophus silvicultor" 3 33 415 -5.83067851769101 5.52024462632513e-09 0.303614457831325
"Cephalophus silvicultor" 3 36 412 -6.08011823634328 1.20093957938232e-09 0.317961165048544
"Cephalophus silvicultor" 3 39 409 -6.40710357881087 1.48310068316575e-10 0.327628361858191
"Cephalophus silvicultor" 3 42 407 -6.90537099616047 5.00723935999416e-12 0.343980343980344
"Cephalophus silvicultor" 3 45 402 -7.24039052059865 4.47394612936116e-13 0.360696517412935
"Cephalophus silvicultor" 3 48 397 -7.10039196734551 1.24403548824532e-12 0.377833753148615
"Cephalophus silvicultor" 3 51 388 -7.23303049368059 4.72333288017568e-13 0.38659793814433
"Cephalophus silvicultor" 3 54 381 -7.25250058779257 4.09146469408467e-13 0.406824146981627
"Cephalophus silvicultor" 3 57 370 -7.15109968615576 8.60854437998081e-13 0.410810810810811
"Cephalophus silvicultor" 3 60 361 -7.3459219572285 2.04345588010001e-13 0.415512465373961
"Cephalophus silvicultor" 3 63 349 -7.11623645689064 1.10913949090007e-12 0.426934097421203
"Cephalophus silvicultor" 3 66 320 -6.40993396016405 1.45582684322089e-10 0.44375
"Cephalophus silvicultor" 3 69 283 -5.88171946768677 4.06026103025315e-09 0.469964664310954
"Cephalophus silvicultor" 3 72 249 -5.75073032795946 8.88587547967682e-09 0.457831325301205
"Cephalophus silvicultor" 3 75 218 NA NA 0.426605504587156
"Cephalophus silvicultor" 3 78 209 NA NA 0.449760765550239
"Cephalophus silvicultor" 3 81 176 NA NA 0.454545454545455
"Cephalophus silvicultor" 3 84 166 NA NA 0.451807228915663
"Cephalophus silvicultor" 3 87 163 NA NA 0.447852760736196
"Cephalophus silvicultor" 3 90 151 NA NA 0.403973509933775
"Cephalophus silvicultor" 3 93 142 NA NA 0.380281690140845
"Cephalophus silvicultor" 3 96 105 NA NA 0.361904761904762
"Cephalophus silvicultor" 3 99 75 NA NA 0.373333333333333
"Cephalophus silvicultor" 3 102 75 NA NA 0.4
"Cephalophus silvicultor" 3 105 73 NA NA 0.397260273972603
"Cephalophus silvicultor" 3 108 49 NA NA 0.428571428571429
"Cephalophus silvicultor" 3 111 45 NA NA 0.444444444444444
"Cephalophus silvicultor" 3 114 45 NA NA 0.444444444444444
"Cephalophus silvicultor" 3 117 43 NA NA 0.465116279069767
"Cephalophus silvicultor" 3 120 43 NA NA 0.465116279069767
"Cephalophus silvicultor" 3 123 43 NA NA 0.488372093023256
"Cephalophus silvicultor" 3 126 43 NA NA 0.511627906976744
"Cephalophus silvicultor" 3 129 42 NA NA 0.5
"Cephalophus silvicultor" 3 132 41 NA NA 0.48780487804878
"Cephalophus silvicultor" 3 135 41 NA NA 0.48780487804878
"Cephalophus silvicultor" 3 138 41 NA NA 0.48780487804878
"Cephalophus silvicultor" 3 141 40 NA NA 0.5
"Cephalophus silvicultor" 3 144 40 NA NA 0.5
"Cephalophus silvicultor" 3 147 40 NA NA 0.525
"Cephalophus silvicultor" 3 150 40 NA NA 0.525
"Cephalophus silvicultor" 3 153 40 NA NA 0.525
"Cephalophus silvicultor" 3 156 39 NA NA 0.538461538461538
"Cephalophus silvicultor" 3 159 39 NA NA 0.538461538461538
"Cephalophus silvicultor" 3 162 39 NA NA 0.564102564102564
"Cephalophus silvicultor" 3 165 39 NA NA 0.564102564102564
"Cephalophus silvicultor" 3 168 39 NA NA 0.564102564102564
"Cephalophus silvicultor" 3 171 39 NA NA 0.564102564102564
"Cephalophus silvicultor" 3 174 38 NA NA 0.578947368421053
"Cephalophus silvicultor" 3 177 37 NA NA 0.567567567567568
"Cephalophus silvicultor" 3 180 37 NA NA 0.567567567567568
"Cephalophus silvicultor" 3 183 37 NA NA 0.567567567567568
"Cephalophus silvicultor" 3 186 35 NA NA 0.542857142857143
"Cephalophus silvicultor" 3 189 34 NA NA 0.529411764705882
"Cephalophus silvicultor" 3 192 33 NA NA 0.545454545454545
"Cephalophus silvicultor" 3 195 33 NA NA 0.545454545454545
"Cephalophus silvicultor" 3 198 33 NA NA 0.545454545454545
"Cephalophus silvicultor" 4 8 447 -4.14769480450945 3.35839678188778e-05 0.109619686800895
"Cephalophus silvicultor" 4 12 439 -4.75752953265713 1.95976592474036e-06 0.150341685649203
"Cephalophus silvicultor" 4 16 435 -5.29808381561494 1.17024250518993e-07 0.213793103448276
"Cephalophus silvicultor" 4 20 430 -4.99373636481139 5.92222268250214e-07 0.258139534883721
"Cephalophus silvicultor" 4 24 425 -5.16527831153898 2.40081425041842e-07 0.270588235294118
"Cephalophus silvicultor" 4 28 422 -5.45265764208385 4.96225480857671e-08 0.293838862559242
"Cephalophus silvicultor" 4 32 419 -5.67166252105569 1.41418352917016e-08 0.300715990453461
"Cephalophus silvicultor" 4 36 412 -5.92416118129843 3.13895468724573e-09 0.317961165048544
"Cephalophus silvicultor" 4 40 408 -6.39056262632003 1.65276496066496e-10 0.333333333333333
"Cephalophus silvicultor" 4 44 403 -6.99553251422812 2.64253288739367e-12 0.359801488833747
"Cephalophus silvicultor" 4 48 397 -6.93599110431866 4.03382984266517e-12 0.377833753148615
"Cephalophus silvicultor" 4 52 386 -6.97242524074336 3.11523214791643e-12 0.393782383419689
"Cephalophus silvicultor" 4 56 373 -7.00513263395912 2.46751965328813e-12 0.412868632707775
"Cephalophus silvicultor" 4 60 361 -7.20084723261971 5.98395622554486e-13 0.415512465373961
"Cephalophus silvicultor" 4 64 341 -6.87364219116501 6.25830672133353e-12 0.434017595307918
"Cephalophus silvicultor" 4 68 296 -5.21348898552364 1.85321538895051e-07 0.462837837837838
"Cephalophus silvicultor" 4 72 249 -5.76968389712513 7.94203669040576e-09 0.457831325301205
"Cephalophus silvicultor" 4 76 216 NA NA 0.430555555555556
"Cephalophus silvicultor" 4 80 180 NA NA 0.444444444444444
"Cephalophus silvicultor" 4 84 166 NA NA 0.451807228915663
"Cephalophus silvicultor" 4 88 158 NA NA 0.430379746835443
"Cephalophus silvicultor" 4 92 146 NA NA 0.397260273972603
"Cephalophus silvicultor" 4 96 105 NA NA 0.361904761904762
"Cephalophus silvicultor" 4 100 75 NA NA 0.386666666666667
"Cephalophus silvicultor" 4 104 75 NA NA 0.4
"Cephalophus silvicultor" 4 108 49 NA NA 0.428571428571429
"Cephalophus silvicultor" 4 112 45 NA NA 0.444444444444444
"Cephalophus silvicultor" 4 116 44 NA NA 0.454545454545455
"Cephalophus silvicultor" 4 120 43 NA NA 0.465116279069767
"Cephalophus silvicultor" 4 124 43 NA NA 0.511627906976744
"Cephalophus silvicultor" 4 128 42 NA NA 0.5
"Cephalophus silvicultor" 4 132 41 NA NA 0.48780487804878
"Cephalophus silvicultor" 4 136 41 NA NA 0.48780487804878
"Cephalophus silvicultor" 4 140 40 NA NA 0.5
"Cephalophus silvicultor" 4 144 40 NA NA 0.5
"Cephalophus silvicultor" 4 148 40 NA NA 0.525
"Cephalophus silvicultor" 4 152 40 NA NA 0.525
"Cephalophus silvicultor" 4 156 39 NA NA 0.538461538461538
"Cephalophus silvicultor" 4 160 39 NA NA 0.538461538461538
"Cephalophus silvicultor" 4 164 39 NA NA 0.564102564102564
"Cephalophus silvicultor" 4 168 39 NA NA 0.564102564102564
"Cephalophus silvicultor" 4 172 39 NA NA 0.564102564102564
"Cephalophus silvicultor" 4 176 37 NA NA 0.567567567567568
"Cephalophus silvicultor" 4 180 37 NA NA 0.567567567567568
"Cephalophus silvicultor" 4 184 36 NA NA 0.555555555555556
"Cephalophus silvicultor" 4 188 34 NA NA 0.529411764705882
"Cephalophus silvicultor" 4 192 33 NA NA 0.545454545454545
"Cephalophus silvicultor" 4 196 33 NA NA 0.545454545454545
"Cephalophus silvicultor" 4 200 33 NA NA 0.545454545454545
"Cephalophus silvicultor" 5 10 445 -4.63053272688107 3.64726127370131e-06 0.134831460674157
"Cephalophus silvicultor" 5 15 436 -5.34909844788683 8.83934514903479e-08 0.190366972477064
"Cephalophus silvicultor" 5 20 430 -5.1002200388647 3.39258846014357e-07 0.258139534883721
"Cephalophus silvicultor" 5 25 423 -5.43050113350223 5.61960224983496e-08 0.283687943262411
"Cephalophus silvicultor" 5 30 420 -5.63306522411997 1.77034464134138e-08 0.295238095238095
"Cephalophus silvicultor" 5 35 413 -5.87331414383402 4.27167890542793e-09 0.305084745762712
"Cephalophus silvicultor" 5 40 408 -6.55646785698559 5.50971885719291e-11 0.333333333333333
"Cephalophus silvicultor" 5 45 402 -7.21326313566746 5.46267067293317e-13 0.360696517412935
"Cephalophus silvicultor" 5 50 391 -7.22795793907334 4.903105186503e-13 0.383631713554987
"Cephalophus silvicultor" 5 55 376 -7.20880489045819 5.64450692359629e-13 0.409574468085106
"Cephalophus silvicultor" 5 60 361 -7.301076761197 2.85473813444981e-13 0.415512465373961
"Cephalophus silvicultor" 5 65 327 -6.63303810803792 3.28846864383148e-11 0.443425076452599
"Cephalophus silvicultor" 5 70 272 -6.02574441365596 1.68333018770865e-09 0.470588235294118
"Cephalophus silvicultor" 5 75 218 NA NA 0.426605504587156
"Cephalophus silvicultor" 5 80 180 NA NA 0.444444444444444
"Cephalophus silvicultor" 5 85 166 NA NA 0.457831325301205
"Cephalophus silvicultor" 5 90 151 NA NA 0.403973509933775
"Cephalophus silvicultor" 5 95 127 NA NA 0.37007874015748
"Cephalophus silvicultor" 5 100 75 NA NA 0.386666666666667
"Cephalophus silvicultor" 5 105 73 NA NA 0.397260273972603
"Cephalophus silvicultor" 5 110 47 NA NA 0.446808510638298
"Cephalophus silvicultor" 5 115 44 NA NA 0.454545454545455
"Cephalophus silvicultor" 5 120 43 NA NA 0.465116279069767
"Cephalophus silvicultor" 5 125 43 NA NA 0.511627906976744
"Cephalophus silvicultor" 5 130 41 NA NA 0.48780487804878
"Cephalophus silvicultor" 5 135 41 NA NA 0.48780487804878
"Cephalophus silvicultor" 5 140 40 NA NA 0.5
"Cephalophus silvicultor" 5 145 40 NA NA 0.5
"Cephalophus silvicultor" 5 150 40 NA NA 0.525
"Cephalophus silvicultor" 5 155 39 NA NA 0.538461538461538
"Cephalophus silvicultor" 5 160 39 NA NA 0.538461538461538
"Cephalophus silvicultor" 5 165 39 NA NA 0.564102564102564
"Cephalophus silvicultor" 5 170 39 NA NA 0.564102564102564
"Cephalophus silvicultor" 5 175 37 NA NA 0.567567567567568
"Cephalophus silvicultor" 5 180 37 NA NA 0.567567567567568
"Cephalophus silvicultor" 5 185 35 NA NA 0.542857142857143
"Cephalophus silvicultor" 5 190 34 NA NA 0.529411764705882
"Cephalophus silvicultor" 5 195 33 NA NA 0.545454545454545
"Cephalophus silvicultor" 5 200 33 NA NA 0.545454545454545
"Cephalophus silvicultor" 6 12 439 -4.76373296464228 1.90043968595754e-06 0.150341685649203
"Cephalophus silvicultor" 6 18 434 -5.68423591308131 1.31398792297784e-08 0.230414746543779
"Cephalophus silvicultor" 6 24 425 -5.40785345296433 6.37845802043339e-08 0.270588235294118
"Cephalophus silvicultor" 6 30 420 -5.86826919987344 4.40367853190017e-09 0.295238095238095
"Cephalophus silvicultor" 6 36 412 -6.2156488654257 5.11129888183622e-10 0.317961165048544
"Cephalophus silvicultor" 6 42 407 -6.9635301952879 3.31849992704093e-12 0.343980343980344
"Cephalophus silvicultor" 6 48 397 -7.21141820362167 5.537210648747e-13 0.377833753148615
"Cephalophus silvicultor" 6 54 381 -7.43989034465985 1.00768911620915e-13 0.406824146981627
"Cephalophus silvicultor" 6 60 361 -7.48954620343593 6.91121519623997e-14 0.415512465373961
"Cephalophus silvicultor" 6 66 320 -6.63655049875779 3.21108960076644e-11 0.44375
"Cephalophus silvicultor" 6 72 249 -5.73633836542732 9.67452895775677e-09 0.457831325301205
"Cephalophus silvicultor" 6 78 209 NA NA 0.449760765550239
"Cephalophus silvicultor" 6 84 166 NA NA 0.451807228915663
"Cephalophus silvicultor" 6 90 151 NA NA 0.403973509933775
"Cephalophus silvicultor" 6 96 105 NA NA 0.361904761904762
"Cephalophus silvicultor" 6 102 75 NA NA 0.4
"Cephalophus silvicultor" 6 108 49 NA NA 0.428571428571429
"Cephalophus silvicultor" 6 114 45 NA NA 0.444444444444444
"Cephalophus silvicultor" 6 120 43 NA NA 0.465116279069767
"Cephalophus silvicultor" 6 126 43 NA NA 0.511627906976744
"Cephalophus silvicultor" 6 132 41 NA NA 0.48780487804878
"Cephalophus silvicultor" 6 138 41 NA NA 0.48780487804878
"Cephalophus silvicultor" 6 144 40 NA NA 0.5
"Cephalophus silvicultor" 6 150 40 NA NA 0.525
"Cephalophus silvicultor" 6 156 39 NA NA 0.538461538461538
"Cephalophus silvicultor" 6 162 39 NA NA 0.564102564102564
"Cephalophus silvicultor" 6 168 39 NA NA 0.564102564102564
"Cephalophus silvicultor" 6 174 38 NA NA 0.578947368421053
"Cephalophus silvicultor" 6 180 37 NA NA 0.567567567567568
"Cephalophus silvicultor" 6 186 35 NA NA 0.542857142857143
"Cephalophus silvicultor" 6 192 33 NA NA 0.545454545454545
"Cephalophus silvicultor" 6 198 33 NA NA 0.545454545454545
"Cephalophus silvicultor" 7 14 436 -5.26535211992529 1.39920910964565e-07 0.181192660550459
"Cephalophus silvicultor" 7 21 429 -5.37655734675625 7.59235244889267e-08 0.261072261072261
"Cephalophus silvicultor" 7 28 422 -5.69584980250956 1.22758913842368e-08 0.293838862559242
"Cephalophus silvicultor" 7 35 413 -5.93913974286065 2.86521561222202e-09 0.305084745762712
"Cephalophus silvicultor" 7 42 407 -6.88908330414415 5.61530512657971e-12 0.343980343980344
"Cephalophus silvicultor" 7 49 395 -7.14081179124607 9.27813189602298e-13 0.382278481012658
"Cephalophus silvicultor" 7 56 373 -7.19307077464529 6.33500822399494e-13 0.412868632707775
"Cephalophus silvicultor" 7 63 349 -7.10946517182327 1.16493492487881e-12 0.426934097421203
"Cephalophus silvicultor" 7 70 272 -6.06063877330856 1.35582015511438e-09 0.470588235294118
"Cephalophus silvicultor" 7 77 211 NA NA 0.436018957345972
"Cephalophus silvicultor" 7 84 166 NA NA 0.451807228915663
"Cephalophus silvicultor" 7 91 150 NA NA 0.4
"Cephalophus silvicultor" 7 98 75 NA NA 0.373333333333333
"Cephalophus silvicultor" 7 105 73 NA NA 0.397260273972603
"Cephalophus silvicultor" 7 112 45 NA NA 0.444444444444444
"Cephalophus silvicultor" 7 119 43 NA NA 0.465116279069767
"Cephalophus silvicultor" 7 126 43 NA NA 0.511627906976744
"Cephalophus silvicultor" 7 133 41 NA NA 0.48780487804878
"Cephalophus silvicultor" 7 140 40 NA NA 0.5
"Cephalophus silvicultor" 7 147 40 NA NA 0.525
"Cephalophus silvicultor" 7 154 39 NA NA 0.538461538461538
"Cephalophus silvicultor" 7 161 39 NA NA 0.564102564102564
"Cephalophus silvicultor" 7 168 39 NA NA 0.564102564102564
"Cephalophus silvicultor" 7 175 37 NA NA 0.567567567567568
"Cephalophus silvicultor" 7 182 37 NA NA 0.567567567567568
"Cephalophus silvicultor" 7 189 34 NA NA 0.529411764705882
"Cephalophus silvicultor" 7 196 33 NA NA 0.545454545454545
"Cephalophus silvicultor" 8 16 435 -5.58228627272636 2.37377229176093e-08 0.213793103448276
"Cephalophus silvicultor" 8 24 425 -5.6629610572302 1.48782934806627e-08 0.270588235294118
"Cephalophus silvicultor" 8 32 419 -6.10445474699061 1.03152210539962e-09 0.300715990453461
"Cephalophus silvicultor" 8 40 408 -6.83763642340827 8.05104077354585e-12 0.333333333333333
"Cephalophus silvicultor" 8 48 397 -7.30260674855902 2.82245215937693e-13 0.377833753148615
"Cephalophus silvicultor" 8 56 373 -7.40955003573434 1.2672865647548e-13 0.412868632707775
"Cephalophus silvicultor" 8 64 341 -7.20026504170727 6.00956293423516e-13 0.434017595307918
"Cephalophus silvicultor" 8 72 249 -5.76482419200213 8.17430062743091e-09 0.457831325301205
"Cephalophus silvicultor" 8 80 180 NA NA 0.444444444444444
"Cephalophus silvicultor" 8 88 158 NA NA 0.430379746835443
"Cephalophus silvicultor" 8 96 105 NA NA 0.361904761904762
"Cephalophus silvicultor" 8 104 75 NA NA 0.4
"Cephalophus silvicultor" 8 112 45 NA NA 0.444444444444444
"Cephalophus silvicultor" 8 120 43 NA NA 0.465116279069767
"Cephalophus silvicultor" 8 128 42 NA NA 0.5
"Cephalophus silvicultor" 8 136 41 NA NA 0.48780487804878
"Cephalophus silvicultor" 8 144 40 NA NA 0.5
"Cephalophus silvicultor" 8 152 40 NA NA 0.525
"Cephalophus silvicultor" 8 160 39 NA NA 0.538461538461538
"Cephalophus silvicultor" 8 168 39 NA NA 0.564102564102564
"Cephalophus silvicultor" 8 176 37 NA NA 0.567567567567568
"Cephalophus silvicultor" 8 184 36 NA NA 0.555555555555556
"Cephalophus silvicultor" 8 192 33 NA NA 0.545454545454545
"Cephalophus silvicultor" 8 200 33 NA NA 0.545454545454545
"Cephalophus silvicultor" 9 18 434 -6.00254172892371 1.94252315120753e-09 0.230414746543779
"Cephalophus silvicultor" 9 27 422 -5.87987062329226 4.10587275824563e-09 0.291469194312796
"Cephalophus silvicultor" 9 36 412 -6.26691524310523 3.68270467435926e-10 0.317961165048544
"Cephalophus silvicultor" 9 45 402 -7.40026344897692 1.35914580715826e-13 0.360696517412935
"Cephalophus silvicultor" 9 54 381 -7.48869496069965 6.95618000298844e-14 0.406824146981627
"Cephalophus silvicultor" 9 63 349 -7.27858969824906 3.37327913041877e-13 0.426934097421203
"Cephalophus silvicultor" 9 72 249 -5.85783856211307 4.68930153959148e-09 0.457831325301205
"Cephalophus silvicultor" 9 81 176 NA NA 0.454545454545455
"Cephalophus silvicultor" 9 90 151 NA NA 0.403973509933775
"Cephalophus silvicultor" 9 99 75 NA NA 0.373333333333333
"Cephalophus silvicultor" 9 108 49 NA NA 0.428571428571429
"Cephalophus silvicultor" 9 117 43 NA NA 0.465116279069767
"Cephalophus silvicultor" 9 126 43 NA NA 0.511627906976744
"Cephalophus silvicultor" 9 135 41 NA NA 0.48780487804878
"Cephalophus silvicultor" 9 144 40 NA NA 0.5
"Cephalophus silvicultor" 9 153 40 NA NA 0.525
"Cephalophus silvicultor" 9 162 39 NA NA 0.564102564102564
"Cephalophus silvicultor" 9 171 39 NA NA 0.564102564102564
"Cephalophus silvicultor" 9 180 37 NA NA 0.567567567567568
"Cephalophus silvicultor" 9 189 34 NA NA 0.529411764705882
"Cephalophus silvicultor" 9 198 33 NA NA 0.545454545454545
"Cephalophus silvicultor" 10 20 430 -5.29298480339349 1.20335923614486e-07 0.258139534883721
"Cephalophus silvicultor" 10 30 420 -5.94321723867593 2.7948165217658e-09 0.295238095238095
"Cephalophus silvicultor" 10 40 408 -6.82119462605163 9.02865222639862e-12 0.333333333333333
"Cephalophus silvicultor" 10 50 391 -7.44930156252084 9.38356628071861e-14 0.383631713554987
"Cephalophus silvicultor" 10 60 361 -7.41609241912318 1.20626341307691e-13 0.415512465373961
"Cephalophus silvicultor" 10 70 272 -5.95507258520597 2.59956428552308e-09 0.470588235294118
"Cephalophus silvicultor" 10 80 180 NA NA 0.444444444444444
"Cephalophus silvicultor" 10 90 151 NA NA 0.403973509933775
"Cephalophus silvicultor" 10 100 75 NA NA 0.386666666666667
"Cephalophus silvicultor" 10 110 47 NA NA 0.446808510638298
"Cephalophus silvicultor" 10 120 43 NA NA 0.465116279069767
"Cephalophus silvicultor" 10 130 41 NA NA 0.48780487804878
"Cephalophus silvicultor" 10 140 40 NA NA 0.5
"Cephalophus silvicultor" 10 150 40 NA NA 0.525
"Cephalophus silvicultor" 10 160 39 NA NA 0.538461538461538
"Cephalophus silvicultor" 10 170 39 NA NA 0.564102564102564
"Cephalophus silvicultor" 10 180 37 NA NA 0.567567567567568
"Cephalophus silvicultor" 10 190 34 NA NA 0.529411764705882
"Cephalophus silvicultor" 10 200 33 NA NA 0.545454545454545
"Cephalophus silvicultor" 11 22 427 -5.47830573775151 4.29417685521592e-08 0.26463700234192
"Cephalophus silvicultor" 11 33 415 -6.05410224038988 1.41202911571482e-09 0.303614457831325
"Cephalophus silvicultor" 11 44 403 -7.41737413351659 1.19465127590901e-13 0.359801488833747
"Cephalophus silvicultor" 11 55 376 -7.55047906760085 4.33660097358974e-14 0.409574468085106
"Cephalophus silvicultor" 11 66 320 -6.93065626488683 4.18892761562707e-12 0.44375
"Cephalophus silvicultor" 11 77 211 NA NA 0.436018957345972
"Cephalophus silvicultor" 11 88 158 NA NA 0.430379746835443
"Cephalophus silvicultor" 11 99 75 NA NA 0.373333333333333
"Cephalophus silvicultor" 11 110 47 NA NA 0.446808510638298
"Cephalophus silvicultor" 11 121 43 NA NA 0.488372093023256
"Cephalophus silvicultor" 11 132 41 NA NA 0.48780487804878
"Cephalophus silvicultor" 11 143 40 NA NA 0.5
"Cephalophus silvicultor" 11 154 39 NA NA 0.538461538461538
"Cephalophus silvicultor" 11 165 39 NA NA 0.564102564102564
"Cephalophus silvicultor" 11 176 37 NA NA 0.567567567567568
"Cephalophus silvicultor" 11 187 34 NA NA 0.529411764705882
"Cephalophus silvicultor" 11 198 33 NA NA 0.545454545454545
"Cephalophus silvicultor" 12 24 425 -5.56184122134922 2.66943116249059e-08 0.270588235294118
"Cephalophus silvicultor" 12 36 412 -6.24244271948643 4.30789559511018e-10 0.317961165048544
"Cephalophus silvicultor" 12 48 397 -7.24301162186046 4.3882928991785e-13 0.377833753148615
"Cephalophus silvicultor" 12 60 361 -7.44292033005165 9.84834873945094e-14 0.415512465373961
"Cephalophus silvicultor" 12 72 249 -5.6446048945098 1.65561016657284e-08 0.457831325301205
"Cephalophus silvicultor" 12 84 166 NA NA 0.451807228915663
"Cephalophus silvicultor" 12 96 105 NA NA 0.361904761904762
"Cephalophus silvicultor" 12 108 49 NA NA 0.428571428571429
"Cephalophus silvicultor" 12 120 43 NA NA 0.465116279069767
"Cephalophus silvicultor" 12 132 41 NA NA 0.48780487804878
"Cephalophus silvicultor" 12 144 40 NA NA 0.5
"Cephalophus silvicultor" 12 156 39 NA NA 0.538461538461538
"Cephalophus silvicultor" 12 168 39 NA NA 0.564102564102564
"Cephalophus silvicultor" 12 180 37 NA NA 0.567567567567568
"Cephalophus silvicultor" 12 192 33 NA NA 0.545454545454545
"Cephalophus silvicultor" 13 26 422 -5.65862904604995 1.52586961548262e-08 0.291469194312796
"Cephalophus silvicultor" 13 39 409 -6.55344629291748 5.62241600450874e-11 0.327628361858191
"Cephalophus silvicultor" 13 52 386 -7.23893336610682 4.52227129407606e-13 0.393782383419689
"Cephalophus silvicultor" 13 65 327 -6.83854104430807 8.00037435985537e-12 0.443425076452599
"Cephalophus silvicultor" 13 78 209 NA NA 0.449760765550239
"Cephalophus silvicultor" 13 91 150 NA NA 0.4
"Cephalophus silvicultor" 13 104 75 NA NA 0.4
"Cephalophus silvicultor" 13 117 43 NA NA 0.465116279069767
"Cephalophus silvicultor" 13 130 41 NA NA 0.48780487804878
"Cephalophus silvicultor" 13 143 40 NA NA 0.5
"Cephalophus silvicultor" 13 156 39 NA NA 0.538461538461538
"Cephalophus silvicultor" 13 169 39 NA NA 0.564102564102564
"Cephalophus silvicultor" 13 182 37 NA NA 0.567567567567568
"Cephalophus silvicultor" 13 195 33 NA NA 0.545454545454545
"Cephalophus silvicultor" 14 28 422 -5.82756814837106 5.62408863262221e-09 0.293838862559242
"Cephalophus silvicultor" 14 42 407 -7.02905766395841 2.07933038672907e-12 0.343980343980344
"Cephalophus silvicultor" 14 56 373 -7.51782880489669 5.56933608124247e-14 0.412868632707775
"Cephalophus silvicultor" 14 70 272 -6.1745847488597 6.6337590352349e-10 0.470588235294118
"Cephalophus silvicultor" 14 84 166 NA NA 0.451807228915663
"Cephalophus silvicultor" 14 98 75 NA NA 0.373333333333333
"Cephalophus silvicultor" 14 112 45 NA NA 0.444444444444444
"Cephalophus silvicultor" 14 126 43 NA NA 0.511627906976744
"Cephalophus silvicultor" 14 140 40 NA NA 0.5
"Cephalophus silvicultor" 14 154 39 NA NA 0.538461538461538
"Cephalophus silvicultor" 14 168 39 NA NA 0.564102564102564
"Cephalophus silvicultor" 14 182 37 NA NA 0.567567567567568
"Cephalophus silvicultor" 14 196 33 NA NA 0.545454545454545
"Cephalophus silvicultor" 15 30 420 -6.04108500111214 1.53081301937374e-09 0.295238095238095
"Cephalophus silvicultor" 15 45 402 -7.55691851593747 4.12730341615218e-14 0.360696517412935
"Cephalophus silvicultor" 15 60 361 -7.66448511364294 1.79550030239839e-14 0.415512465373961
"Cephalophus silvicultor" 15 75 218 NA NA 0.426605504587156
"Cephalophus silvicultor" 15 90 151 NA NA 0.403973509933775
"Cephalophus silvicultor" 15 105 73 NA NA 0.397260273972603
"Cephalophus silvicultor" 15 120 43 NA NA 0.465116279069767
"Cephalophus silvicultor" 15 135 41 NA NA 0.48780487804878
"Cephalophus silvicultor" 15 150 40 NA NA 0.525
"Cephalophus silvicultor" 15 165 39 NA NA 0.564102564102564
"Cephalophus silvicultor" 15 180 37 NA NA 0.567567567567568
"Cephalophus silvicultor" 15 195 33 NA NA 0.545454545454545
"Cephalophus silvicultor" 16 32 419 -6.06686942816043 1.30427506893422e-09 0.300715990453461
"Cephalophus silvicultor" 16 48 397 -7.39694577354159 1.39352421791318e-13 0.377833753148615
"Cephalophus silvicultor" 16 64 341 -7.20919652539818 5.62829828365264e-13 0.434017595307918
"Cephalophus silvicultor" 16 80 180 NA NA 0.444444444444444
"Cephalophus silvicultor" 16 96 105 NA NA 0.361904761904762
"Cephalophus silvicultor" 16 112 45 NA NA 0.444444444444444
"Cephalophus silvicultor" 16 128 42 NA NA 0.5
"Cephalophus silvicultor" 16 144 40 NA NA 0.5
"Cephalophus silvicultor" 16 160 39 NA NA 0.538461538461538
"Cephalophus silvicultor" 16 176 37 NA NA 0.567567567567568
"Cephalophus silvicultor" 16 192 33 NA NA 0.545454545454545
"Cephalophus silvicultor" 17 34 415 -6.07681877862907 1.2259016929442e-09 0.303614457831325
"Cephalophus silvicultor" 17 51 388 -7.59352545464663 3.1131699854005e-14 0.38659793814433
"Cephalophus silvicultor" 17 68 296 -6.0044261779897 1.92009750138701e-09 0.462837837837838
"Cephalophus silvicultor" 17 85 166 NA NA 0.457831325301205
"Cephalophus silvicultor" 17 102 75 NA NA 0.4
"Cephalophus silvicultor" 17 119 43 NA NA 0.465116279069767
"Cephalophus silvicultor" 17 136 41 NA NA 0.48780487804878
"Cephalophus silvicultor" 17 153 40 NA NA 0.525
"Cephalophus silvicultor" 17 170 39 NA NA 0.564102564102564
"Cephalophus silvicultor" 17 187 34 NA NA 0.529411764705882
"Cephalophus silvicultor" 18 36 412 -6.364258881699 1.96234921865356e-10 0.317961165048544
"Cephalophus silvicultor" 18 54 381 -7.74426449044544 9.61367062237626e-15 0.406824146981627
"Cephalophus silvicultor" 18 72 249 -5.85687313984285 4.71663132936384e-09 0.457831325301205
"Cephalophus silvicultor" 18 90 151 NA NA 0.403973509933775
"Cephalophus silvicultor" 18 108 49 NA NA 0.428571428571429
"Cephalophus silvicultor" 18 126 43 NA NA 0.511627906976744
"Cephalophus silvicultor" 18 144 40 NA NA 0.5
"Cephalophus silvicultor" 18 162 39 NA NA 0.564102564102564
"Cephalophus silvicultor" 18 180 37 NA NA 0.567567567567568
"Cephalophus silvicultor" 18 198 33 NA NA 0.545454545454545
"Cephalophus silvicultor" 19 38 410 -6.33133371619346 2.43051015109322e-10 0.321951219512195
"Cephalophus silvicultor" 19 57 370 -7.48107388772537 7.37177152186093e-14 0.410810810810811
"Cephalophus silvicultor" 19 76 216 NA NA 0.430555555555556
"Cephalophus silvicultor" 19 95 127 NA NA 0.37007874015748
"Cephalophus silvicultor" 19 114 45 NA NA 0.444444444444444
"Cephalophus silvicultor" 19 133 41 NA NA 0.48780487804878
"Cephalophus silvicultor" 19 152 40 NA NA 0.525
"Cephalophus silvicultor" 19 171 39 NA NA 0.564102564102564
"Cephalophus silvicultor" 19 190 34 NA NA 0.529411764705882
"Cephalophus silvicultor" 20 40 408 -6.65223113007405 2.88682874265489e-11 0.333333333333333
"Cephalophus silvicultor" 20 60 361 -7.55691956513106 4.12727013773274e-14 0.415512465373961
"Cephalophus silvicultor" 20 80 180 NA NA 0.444444444444444
"Cephalophus silvicultor" 20 100 75 NA NA 0.386666666666667
"Cephalophus silvicultor" 20 120 43 NA NA 0.465116279069767
"Cephalophus silvicultor" 20 140 40 NA NA 0.5
"Cephalophus silvicultor" 20 160 39 NA NA 0.538461538461538
"Cephalophus silvicultor" 20 180 37 NA NA 0.567567567567568
"Cephalophus silvicultor" 20 200 33 NA NA 0.545454545454545
"Cephalophus silvicultor" 21 42 407 -6.89945417354471 5.22027247849277e-12 0.343980343980344
"Cephalophus silvicultor" 21 63 349 -7.30588645417094 2.75444705418331e-13 0.426934097421203
"Cephalophus silvicultor" 21 84 166 NA NA 0.451807228915663
"Cephalophus silvicultor" 21 105 73 NA NA 0.397260273972603
"Cephalophus silvicultor" 21 126 43 NA NA 0.511627906976744
"Cephalophus silvicultor" 21 147 40 NA NA 0.525
"Cephalophus silvicultor" 21 168 39 NA NA 0.564102564102564
"Cephalophus silvicultor" 21 189 34 NA NA 0.529411764705882
"Cephalophus silvicultor" 22 44 403 -7.25942336215317 3.88743969979509e-13 0.359801488833747
"Cephalophus silvicultor" 22 66 320 -6.87688505571236 6.11754308439003e-12 0.44375
"Cephalophus silvicultor" 22 88 158 NA NA 0.430379746835443
"Cephalophus silvicultor" 22 110 47 NA NA 0.446808510638298
"Cephalophus silvicultor" 22 132 41 NA NA 0.48780487804878
"Cephalophus silvicultor" 22 154 39 NA NA 0.538461538461538
"Cephalophus silvicultor" 22 176 37 NA NA 0.567567567567568
"Cephalophus silvicultor" 22 198 33 NA NA 0.545454545454545
"Cephalophus silvicultor" 23 46 401 -7.25504118540176 4.01539636271783e-13 0.366583541147132
"Cephalophus silvicultor" 23 69 283 -5.6643996823233 1.47540146892494e-08 0.469964664310954
"Cephalophus silvicultor" 23 92 146 NA NA 0.397260273972603
"Cephalophus silvicultor" 23 115 44 NA NA 0.454545454545455
"Cephalophus silvicultor" 23 138 41 NA NA 0.48780487804878
"Cephalophus silvicultor" 23 161 39 NA NA 0.564102564102564
"Cephalophus silvicultor" 23 184 36 NA NA 0.555555555555556
"Cephalophus silvicultor" 24 48 397 -7.05763837025102 1.69356097160776e-12 0.377833753148615
"Cephalophus silvicultor" 24 72 249 -5.37484136757258 7.66501345657129e-08 0.457831325301205
"Cephalophus silvicultor" 24 96 105 NA NA 0.361904761904762
"Cephalophus silvicultor" 24 120 43 NA NA 0.465116279069767
"Cephalophus silvicultor" 24 144 40 NA NA 0.5
"Cephalophus silvicultor" 24 168 39 NA NA 0.564102564102564
"Cephalophus silvicultor" 24 192 33 NA NA 0.545454545454545
"Cephalophus silvicultor" 25 50 391 -7.21951631882253 5.21728077577342e-13 0.383631713554987
"Cephalophus silvicultor" 25 75 218 NA NA 0.426605504587156
"Cephalophus silvicultor" 25 100 75 NA NA 0.386666666666667
"Cephalophus silvicultor" 25 125 43 NA NA 0.511627906976744
"Cephalophus silvicultor" 25 150 40 NA NA 0.525
"Cephalophus silvicultor" 25 175 37 NA NA 0.567567567567568
"Cephalophus silvicultor" 25 200 33 NA NA 0.545454545454545
"Cephalophus silvicultor" 26 52 386 -7.14131462542366 9.24424837874291e-13 0.393782383419689
"Cephalophus silvicultor" 26 78 209 NA NA 0.449760765550239
"Cephalophus silvicultor" 26 104 75 NA NA 0.4
"Cephalophus silvicultor" 26 130 41 NA NA 0.48780487804878
"Cephalophus silvicultor" 26 156 39 NA NA 0.538461538461538
"Cephalophus silvicultor" 26 182 37 NA NA 0.567567567567568
"Cephalophus silvicultor" 27 54 381 -7.34000137256254 2.13591664074622e-13 0.406824146981627
"Cephalophus silvicultor" 27 81 176 NA NA 0.454545454545455
"Cephalophus silvicultor" 27 108 49 NA NA 0.428571428571429
"Cephalophus silvicultor" 27 135 41 NA NA 0.48780487804878
"Cephalophus silvicultor" 27 162 39 NA NA 0.564102564102564
"Cephalophus silvicultor" 27 189 34 NA NA 0.529411764705882
"Cephalophus silvicultor" 28 56 373 -7.3199228964992 2.48113472620132e-13 0.412868632707775
"Cephalophus silvicultor" 28 84 166 NA NA 0.451807228915663
"Cephalophus silvicultor" 28 112 45 NA NA 0.444444444444444
"Cephalophus silvicultor" 28 140 40 NA NA 0.5
"Cephalophus silvicultor" 28 168 39 NA NA 0.564102564102564
"Cephalophus silvicultor" 28 196 33 NA NA 0.545454545454545
"Cephalophus silvicultor" 29 58 366 -7.57395018630991 3.62043285957653e-14 0.418032786885246
"Cephalophus silvicultor" 29 87 163 NA NA 0.447852760736196
"Cephalophus silvicultor" 29 116 44 NA NA 0.454545454545455
"Cephalophus silvicultor" 29 145 40 NA NA 0.5
"Cephalophus silvicultor" 29 174 38 NA NA 0.578947368421053
"Cephalophus silvicultor" 30 60 361 -7.61585241276341 2.61956873724706e-14 0.415512465373961
"Cephalophus silvicultor" 30 90 151 NA NA 0.403973509933775
"Cephalophus silvicultor" 30 120 43 NA NA 0.465116279069767
"Cephalophus silvicultor" 30 150 40 NA NA 0.525
"Cephalophus silvicultor" 30 180 37 NA NA 0.567567567567568
"Cephalophus silvicultor" 31 62 351 -7.47979382580971 7.44393014587231e-14 0.421652421652422
"Cephalophus silvicultor" 31 93 142 NA NA 0.380281690140845
"Cephalophus silvicultor" 31 124 43 NA NA 0.511627906976744
"Cephalophus silvicultor" 31 155 39 NA NA 0.538461538461538
"Cephalophus silvicultor" 31 186 35 NA NA 0.542857142857143
"Cephalophus silvicultor" 32 64 341 -7.27713699634034 3.40978953155653e-13 0.434017595307918
"Cephalophus silvicultor" 32 96 105 NA NA 0.361904761904762
"Cephalophus silvicultor" 32 128 42 NA NA 0.5
"Cephalophus silvicultor" 32 160 39 NA NA 0.538461538461538
"Cephalophus silvicultor" 32 192 33 NA NA 0.545454545454545
"Cephalophus silvicultor" 33 66 320 -6.96842400133507 3.205110397642e-12 0.44375
"Cephalophus silvicultor" 33 99 75 NA NA 0.373333333333333
"Cephalophus silvicultor" 33 132 41 NA NA 0.48780487804878
"Cephalophus silvicultor" 33 165 39 NA NA 0.564102564102564
"Cephalophus silvicultor" 33 198 33 NA NA 0.545454545454545
"Cephalophus silvicultor" 34 68 296 -6.01544130900951 1.79397292772349e-09 0.462837837837838
"Cephalophus silvicultor" 34 102 75 NA NA 0.4
"Cephalophus silvicultor" 34 136 41 NA NA 0.48780487804878
"Cephalophus silvicultor" 34 170 39 NA NA 0.564102564102564
"Cephalophus silvicultor" 35 70 272 -5.74142622318357 9.38824596587356e-09 0.470588235294118
"Cephalophus silvicultor" 35 105 73 NA NA 0.397260273972603
"Cephalophus silvicultor" 35 140 40 NA NA 0.5
"Cephalophus silvicultor" 35 175 37 NA NA 0.567567567567568
"Cephalophus silvicultor" 36 72 249 -5.43478194165628 5.48634840222099e-08 0.457831325301205
"Cephalophus silvicultor" 36 108 49 NA NA 0.428571428571429
"Cephalophus silvicultor" 36 144 40 NA NA 0.5
"Cephalophus silvicultor" 36 180 37 NA NA 0.567567567567568
"Cephalophus silvicultor" 37 74 225 NA NA 0.431111111111111
"Cephalophus silvicultor" 37 111 45 NA NA 0.444444444444444
"Cephalophus silvicultor" 37 148 40 NA NA 0.525
"Cephalophus silvicultor" 37 185 35 NA NA 0.542857142857143
"Cephalophus silvicultor" 38 76 216 NA NA 0.430555555555556
"Cephalophus silvicultor" 38 114 45 NA NA 0.444444444444444
"Cephalophus silvicultor" 38 152 40 NA NA 0.525
"Cephalophus silvicultor" 38 190 34 NA NA 0.529411764705882
"Cephalophus silvicultor" 39 78 209 NA NA 0.449760765550239
"Cephalophus silvicultor" 39 117 43 NA NA 0.465116279069767
"Cephalophus silvicultor" 39 156 39 NA NA 0.538461538461538
"Cephalophus silvicultor" 39 195 33 NA NA 0.545454545454545
"Cephalophus silvicultor" 40 80 180 NA NA 0.444444444444444
"Cephalophus silvicultor" 40 120 43 NA NA 0.465116279069767
"Cephalophus silvicultor" 40 160 39 NA NA 0.538461538461538
"Cephalophus silvicultor" 40 200 33 NA NA 0.545454545454545
"Cephalophus silvicultor" 41 82 170 NA NA 0.447058823529412
"Cephalophus silvicultor" 41 123 43 NA NA 0.488372093023256
"Cephalophus silvicultor" 41 164 39 NA NA 0.564102564102564
"Cephalophus silvicultor" 42 84 166 NA NA 0.451807228915663
"Cephalophus silvicultor" 42 126 43 NA NA 0.511627906976744
"Cephalophus silvicultor" 42 168 39 NA NA 0.564102564102564
"Cephalophus silvicultor" 43 86 165 NA NA 0.454545454545455
"Cephalophus silvicultor" 43 129 42 NA NA 0.5
"Cephalophus silvicultor" 43 172 39 NA NA 0.564102564102564
"Cephalophus silvicultor" 44 88 158 NA NA 0.430379746835443
"Cephalophus silvicultor" 44 132 41 NA NA 0.48780487804878
"Cephalophus silvicultor" 44 176 37 NA NA 0.567567567567568
"Cephalophus silvicultor" 45 90 151 NA NA 0.403973509933775
"Cephalophus silvicultor" 45 135 41 NA NA 0.48780487804878
"Cephalophus silvicultor" 45 180 37 NA NA 0.567567567567568
"Cephalophus silvicultor" 46 92 146 NA NA 0.397260273972603
"Cephalophus silvicultor" 46 138 41 NA NA 0.48780487804878
"Cephalophus silvicultor" 46 184 36 NA NA 0.555555555555556
"Cephalophus silvicultor" 47 94 142 NA NA 0.380281690140845
"Cephalophus silvicultor" 47 141 40 NA NA 0.5
"Cephalophus silvicultor" 47 188 34 NA NA 0.529411764705882
"Cephalophus silvicultor" 48 96 105 NA NA 0.361904761904762
"Cephalophus silvicultor" 48 144 40 NA NA 0.5
"Cephalophus silvicultor" 48 192 33 NA NA 0.545454545454545
"Cephalophus silvicultor" 49 98 75 NA NA 0.373333333333333
"Cephalophus silvicultor" 49 147 40 NA NA 0.525
"Cephalophus silvicultor" 49 196 33 NA NA 0.545454545454545
"Cephalophus silvicultor" 50 100 75 NA NA 0.386666666666667
"Cephalophus silvicultor" 50 150 40 NA NA 0.525
"Cephalophus silvicultor" 50 200 33 NA NA 0.545454545454545
"Cephalophus silvicultor" 51 102 75 NA NA 0.4
"Cephalophus silvicultor" 51 153 40 NA NA 0.525
"Cephalophus silvicultor" 52 104 75 NA NA 0.4
"Cephalophus silvicultor" 52 156 39 NA NA 0.538461538461538
"Cephalophus silvicultor" 53 106 61 NA NA 0.409836065573771
"Cephalophus silvicultor" 53 159 39 NA NA 0.538461538461538
"Cephalophus silvicultor" 54 108 49 NA NA 0.428571428571429
"Cephalophus silvicultor" 54 162 39 NA NA 0.564102564102564
"Cephalophus silvicultor" 55 110 47 NA NA 0.446808510638298
"Cephalophus silvicultor" 55 165 39 NA NA 0.564102564102564
"Cephalophus silvicultor" 56 112 45 NA NA 0.444444444444444
"Cephalophus silvicultor" 56 168 39 NA NA 0.564102564102564
"Cephalophus silvicultor" 57 114 45 NA NA 0.444444444444444
"Cephalophus silvicultor" 57 171 39 NA NA 0.564102564102564
"Cephalophus silvicultor" 58 116 44 NA NA 0.454545454545455
"Cephalophus silvicultor" 58 174 38 NA NA 0.578947368421053
"Cephalophus silvicultor" 59 118 43 NA NA 0.465116279069767
"Cephalophus silvicultor" 59 177 37 NA NA 0.567567567567568
"Cephalophus silvicultor" 60 120 43 NA NA 0.465116279069767
"Cephalophus silvicultor" 60 180 37 NA NA 0.567567567567568
"Cephalophus silvicultor" 61 122 43 NA NA 0.488372093023256
"Cephalophus silvicultor" 61 183 37 NA NA 0.567567567567568
"Cephalophus silvicultor" 62 124 43 NA NA 0.511627906976744
"Cephalophus silvicultor" 62 186 35 NA NA 0.542857142857143
"Cephalophus silvicultor" 63 126 43 NA NA 0.511627906976744
"Cephalophus silvicultor" 63 189 34 NA NA 0.529411764705882
"Cephalophus silvicultor" 64 128 42 NA NA 0.5
"Cephalophus silvicultor" 64 192 33 NA NA 0.545454545454545
"Cephalophus silvicultor" 65 130 41 NA NA 0.48780487804878
"Cephalophus silvicultor" 65 195 33 NA NA 0.545454545454545
"Cephalophus silvicultor" 66 132 41 NA NA 0.48780487804878
"Cephalophus silvicultor" 66 198 33 NA NA 0.545454545454545
"Cephalophus silvicultor" 67 134 41 NA NA 0.48780487804878
"Cephalophus silvicultor" 68 136 41 NA NA 0.48780487804878
"Cephalophus silvicultor" 69 138 41 NA NA 0.48780487804878
"Cephalophus silvicultor" 70 140 40 NA NA 0.5
"Cephalophus silvicultor" 71 142 40 NA NA 0.5
"Cephalophus silvicultor" 72 144 40 NA NA 0.5
"Cephalophus silvicultor" 73 146 40 NA NA 0.5
"Cephalophus silvicultor" 74 148 40 NA NA 0.525
"Cephalophus silvicultor" 75 150 40 NA NA 0.525
"Cephalophus silvicultor" 76 152 40 NA NA 0.525
"Cephalophus silvicultor" 77 154 39 NA NA 0.538461538461538
"Cephalophus silvicultor" 78 156 39 NA NA 0.538461538461538
"Cephalophus silvicultor" 79 158 39 NA NA 0.538461538461538
"Cephalophus silvicultor" 80 160 39 NA NA 0.538461538461538
"Cephalophus silvicultor" 81 162 39 NA NA 0.564102564102564
"Cephalophus silvicultor" 82 164 39 NA NA 0.564102564102564
"Cephalophus silvicultor" 83 166 39 NA NA 0.564102564102564
"Cephalophus silvicultor" 84 168 39 NA NA 0.564102564102564
"Cephalophus silvicultor" 85 170 39 NA NA 0.564102564102564
"Cephalophus silvicultor" 86 172 39 NA NA 0.564102564102564
"Cephalophus silvicultor" 87 174 38 NA NA 0.578947368421053
"Cephalophus silvicultor" 88 176 37 NA NA 0.567567567567568
"Cephalophus silvicultor" 89 178 37 NA NA 0.567567567567568
"Cephalophus silvicultor" 90 180 37 NA NA 0.567567567567568
"Cephalophus silvicultor" 91 182 37 NA NA 0.567567567567568
"Cephalophus silvicultor" 92 184 36 NA NA 0.555555555555556
"Cephalophus silvicultor" 93 186 35 NA NA 0.542857142857143
"Cephalophus silvicultor" 94 188 34 NA NA 0.529411764705882
"Cephalophus silvicultor" 95 190 34 NA NA 0.529411764705882
"Cephalophus silvicultor" 96 192 33 NA NA 0.545454545454545
"Cephalophus silvicultor" 97 194 33 NA NA 0.545454545454545
"Cephalophus silvicultor" 98 196 33 NA NA 0.545454545454545
"Cephalophus silvicultor" 99 198 33 NA NA 0.545454545454545
"Cephalophus silvicultor" 100 200 33 NA NA 0.545454545454545
