"species" "time_interval" "study_duration" "n_cams" "z" "P" "p_presence"
"Homo sapiens" 1 2 454 0.064494036137898 0.94857685569972 0.00220264317180617
"Homo sapiens" 1 3 454 0.0877923158612998 0.930041745237949 0.00220264317180617
"Homo sapiens" 1 4 452 0.0920812537527661 0.926633482504965 0.00442477876106195
"Homo sapiens" 1 5 450 NA NA 0.00444444444444444
"Homo sapiens" 1 6 449 NA NA 0.0044543429844098
"Homo sapiens" 1 7 447 NA NA 0.00447427293064877
"Homo sapiens" 1 8 447 NA NA 0.00447427293064877
"Homo sapiens" 1 9 447 NA NA 0.00447427293064877
"Homo sapiens" 1 10 445 NA NA 0.00449438202247191
"Homo sapiens" 1 11 440 NA NA 0.00454545454545455
"Homo sapiens" 1 12 439 NA NA 0.00455580865603645
"Homo sapiens" 1 13 438 NA NA 0.0045662100456621
"Homo sapiens" 1 14 436 NA NA 0.00458715596330275
"Homo sapiens" 1 15 436 NA NA 0.00458715596330275
"Homo sapiens" 1 16 435 0.00258743745039676 0.997935525909837 0.00919540229885057
"Homo sapiens" 1 17 435 0.00235158493527484 0.998123708416028 0.00919540229885057
"Homo sapiens" 1 18 434 NA NA 0.00921658986175115
"Homo sapiens" 1 19 432 0.00108938019254085 0.999130800535447 0.00925925925925926
"Homo sapiens" 1 20 430 0.00237368352149309 0.998106076344481 0.00930232558139535
"Homo sapiens" 1 21 429 0.00124696299398303 0.999005067737048 0.00932400932400932
"Homo sapiens" 1 22 427 NA NA 0.00936768149882904
"Homo sapiens" 1 23 426 0.000882842641012115 0.999295593578622 0.00938967136150235
"Homo sapiens" 1 24 425 0.00175633897810489 0.9985986449663 0.00941176470588235
"Homo sapiens" 1 25 423 0.000616238134608377 0.999508313137738 0.00945626477541371
"Homo sapiens" 1 26 422 0.00173950252889608 0.998612078488661 0.00947867298578199
"Homo sapiens" 1 27 422 0.000869581147682335 0.999306174715341 0.00947867298578199
"Homo sapiens" 1 28 422 0.00151060753638951 0.998794710027681 0.00947867298578199
"Homo sapiens" 1 29 422 0.00123525638076206 0.999014408255802 0.00947867298578199
"Homo sapiens" 1 30 420 0.00288285422765964 0.997699818306782 0.00952380952380952
"Homo sapiens" 1 31 419 0.00307560854964691 0.997546023292009 0.00954653937947494
"Homo sapiens" 1 32 419 NA NA 0.00954653937947494
"Homo sapiens" 1 33 415 0.00191580155520748 0.998471412452599 0.00963855421686747
"Homo sapiens" 1 34 415 NA NA 0.00963855421686747
"Homo sapiens" 1 35 413 0.00260033406629384 0.997925235933743 0.00968523002421308
"Homo sapiens" 1 36 412 0.00190706513623537 0.99847838309368 0.00970873786407767
"Homo sapiens" 1 37 410 NA NA 0.0146341463414634
"Homo sapiens" 1 38 410 NA NA 0.0146341463414634
"Homo sapiens" 1 39 409 2.1537613587926 0.0312588914755179 0.019559902200489
"Homo sapiens" 1 40 408 NA NA 0.0196078431372549
"Homo sapiens" 1 41 407 NA NA 0.0196560196560197
"Homo sapiens" 1 42 407 NA NA 0.0196560196560197
"Homo sapiens" 1 43 405 NA NA 0.0197530864197531
"Homo sapiens" 1 44 403 2.14186842047217 0.0322040717019288 0.0198511166253102
"Homo sapiens" 1 45 402 2.14097024469842 0.032276437673081 0.0199004975124378
"Homo sapiens" 1 46 401 2.14323525567887 0.0320942126700206 0.0199501246882793
"Homo sapiens" 1 47 398 2.14814866907991 0.0317019469580396 0.0201005025125628
"Homo sapiens" 1 48 397 2.15043195386366 0.0315210630575198 0.0201511335012594
"Homo sapiens" 1 49 395 2.14029121496947 0.03233123950735 0.020253164556962
"Homo sapiens" 1 50 391 NA NA 0.020460358056266
"Homo sapiens" 1 51 388 2.15162206602738 0.0314271327498497 0.0206185567010309
"Homo sapiens" 1 52 386 2.32729233814155 0.0199497112906453 0.0233160621761658
"Homo sapiens" 1 53 382 2.30559035186895 0.0211335329000057 0.0235602094240838
"Homo sapiens" 1 54 381 2.3070681685472 0.0210510201545073 0.0236220472440945
"Homo sapiens" 1 55 376 0.0597462023946397 0.952357773245278 0.0212765957446809
"Homo sapiens" 1 56 373 0.206358335853335 0.836511013542867 0.0214477211796247
"Homo sapiens" 1 57 370 0.00936024209867128 0.992531716398783 0.0216216216216216
"Homo sapiens" 1 58 366 NA NA 0.0245901639344262
"Homo sapiens" 1 59 364 0.122659790952251 0.902376505527138 0.0247252747252747
"Homo sapiens" 1 60 361 0.0810862892759904 0.935373329353641 0.0249307479224377
"Homo sapiens" 1 61 356 0.080208834429521 0.936071163943827 0.0252808988764045
"Homo sapiens" 1 62 351 0.13795332406141 0.890277306741579 0.0256410256410256
"Homo sapiens" 1 63 349 NA NA 0.0257879656160458
"Homo sapiens" 1 64 341 3.84787646737276 0.000119146102051792 0.0263929618768328
"Homo sapiens" 1 65 327 0.141971104479847 0.887102829747047 0.018348623853211
"Homo sapiens" 1 66 320 0.00224310774132197 0.998210260465837 0.01875
"Homo sapiens" 1 67 304 NA NA 0.00657894736842105
"Homo sapiens" 1 68 296 11.4993989318368 1.32837242270709e-30 0.00675675675675676
"Homo sapiens" 1 69 283 0.0667482502867586 0.9467821217585 0.00706713780918728
"Homo sapiens" 1 70 272 0.0750231704139946 0.940196276517162 0.00735294117647059
"Homo sapiens" 1 71 268 0.0656200272389987 0.947680344046416 0.0111940298507463
"Homo sapiens" 1 72 249 0.0811962677644255 0.935285867610168 0.0120481927710843
"Homo sapiens" 1 73 231 NA NA 0.012987012987013
"Homo sapiens" 1 74 225 NA NA 0.0133333333333333
"Homo sapiens" 1 75 218 NA NA 0.0137614678899083
"Homo sapiens" 1 76 216 NA NA 0.0138888888888889
"Homo sapiens" 1 77 211 NA NA 0.014218009478673
"Homo sapiens" 1 78 209 NA NA 0.0143540669856459
"Homo sapiens" 1 79 195 NA NA 0.0153846153846154
"Homo sapiens" 1 80 180 NA NA 0.0166666666666667
"Homo sapiens" 1 81 176 NA NA 0.0170454545454545
"Homo sapiens" 1 82 170 NA NA 0.0176470588235294
"Homo sapiens" 1 83 166 NA NA 0.0180722891566265
"Homo sapiens" 1 84 166 NA NA 0.0180722891566265
"Homo sapiens" 1 85 166 NA NA 0.0180722891566265
"Homo sapiens" 1 86 165 NA NA 0.0181818181818182
"Homo sapiens" 1 87 163 NA NA 0.0184049079754601
"Homo sapiens" 1 88 158 NA NA 0.0189873417721519
"Homo sapiens" 1 89 153 NA NA 0.0196078431372549
"Homo sapiens" 1 90 151 NA NA 0.0198675496688742
"Homo sapiens" 1 91 150 NA NA 0.02
"Homo sapiens" 1 92 146 NA NA 0.0205479452054795
"Homo sapiens" 1 93 142 NA NA 0.0211267605633803
"Homo sapiens" 1 94 142 NA NA 0.0211267605633803
"Homo sapiens" 1 95 127 NA NA 0.0236220472440945
"Homo sapiens" 1 96 105 NA NA 0.019047619047619
"Homo sapiens" 1 97 89 NA NA 0.0224719101123595
"Homo sapiens" 1 98 75 NA NA 0.0266666666666667
"Homo sapiens" 1 99 75 NA NA 0.0266666666666667
"Homo sapiens" 1 100 75 NA NA 0.0266666666666667
"Homo sapiens" 1 101 75 NA NA 0.0266666666666667
"Homo sapiens" 1 102 75 NA NA 0.0266666666666667
"Homo sapiens" 1 103 75 NA NA 0.0266666666666667
"Homo sapiens" 1 104 75 NA NA 0.0266666666666667
"Homo sapiens" 1 105 73 NA NA 0.0273972602739726
"Homo sapiens" 1 106 61 NA NA 0.0327868852459016
"Homo sapiens" 1 107 56 NA NA 0.0357142857142857
"Homo sapiens" 1 108 49 NA NA 0.0408163265306122
"Homo sapiens" 1 109 48 NA NA 0.0416666666666667
"Homo sapiens" 1 110 47 NA NA 0.0425531914893617
"Homo sapiens" 1 111 45 NA NA 0.0444444444444444
"Homo sapiens" 1 112 45 NA NA 0.0444444444444444
"Homo sapiens" 1 113 45 NA NA 0.0444444444444444
"Homo sapiens" 1 114 45 NA NA 0.0444444444444444
"Homo sapiens" 1 115 44 NA NA 0.0454545454545455
"Homo sapiens" 1 116 44 NA NA 0.0454545454545455
"Homo sapiens" 1 117 43 NA NA 0.0465116279069767
"Homo sapiens" 1 118 43 NA NA 0.0465116279069767
"Homo sapiens" 1 119 43 NA NA 0.0465116279069767
"Homo sapiens" 1 120 43 NA NA 0.0465116279069767
"Homo sapiens" 1 121 43 NA NA 0.0465116279069767
"Homo sapiens" 1 122 43 NA NA 0.0465116279069767
"Homo sapiens" 1 123 43 NA NA 0.0465116279069767
"Homo sapiens" 1 124 43 NA NA 0.0465116279069767
"Homo sapiens" 1 125 43 NA NA 0.0465116279069767
"Homo sapiens" 1 126 43 NA NA 0.0465116279069767
"Homo sapiens" 1 127 43 NA NA 0.0465116279069767
"Homo sapiens" 1 128 42 NA NA 0.0476190476190476
"Homo sapiens" 1 129 42 NA NA 0.0476190476190476
"Homo sapiens" 1 130 41 NA NA 0.0487804878048781
"Homo sapiens" 1 131 41 NA NA 0.0487804878048781
"Homo sapiens" 1 132 41 NA NA 0.0487804878048781
"Homo sapiens" 1 133 41 NA NA 0.0487804878048781
"Homo sapiens" 1 134 41 NA NA 0.0487804878048781
"Homo sapiens" 1 135 41 NA NA 0.0487804878048781
"Homo sapiens" 1 136 41 NA NA 0.0487804878048781
"Homo sapiens" 1 137 41 NA NA 0.0487804878048781
"Homo sapiens" 1 138 41 NA NA 0.0487804878048781
"Homo sapiens" 1 139 40 NA NA 0.05
"Homo sapiens" 1 140 40 NA NA 0.05
"Homo sapiens" 1 141 40 NA NA 0.05
"Homo sapiens" 1 142 40 NA NA 0.05
"Homo sapiens" 1 143 40 NA NA 0.05
"Homo sapiens" 1 144 40 NA NA 0.05
"Homo sapiens" 1 145 40 NA NA 0.05
"Homo sapiens" 1 146 40 NA NA 0.05
"Homo sapiens" 1 147 40 NA NA 0.05
"Homo sapiens" 1 148 40 NA NA 0.05
"Homo sapiens" 1 149 40 NA NA 0.05
"Homo sapiens" 1 150 40 NA NA 0.05
"Homo sapiens" 1 151 40 NA NA 0.05
"Homo sapiens" 1 152 40 NA NA 0.05
"Homo sapiens" 1 153 40 NA NA 0.05
"Homo sapiens" 1 154 39 NA NA 0.0512820512820513
"Homo sapiens" 1 155 39 NA NA 0.0512820512820513
"Homo sapiens" 1 156 39 NA NA 0.0512820512820513
"Homo sapiens" 1 157 39 NA NA 0.0512820512820513
"Homo sapiens" 1 158 39 NA NA 0.0512820512820513
"Homo sapiens" 1 159 39 NA NA 0.0512820512820513
"Homo sapiens" 1 160 39 NA NA 0.0512820512820513
"Homo sapiens" 1 161 39 NA NA 0.0512820512820513
"Homo sapiens" 1 162 39 NA NA 0.0512820512820513
"Homo sapiens" 1 163 39 NA NA 0.0512820512820513
"Homo sapiens" 1 164 39 NA NA 0.0512820512820513
"Homo sapiens" 1 165 39 NA NA 0.0512820512820513
"Homo sapiens" 1 166 39 NA NA 0.0512820512820513
"Homo sapiens" 1 167 39 NA NA 0.0512820512820513
"Homo sapiens" 1 168 39 NA NA 0.0512820512820513
"Homo sapiens" 1 169 39 NA NA 0.0512820512820513
"Homo sapiens" 1 170 39 NA NA 0.0512820512820513
"Homo sapiens" 1 171 39 NA NA 0.0512820512820513
"Homo sapiens" 1 172 39 NA NA 0.0512820512820513
"Homo sapiens" 1 173 38 NA NA 0.0526315789473684
"Homo sapiens" 1 174 38 NA NA 0.0526315789473684
"Homo sapiens" 1 175 37 NA NA 0.0540540540540541
"Homo sapiens" 1 176 37 NA NA 0.0540540540540541
"Homo sapiens" 1 177 37 NA NA 0.0540540540540541
"Homo sapiens" 1 178 37 NA NA 0.0540540540540541
"Homo sapiens" 1 179 37 NA NA 0.0540540540540541
"Homo sapiens" 1 180 37 NA NA 0.0540540540540541
"Homo sapiens" 1 181 37 NA NA 0.0540540540540541
"Homo sapiens" 1 182 37 NA NA 0.0540540540540541
"Homo sapiens" 1 183 37 NA NA 0.0540540540540541
"Homo sapiens" 1 184 36 NA NA 0.0555555555555556
"Homo sapiens" 1 185 35 NA NA 0.0571428571428571
"Homo sapiens" 1 186 35 NA NA 0.0571428571428571
"Homo sapiens" 1 187 34 NA NA 0.0588235294117647
"Homo sapiens" 1 188 34 NA NA 0.0588235294117647
"Homo sapiens" 1 189 34 NA NA 0.0588235294117647
"Homo sapiens" 1 190 34 NA NA 0.0588235294117647
"Homo sapiens" 1 191 33 NA NA 0.0606060606060606
"Homo sapiens" 1 192 33 NA NA 0.0606060606060606
"Homo sapiens" 1 193 33 NA NA 0.0606060606060606
"Homo sapiens" 1 194 33 NA NA 0.0606060606060606
"Homo sapiens" 1 195 33 NA NA 0.0606060606060606
"Homo sapiens" 1 196 33 NA NA 0.0606060606060606
"Homo sapiens" 1 197 33 NA NA 0.0606060606060606
"Homo sapiens" 1 198 33 NA NA 0.0606060606060606
"Homo sapiens" 1 199 33 NA NA 0.0606060606060606
"Homo sapiens" 1 200 33 NA NA 0.0606060606060606
"Homo sapiens" 2 4 452 0.131068709894437 0.895720953478259 0.00442477876106195
"Homo sapiens" 2 6 449 0.101782594387434 0.918929241558771 0.0044543429844098
"Homo sapiens" 2 8 447 0.0943779471882034 0.924808933196889 0.00447427293064877
"Homo sapiens" 2 10 445 0.0231217760543529 0.981553135548971 0.00449438202247191
"Homo sapiens" 2 12 439 NA NA 0.00455580865603645
"Homo sapiens" 2 14 436 NA NA 0.00458715596330275
"Homo sapiens" 2 16 435 0.00216826012272412 0.998269980079846 0.00919540229885057
"Homo sapiens" 2 18 434 NA NA 0.00921658986175115
"Homo sapiens" 2 20 430 0.00154788448480163 0.998764967360849 0.00930232558139535
"Homo sapiens" 2 22 427 0.0029386511972828 0.997655298954781 0.00936768149882904
"Homo sapiens" 2 24 425 NA NA 0.00941176470588235
"Homo sapiens" 2 26 422 0.00347739463982265 0.997225446096845 0.00947867298578199
"Homo sapiens" 2 28 422 0.00238468351484585 0.998097299644456 0.00947867298578199
"Homo sapiens" 2 30 420 0.000611202761581454 0.999512330783377 0.00952380952380952
"Homo sapiens" 2 32 419 0.00161017627018883 0.998715265768993 0.00954653937947494
"Homo sapiens" 2 34 415 0.00132871696833686 0.998939837557238 0.00963855421686747
"Homo sapiens" 2 36 412 0.00236177111348038 0.998115581044274 0.00970873786407767
"Homo sapiens" 2 38 410 1.72197915715142 0.0850732942309479 0.0146341463414634
"Homo sapiens" 2 40 408 2.10097404004893 0.0356432451436677 0.0196078431372549
"Homo sapiens" 2 42 407 2.10003187285858 0.0357260374535951 0.0196560196560197
"Homo sapiens" 2 44 403 2.09534926505433 0.0361399560590163 0.0198511166253102
"Homo sapiens" 2 46 401 2.09555730408222 0.0361214800678262 0.0199501246882793
"Homo sapiens" 2 48 397 2.10176400374947 0.0355739538096041 0.0201511335012594
"Homo sapiens" 2 50 391 2.0894472709324 0.0366674797910402 0.020460358056266
"Homo sapiens" 2 52 386 2.27246611268326 0.0230583725110055 0.0233160621761658
"Homo sapiens" 2 54 381 2.25071843499083 0.0244033764015686 0.0236220472440945
"Homo sapiens" 2 56 373 0.00189293268359114 0.998489659139098 0.0214477211796247
"Homo sapiens" 2 58 366 0.0041048892071228 0.996724781475801 0.0245901639344262
"Homo sapiens" 2 60 361 0.00276980826965188 0.997790015571035 0.0249307479224377
"Homo sapiens" 2 62 351 0.00360173944017561 0.997126233921985 0.0256410256410256
"Homo sapiens" 2 64 341 0.193672556567609 0.846432281641956 0.0263929618768328
"Homo sapiens" 2 66 320 0.00745143655496691 0.994054668835043 0.01875
"Homo sapiens" 2 68 296 NA NA 0.00675675675675676
"Homo sapiens" 2 70 272 NA NA 0.00735294117647059
"Homo sapiens" 2 72 249 0.135094490424219 0.892537166250203 0.0120481927710843
"Homo sapiens" 2 74 225 NA NA 0.0133333333333333
"Homo sapiens" 2 76 216 NA NA 0.0138888888888889
"Homo sapiens" 2 78 209 NA NA 0.0143540669856459
"Homo sapiens" 2 80 180 NA NA 0.0166666666666667
"Homo sapiens" 2 82 170 NA NA 0.0176470588235294
"Homo sapiens" 2 84 166 NA NA 0.0180722891566265
"Homo sapiens" 2 86 165 NA NA 0.0181818181818182
"Homo sapiens" 2 88 158 NA NA 0.0189873417721519
"Homo sapiens" 2 90 151 NA NA 0.0198675496688742
"Homo sapiens" 2 92 146 NA NA 0.0205479452054795
"Homo sapiens" 2 94 142 NA NA 0.0211267605633803
"Homo sapiens" 2 96 105 NA NA 0.019047619047619
"Homo sapiens" 2 98 75 NA NA 0.0266666666666667
"Homo sapiens" 2 100 75 NA NA 0.0266666666666667
"Homo sapiens" 2 102 75 NA NA 0.0266666666666667
"Homo sapiens" 2 104 75 NA NA 0.0266666666666667
"Homo sapiens" 2 106 61 NA NA 0.0327868852459016
"Homo sapiens" 2 108 49 NA NA 0.0408163265306122
"Homo sapiens" 2 110 47 NA NA 0.0425531914893617
"Homo sapiens" 2 112 45 NA NA 0.0444444444444444
"Homo sapiens" 2 114 45 NA NA 0.0444444444444444
"Homo sapiens" 2 116 44 NA NA 0.0454545454545455
"Homo sapiens" 2 118 43 NA NA 0.0465116279069767
"Homo sapiens" 2 120 43 NA NA 0.0465116279069767
"Homo sapiens" 2 122 43 NA NA 0.0465116279069767
"Homo sapiens" 2 124 43 NA NA 0.0465116279069767
"Homo sapiens" 2 126 43 NA NA 0.0465116279069767
"Homo sapiens" 2 128 42 NA NA 0.0476190476190476
"Homo sapiens" 2 130 41 NA NA 0.0487804878048781
"Homo sapiens" 2 132 41 NA NA 0.0487804878048781
"Homo sapiens" 2 134 41 NA NA 0.0487804878048781
"Homo sapiens" 2 136 41 NA NA 0.0487804878048781
"Homo sapiens" 2 138 41 NA NA 0.0487804878048781
"Homo sapiens" 2 140 40 NA NA 0.05
"Homo sapiens" 2 142 40 NA NA 0.05
"Homo sapiens" 2 144 40 NA NA 0.05
"Homo sapiens" 2 146 40 NA NA 0.05
"Homo sapiens" 2 148 40 NA NA 0.05
"Homo sapiens" 2 150 40 NA NA 0.05
"Homo sapiens" 2 152 40 NA NA 0.05
"Homo sapiens" 2 154 39 NA NA 0.0512820512820513
"Homo sapiens" 2 156 39 NA NA 0.0512820512820513
"Homo sapiens" 2 158 39 NA NA 0.0512820512820513
"Homo sapiens" 2 160 39 NA NA 0.0512820512820513
"Homo sapiens" 2 162 39 NA NA 0.0512820512820513
"Homo sapiens" 2 164 39 NA NA 0.0512820512820513
"Homo sapiens" 2 166 39 NA NA 0.0512820512820513
"Homo sapiens" 2 168 39 NA NA 0.0512820512820513
"Homo sapiens" 2 170 39 NA NA 0.0512820512820513
"Homo sapiens" 2 172 39 NA NA 0.0512820512820513
"Homo sapiens" 2 174 38 NA NA 0.0526315789473684
"Homo sapiens" 2 176 37 NA NA 0.0540540540540541
"Homo sapiens" 2 178 37 NA NA 0.0540540540540541
"Homo sapiens" 2 180 37 NA NA 0.0540540540540541
"Homo sapiens" 2 182 37 NA NA 0.0540540540540541
"Homo sapiens" 2 184 36 NA NA 0.0555555555555556
"Homo sapiens" 2 186 35 NA NA 0.0571428571428571
"Homo sapiens" 2 188 34 NA NA 0.0588235294117647
"Homo sapiens" 2 190 34 NA NA 0.0588235294117647
"Homo sapiens" 2 192 33 NA NA 0.0606060606060606
"Homo sapiens" 2 194 33 NA NA 0.0606060606060606
"Homo sapiens" 2 196 33 NA NA 0.0606060606060606
"Homo sapiens" 2 198 33 NA NA 0.0606060606060606
"Homo sapiens" 2 200 33 NA NA 0.0606060606060606
"Homo sapiens" 3 6 449 0.130678085730657 0.896029968718777 0.0044543429844098
"Homo sapiens" 3 9 447 0.104672589687207 0.916635612715786 0.00447427293064877
"Homo sapiens" 3 12 439 0.0964425121905679 0.923169129615822 0.00455580865603645
"Homo sapiens" 3 15 436 NA NA 0.00458715596330275
"Homo sapiens" 3 18 434 0.00340933625296967 0.997279748511012 0.00921658986175115
"Homo sapiens" 3 21 429 0.00125523836723884 0.99899846494966 0.00932400932400932
"Homo sapiens" 3 24 425 0.00282082518778803 0.997749310118751 0.00941176470588235
"Homo sapiens" 3 27 422 0.000872764651253541 0.999303634647956 0.00947867298578199
"Homo sapiens" 3 30 420 0.0037374424403778 0.997017959322362 0.00952380952380952
"Homo sapiens" 3 33 415 0.00292294844269962 0.997667827886416 0.00963855421686747
"Homo sapiens" 3 36 412 0.0030183562875465 0.997591703775952 0.00970873786407767
"Homo sapiens" 3 39 409 2.10043788559949 0.0356903392653702 0.019559902200489
"Homo sapiens" 3 42 407 NA NA 0.0196560196560197
"Homo sapiens" 3 45 402 2.0641103818809 0.0390072518452436 0.0199004975124378
"Homo sapiens" 3 48 397 2.07191585624841 0.0382732889737538 0.0201511335012594
"Homo sapiens" 3 51 388 2.07011324672688 0.0384417406776005 0.0206185567010309
"Homo sapiens" 3 54 381 2.22055651401885 0.0263810139218305 0.0236220472440945
"Homo sapiens" 3 57 370 0.00560757779890513 0.995525823699124 0.0216216216216216
"Homo sapiens" 3 60 361 0.0063701418063103 0.994917396576889 0.0249307479224377
"Homo sapiens" 3 63 349 0.00923942161701924 0.992628113027052 0.0257879656160458
"Homo sapiens" 3 66 320 0.0545529186715527 0.95649464832095 0.01875
"Homo sapiens" 3 69 283 NA NA 0.00706713780918728
"Homo sapiens" 3 72 249 NA NA 0.0120481927710843
"Homo sapiens" 3 75 218 NA NA 0.0137614678899083
"Homo sapiens" 3 78 209 NA NA 0.0143540669856459
"Homo sapiens" 3 81 176 NA NA 0.0170454545454545
"Homo sapiens" 3 84 166 NA NA 0.0180722891566265
"Homo sapiens" 3 87 163 NA NA 0.0184049079754601
"Homo sapiens" 3 90 151 NA NA 0.0198675496688742
"Homo sapiens" 3 93 142 NA NA 0.0211267605633803
"Homo sapiens" 3 96 105 NA NA 0.019047619047619
"Homo sapiens" 3 99 75 NA NA 0.0266666666666667
"Homo sapiens" 3 102 75 NA NA 0.0266666666666667
"Homo sapiens" 3 105 73 NA NA 0.0273972602739726
"Homo sapiens" 3 108 49 NA NA 0.0408163265306122
"Homo sapiens" 3 111 45 NA NA 0.0444444444444444
"Homo sapiens" 3 114 45 NA NA 0.0444444444444444
"Homo sapiens" 3 117 43 NA NA 0.0465116279069767
"Homo sapiens" 3 120 43 NA NA 0.0465116279069767
"Homo sapiens" 3 123 43 NA NA 0.0465116279069767
"Homo sapiens" 3 126 43 NA NA 0.0465116279069767
"Homo sapiens" 3 129 42 NA NA 0.0476190476190476
"Homo sapiens" 3 132 41 NA NA 0.0487804878048781
"Homo sapiens" 3 135 41 NA NA 0.0487804878048781
"Homo sapiens" 3 138 41 NA NA 0.0487804878048781
"Homo sapiens" 3 141 40 NA NA 0.05
"Homo sapiens" 3 144 40 NA NA 0.05
"Homo sapiens" 3 147 40 NA NA 0.05
"Homo sapiens" 3 150 40 NA NA 0.05
"Homo sapiens" 3 153 40 NA NA 0.05
"Homo sapiens" 3 156 39 NA NA 0.0512820512820513
"Homo sapiens" 3 159 39 NA NA 0.0512820512820513
"Homo sapiens" 3 162 39 NA NA 0.0512820512820513
"Homo sapiens" 3 165 39 NA NA 0.0512820512820513
"Homo sapiens" 3 168 39 NA NA 0.0512820512820513
"Homo sapiens" 3 171 39 NA NA 0.0512820512820513
"Homo sapiens" 3 174 38 NA NA 0.0526315789473684
"Homo sapiens" 3 177 37 NA NA 0.0540540540540541
"Homo sapiens" 3 180 37 NA NA 0.0540540540540541
"Homo sapiens" 3 183 37 NA NA 0.0540540540540541
"Homo sapiens" 3 186 35 NA NA 0.0571428571428571
"Homo sapiens" 3 189 34 NA NA 0.0588235294117647
"Homo sapiens" 3 192 33 NA NA 0.0606060606060606
"Homo sapiens" 3 195 33 NA NA 0.0606060606060606
"Homo sapiens" 3 198 33 NA NA 0.0606060606060606
"Homo sapiens" 4 8 447 0.134088148961025 0.893332870772635 0.00447427293064877
"Homo sapiens" 4 12 439 0.106889272123484 0.91487682403539 0.00455580865603645
"Homo sapiens" 4 16 435 0.00183799222689469 0.99853349520498 0.00919540229885057
"Homo sapiens" 4 20 430 0.00105991175368875 0.999154312934261 0.00930232558139535
"Homo sapiens" 4 24 425 0.00220849630699471 0.998237876326506 0.00941176470588235
"Homo sapiens" 4 28 422 0.00254964125663084 0.997965682809819 0.00947867298578199
"Homo sapiens" 4 32 419 0.00104987674759208 0.999162319706238 0.00954653937947494
"Homo sapiens" 4 36 412 0.00131972998439555 0.998947008126686 0.00970873786407767
"Homo sapiens" 4 40 408 2.08295443964464 0.037255376636612 0.0196078431372549
"Homo sapiens" 4 44 403 2.07736411107827 0.0377679659758137 0.0198511166253102
"Homo sapiens" 4 48 397 2.08368466984532 0.0371888595826197 0.0201511335012594
"Homo sapiens" 4 52 386 2.24284365376603 0.0249068983275733 0.0233160621761658
"Homo sapiens" 4 56 373 0.00675609915152266 0.994609453804246 0.0214477211796247
"Homo sapiens" 4 60 361 0.00887103979031135 0.992922027147086 0.0249307479224377
"Homo sapiens" 4 64 341 0.0186767166593427 0.985099002429753 0.0263929618768328
"Homo sapiens" 4 68 296 NA NA 0.00675675675675676
"Homo sapiens" 4 72 249 NA NA 0.0120481927710843
"Homo sapiens" 4 76 216 NA NA 0.0138888888888889
"Homo sapiens" 4 80 180 NA NA 0.0166666666666667
"Homo sapiens" 4 84 166 NA NA 0.0180722891566265
"Homo sapiens" 4 88 158 NA NA 0.0189873417721519
"Homo sapiens" 4 92 146 NA NA 0.0205479452054795
"Homo sapiens" 4 96 105 NA NA 0.019047619047619
"Homo sapiens" 4 100 75 NA NA 0.0266666666666667
"Homo sapiens" 4 104 75 NA NA 0.0266666666666667
"Homo sapiens" 4 108 49 NA NA 0.0408163265306122
"Homo sapiens" 4 112 45 NA NA 0.0444444444444444
"Homo sapiens" 4 116 44 NA NA 0.0454545454545455
"Homo sapiens" 4 120 43 NA NA 0.0465116279069767
"Homo sapiens" 4 124 43 NA NA 0.0465116279069767
"Homo sapiens" 4 128 42 NA NA 0.0476190476190476
"Homo sapiens" 4 132 41 NA NA 0.0487804878048781
"Homo sapiens" 4 136 41 NA NA 0.0487804878048781
"Homo sapiens" 4 140 40 NA NA 0.05
"Homo sapiens" 4 144 40 NA NA 0.05
"Homo sapiens" 4 148 40 NA NA 0.05
"Homo sapiens" 4 152 40 NA NA 0.05
"Homo sapiens" 4 156 39 NA NA 0.0512820512820513
"Homo sapiens" 4 160 39 NA NA 0.0512820512820513
"Homo sapiens" 4 164 39 NA NA 0.0512820512820513
"Homo sapiens" 4 168 39 NA NA 0.0512820512820513
"Homo sapiens" 4 172 39 NA NA 0.0512820512820513
"Homo sapiens" 4 176 37 NA NA 0.0540540540540541
"Homo sapiens" 4 180 37 NA NA 0.0540540540540541
"Homo sapiens" 4 184 36 NA NA 0.0555555555555556
"Homo sapiens" 4 188 34 NA NA 0.0588235294117647
"Homo sapiens" 4 192 33 NA NA 0.0606060606060606
"Homo sapiens" 4 196 33 NA NA 0.0606060606060606
"Homo sapiens" 4 200 33 NA NA 0.0606060606060606
"Homo sapiens" 5 10 445 0.134892593535827 0.892696795530879 0.00449438202247191
"Homo sapiens" 5 15 436 NA NA 0.00458715596330275
"Homo sapiens" 5 20 430 0.00253311592580184 0.997978868073571 0.00930232558139535
"Homo sapiens" 5 25 423 0.00247852895546777 0.998022422037675 0.00945626477541371
"Homo sapiens" 5 30 420 0.00171379867814536 0.998632587163756 0.00952380952380952
"Homo sapiens" 5 35 413 0.000588765336493166 0.999530233255217 0.00968523002421308
"Homo sapiens" 5 40 408 2.06569335639511 0.0388574430049054 0.0196078431372549
"Homo sapiens" 5 45 402 2.05909415772662 0.0394852194055514 0.0199004975124378
"Homo sapiens" 5 50 391 2.05078677616702 0.0402877159076337 0.020460358056266
"Homo sapiens" 5 55 376 0.00659731287003448 0.994736144102723 0.0212765957446809
"Homo sapiens" 5 60 361 0.00887173757000176 0.992921470421352 0.0249307479224377
"Homo sapiens" 5 65 327 0.0416229079355568 0.966799311172515 0.018348623853211
"Homo sapiens" 5 70 272 NA NA 0.00735294117647059
"Homo sapiens" 5 75 218 NA NA 0.0137614678899083
"Homo sapiens" 5 80 180 NA NA 0.0166666666666667
"Homo sapiens" 5 85 166 NA NA 0.0180722891566265
"Homo sapiens" 5 90 151 NA NA 0.0198675496688742
"Homo sapiens" 5 95 127 NA NA 0.0236220472440945
"Homo sapiens" 5 100 75 NA NA 0.0266666666666667
"Homo sapiens" 5 105 73 NA NA 0.0273972602739726
"Homo sapiens" 5 110 47 NA NA 0.0425531914893617
"Homo sapiens" 5 115 44 NA NA 0.0454545454545455
"Homo sapiens" 5 120 43 NA NA 0.0465116279069767
"Homo sapiens" 5 125 43 NA NA 0.0465116279069767
"Homo sapiens" 5 130 41 NA NA 0.0487804878048781
"Homo sapiens" 5 135 41 NA NA 0.0487804878048781
"Homo sapiens" 5 140 40 NA NA 0.05
"Homo sapiens" 5 145 40 NA NA 0.05
"Homo sapiens" 5 150 40 NA NA 0.05
"Homo sapiens" 5 155 39 NA NA 0.0512820512820513
"Homo sapiens" 5 160 39 NA NA 0.0512820512820513
"Homo sapiens" 5 165 39 NA NA 0.0512820512820513
"Homo sapiens" 5 170 39 NA NA 0.0512820512820513
"Homo sapiens" 5 175 37 NA NA 0.0540540540540541
"Homo sapiens" 5 180 37 NA NA 0.0540540540540541
"Homo sapiens" 5 185 35 NA NA 0.0571428571428571
"Homo sapiens" 5 190 34 NA NA 0.0588235294117647
"Homo sapiens" 5 195 33 NA NA 0.0606060606060606
"Homo sapiens" 5 200 33 NA NA 0.0606060606060606
"Homo sapiens" 6 12 439 0.136840719618807 0.891156696769084 0.00455580865603645
"Homo sapiens" 6 18 434 0.00248722790434308 0.998015481302066 0.00921658986175115
"Homo sapiens" 6 24 425 0.00156012290219453 0.998755202528353 0.00941176470588235
"Homo sapiens" 6 30 420 0.00246388090978466 0.998034109451484 0.00952380952380952
"Homo sapiens" 6 36 412 0.00253215739930607 0.99797963286461 0.00970873786407767
"Homo sapiens" 6 42 407 2.05058170055409 0.0403076999582243 0.0196560196560197
"Homo sapiens" 6 48 397 2.05297901556166 0.0400746127330798 0.0201511335012594
"Homo sapiens" 6 54 381 2.19034245933778 0.0284994097017589 0.0236220472440945
"Homo sapiens" 6 60 361 0.00898627370436331 0.992830087451065 0.0249307479224377
"Homo sapiens" 6 66 320 0.06097167953962 0.951381763533088 0.01875
"Homo sapiens" 6 72 249 NA NA 0.0120481927710843
"Homo sapiens" 6 78 209 NA NA 0.0143540669856459
"Homo sapiens" 6 84 166 NA NA 0.0180722891566265
"Homo sapiens" 6 90 151 NA NA 0.0198675496688742
"Homo sapiens" 6 96 105 NA NA 0.019047619047619
"Homo sapiens" 6 102 75 NA NA 0.0266666666666667
"Homo sapiens" 6 108 49 NA NA 0.0408163265306122
"Homo sapiens" 6 114 45 NA NA 0.0444444444444444
"Homo sapiens" 6 120 43 NA NA 0.0465116279069767
"Homo sapiens" 6 126 43 NA NA 0.0465116279069767
"Homo sapiens" 6 132 41 NA NA 0.0487804878048781
"Homo sapiens" 6 138 41 NA NA 0.0487804878048781
"Homo sapiens" 6 144 40 NA NA 0.05
"Homo sapiens" 6 150 40 NA NA 0.05
"Homo sapiens" 6 156 39 NA NA 0.0512820512820513
"Homo sapiens" 6 162 39 NA NA 0.0512820512820513
"Homo sapiens" 6 168 39 NA NA 0.0512820512820513
"Homo sapiens" 6 174 38 NA NA 0.0526315789473684
"Homo sapiens" 6 180 37 NA NA 0.0540540540540541
"Homo sapiens" 6 186 35 NA NA 0.0571428571428571
"Homo sapiens" 6 192 33 NA NA 0.0606060606060606
"Homo sapiens" 6 198 33 NA NA 0.0606060606060606
"Homo sapiens" 7 14 436 0.140067218038472 0.888606881431892 0.00458715596330275
"Homo sapiens" 7 21 429 0.00285076611066399 0.997725420814709 0.00932400932400932
"Homo sapiens" 7 28 422 0.00241622124440248 0.998072136249459 0.00947867298578199
"Homo sapiens" 7 35 413 0.0021654890173081 0.998272191096883 0.00968523002421308
"Homo sapiens" 7 42 407 2.03847945618065 0.0415020072344707 0.0196560196560197
"Homo sapiens" 7 49 395 2.02854662409774 0.0425044898465533 0.020253164556962
"Homo sapiens" 7 56 373 0.00609511965119426 0.995136828245615 0.0214477211796247
"Homo sapiens" 7 63 349 0.0152139989782245 0.98786145338534 0.0257879656160458
"Homo sapiens" 7 70 272 NA NA 0.00735294117647059
"Homo sapiens" 7 77 211 NA NA 0.014218009478673
"Homo sapiens" 7 84 166 NA NA 0.0180722891566265
"Homo sapiens" 7 91 150 NA NA 0.02
"Homo sapiens" 7 98 75 NA NA 0.0266666666666667
"Homo sapiens" 7 105 73 NA NA 0.0273972602739726
"Homo sapiens" 7 112 45 NA NA 0.0444444444444444
"Homo sapiens" 7 119 43 NA NA 0.0465116279069767
"Homo sapiens" 7 126 43 NA NA 0.0465116279069767
"Homo sapiens" 7 133 41 NA NA 0.0487804878048781
"Homo sapiens" 7 140 40 NA NA 0.05
"Homo sapiens" 7 147 40 NA NA 0.05
"Homo sapiens" 7 154 39 NA NA 0.0512820512820513
"Homo sapiens" 7 161 39 NA NA 0.0512820512820513
"Homo sapiens" 7 168 39 NA NA 0.0512820512820513
"Homo sapiens" 7 175 37 NA NA 0.0540540540540541
"Homo sapiens" 7 182 37 NA NA 0.0540540540540541
"Homo sapiens" 7 189 34 NA NA 0.0588235294117647
"Homo sapiens" 7 196 33 NA NA 0.0606060606060606
"Homo sapiens" 8 16 435 0.00440046778835978 0.996488946022771 0.00919540229885057
"Homo sapiens" 8 24 425 0.00326435047786323 0.997395429778374 0.00941176470588235
"Homo sapiens" 8 32 419 0.00318593255893152 0.997457997899761 0.00954653937947494
"Homo sapiens" 8 40 408 NA NA 0.0196078431372549
"Homo sapiens" 8 48 397 2.03078076352123 0.0422772392567075 0.0201511335012594
"Homo sapiens" 8 56 373 0.00681646944008686 0.994561286392233 0.0214477211796247
"Homo sapiens" 8 64 341 0.0232472786134378 0.981453025904001 0.0263929618768328
"Homo sapiens" 8 72 249 NA NA 0.0120481927710843
"Homo sapiens" 8 80 180 NA NA 0.0166666666666667
"Homo sapiens" 8 88 158 NA NA 0.0189873417721519
"Homo sapiens" 8 96 105 NA NA 0.019047619047619
"Homo sapiens" 8 104 75 NA NA 0.0266666666666667
"Homo sapiens" 8 112 45 NA NA 0.0444444444444444
"Homo sapiens" 8 120 43 NA NA 0.0465116279069767
"Homo sapiens" 8 128 42 NA NA 0.0476190476190476
"Homo sapiens" 8 136 41 NA NA 0.0487804878048781
"Homo sapiens" 8 144 40 NA NA 0.05
"Homo sapiens" 8 152 40 NA NA 0.05
"Homo sapiens" 8 160 39 NA NA 0.0512820512820513
"Homo sapiens" 8 168 39 NA NA 0.0512820512820513
"Homo sapiens" 8 176 37 NA NA 0.0540540540540541
"Homo sapiens" 8 184 36 NA NA 0.0555555555555556
"Homo sapiens" 8 192 33 NA NA 0.0606060606060606
"Homo sapiens" 8 200 33 NA NA 0.0606060606060606
"Homo sapiens" 9 18 434 0.00391448318202726 0.996876702282015 0.00921658986175115
"Homo sapiens" 9 27 422 0.00317769162650318 0.997464573179228 0.00947867298578199
"Homo sapiens" 9 36 412 0.0027083675235511 0.997839038009847 0.00970873786407767
"Homo sapiens" 9 45 402 NA NA 0.0199004975124378
"Homo sapiens" 9 54 381 2.15901221998735 0.0308492189070996 0.0236220472440945
"Homo sapiens" 9 63 349 0.015127225911715 0.98793068030872 0.0257879656160458
"Homo sapiens" 9 72 249 NA NA 0.0120481927710843
"Homo sapiens" 9 81 176 NA NA 0.0170454545454545
"Homo sapiens" 9 90 151 NA NA 0.0198675496688742
"Homo sapiens" 9 99 75 NA NA 0.0266666666666667
"Homo sapiens" 9 108 49 NA NA 0.0408163265306122
"Homo sapiens" 9 117 43 NA NA 0.0465116279069767
"Homo sapiens" 9 126 43 NA NA 0.0465116279069767
"Homo sapiens" 9 135 41 NA NA 0.0487804878048781
"Homo sapiens" 9 144 40 NA NA 0.05
"Homo sapiens" 9 153 40 NA NA 0.05
"Homo sapiens" 9 162 39 NA NA 0.0512820512820513
"Homo sapiens" 9 171 39 NA NA 0.0512820512820513
"Homo sapiens" 9 180 37 NA NA 0.0540540540540541
"Homo sapiens" 9 189 34 NA NA 0.0588235294117647
"Homo sapiens" 9 198 33 NA NA 0.0606060606060606
"Homo sapiens" 10 20 430 0.00503372533182841 0.995983685235578 0.00930232558139535
"Homo sapiens" 10 30 420 0.00322646433956905 0.997425658383991 0.00952380952380952
"Homo sapiens" 10 40 408 2.01083862510859 0.044342504848577 0.0196078431372549
"Homo sapiens" 10 50 391 1.99527088714867 0.0460133433211949 0.020460358056266
"Homo sapiens" 10 60 361 0.010098329235687 0.991942835953074 0.0249307479224377
"Homo sapiens" 10 70 272 NA NA 0.00735294117647059
"Homo sapiens" 10 80 180 NA NA 0.0166666666666667
"Homo sapiens" 10 90 151 NA NA 0.0198675496688742
"Homo sapiens" 10 100 75 NA NA 0.0266666666666667
"Homo sapiens" 10 110 47 NA NA 0.0425531914893617
"Homo sapiens" 10 120 43 NA NA 0.0465116279069767
"Homo sapiens" 10 130 41 NA NA 0.0487804878048781
"Homo sapiens" 10 140 40 NA NA 0.05
"Homo sapiens" 10 150 40 NA NA 0.05
"Homo sapiens" 10 160 39 NA NA 0.0512820512820513
"Homo sapiens" 10 170 39 NA NA 0.0512820512820513
"Homo sapiens" 10 180 37 NA NA 0.0540540540540541
"Homo sapiens" 10 190 34 NA NA 0.0588235294117647
"Homo sapiens" 10 200 33 NA NA 0.0606060606060606
"Homo sapiens" 11 22 427 0.00505674519280936 0.995965318277671 0.00936768149882904
"Homo sapiens" 11 33 415 0.00355521143543116 0.997163357660918 0.00963855421686747
"Homo sapiens" 11 44 403 1.99923329656534 0.0455831175150958 0.0198511166253102
"Homo sapiens" 11 55 376 0.00708782678656057 0.994344779787886 0.0212765957446809
"Homo sapiens" 11 66 320 0.0628220900896276 0.949908175262995 0.01875
"Homo sapiens" 11 77 211 NA NA 0.014218009478673
"Homo sapiens" 11 88 158 NA NA 0.0189873417721519
"Homo sapiens" 11 99 75 NA NA 0.0266666666666667
"Homo sapiens" 11 110 47 NA NA 0.0425531914893617
"Homo sapiens" 11 121 43 NA NA 0.0465116279069767
"Homo sapiens" 11 132 41 NA NA 0.0487804878048781
"Homo sapiens" 11 143 40 NA NA 0.05
"Homo sapiens" 11 154 39 NA NA 0.0512820512820513
"Homo sapiens" 11 165 39 NA NA 0.0512820512820513
"Homo sapiens" 11 176 37 NA NA 0.0540540540540541
"Homo sapiens" 11 187 34 NA NA 0.0588235294117647
"Homo sapiens" 11 198 33 NA NA 0.0606060606060606
"Homo sapiens" 12 24 425 0.00478910008699936 0.996178865587041 0.00941176470588235
"Homo sapiens" 12 36 412 0.00439200150383935 0.9964957010752 0.00970873786407767
"Homo sapiens" 12 48 397 1.99908400314786 0.0455992656508671 0.0201511335012594
"Homo sapiens" 12 60 361 0.0122463165772235 0.990229097304349 0.0249307479224377
"Homo sapiens" 12 72 249 0.132557174214251 0.894543603465118 0.0120481927710843
"Homo sapiens" 12 84 166 NA NA 0.0180722891566265
"Homo sapiens" 12 96 105 NA NA 0.019047619047619
"Homo sapiens" 12 108 49 NA NA 0.0408163265306122
"Homo sapiens" 12 120 43 NA NA 0.0465116279069767
"Homo sapiens" 12 132 41 NA NA 0.0487804878048781
"Homo sapiens" 12 144 40 NA NA 0.05
"Homo sapiens" 12 156 39 NA NA 0.0512820512820513
"Homo sapiens" 12 168 39 NA NA 0.0512820512820513
"Homo sapiens" 12 180 37 NA NA 0.0540540540540541
"Homo sapiens" 12 192 33 NA NA 0.0606060606060606
"Homo sapiens" 13 26 422 0.00547289377619067 0.995633284352131 0.00947867298578199
"Homo sapiens" 13 39 409 1.98425860442712 0.0472270183721963 0.019559902200489
"Homo sapiens" 13 52 386 2.13507630999865 0.03275477736528 0.0233160621761658
"Homo sapiens" 13 65 327 0.0520250493359019 0.958508733953527 0.018348623853211
"Homo sapiens" 13 78 209 NA NA 0.0143540669856459
"Homo sapiens" 13 91 150 NA NA 0.02
"Homo sapiens" 13 104 75 NA NA 0.0266666666666667
"Homo sapiens" 13 117 43 NA NA 0.0465116279069767
"Homo sapiens" 13 130 41 NA NA 0.0487804878048781
"Homo sapiens" 13 143 40 NA NA 0.05
"Homo sapiens" 13 156 39 NA NA 0.0512820512820513
"Homo sapiens" 13 169 39 NA NA 0.0512820512820513
"Homo sapiens" 13 182 37 NA NA 0.0540540540540541
"Homo sapiens" 13 195 33 NA NA 0.0606060606060606
"Homo sapiens" 14 28 422 0.00547289377619067 0.995633284352131 0.00947867298578199
"Homo sapiens" 14 42 407 1.98343675917976 0.0473186645282167 0.0196560196560197
"Homo sapiens" 14 56 373 0.00857074041071096 0.99316162227354 0.0214477211796247
"Homo sapiens" 14 70 272 NA NA 0.00735294117647059
"Homo sapiens" 14 84 166 NA NA 0.0180722891566265
"Homo sapiens" 14 98 75 NA NA 0.0266666666666667
"Homo sapiens" 14 112 45 NA NA 0.0444444444444444
"Homo sapiens" 14 126 43 NA NA 0.0465116279069767
"Homo sapiens" 14 140 40 NA NA 0.05
"Homo sapiens" 14 154 39 NA NA 0.0512820512820513
"Homo sapiens" 14 168 39 NA NA 0.0512820512820513
"Homo sapiens" 14 182 37 NA NA 0.0540540540540541
"Homo sapiens" 14 196 33 NA NA 0.0606060606060606
"Homo sapiens" 15 30 420 0.006024600593742 0.995193093279698 0.00952380952380952
"Homo sapiens" 15 45 402 1.97278960785951 0.0485195376545536 0.0199004975124378
"Homo sapiens" 15 60 361 0.0127941387542071 0.989792032710346 0.0249307479224377
"Homo sapiens" 15 75 218 NA NA 0.0137614678899083
"Homo sapiens" 15 90 151 NA NA 0.0198675496688742
"Homo sapiens" 15 105 73 NA NA 0.0273972602739726
"Homo sapiens" 15 120 43 NA NA 0.0465116279069767
"Homo sapiens" 15 135 41 NA NA 0.0487804878048781
"Homo sapiens" 15 150 40 NA NA 0.05
"Homo sapiens" 15 165 39 NA NA 0.0512820512820513
"Homo sapiens" 15 180 37 NA NA 0.0540540540540541
"Homo sapiens" 15 195 33 NA NA 0.0606060606060606
"Homo sapiens" 16 32 419 0.0053704183252133 0.995715046730606 0.00954653937947494
"Homo sapiens" 16 48 397 1.97649291407606 0.0480989775012707 0.0201511335012594
"Homo sapiens" 16 64 341 0.0276671060106919 0.977927659255756 0.0263929618768328
"Homo sapiens" 16 80 180 NA NA 0.0166666666666667
"Homo sapiens" 16 96 105 NA NA 0.019047619047619
"Homo sapiens" 16 112 45 NA NA 0.0444444444444444
"Homo sapiens" 16 128 42 NA NA 0.0476190476190476
"Homo sapiens" 16 144 40 NA NA 0.05
"Homo sapiens" 16 160 39 NA NA 0.0512820512820513
"Homo sapiens" 16 176 37 NA NA 0.0540540540540541
"Homo sapiens" 16 192 33 NA NA 0.0606060606060606
"Homo sapiens" 17 34 415 0.00664399491641148 0.994698898034969 0.00963855421686747
"Homo sapiens" 17 51 388 1.96682710658436 0.0492031464248246 0.0206185567010309
"Homo sapiens" 17 68 296 0.0123194577411006 0.99017074350101 0.00675675675675676
"Homo sapiens" 17 85 166 NA NA 0.0180722891566265
"Homo sapiens" 17 102 75 NA NA 0.0266666666666667
"Homo sapiens" 17 119 43 NA NA 0.0465116279069767
"Homo sapiens" 17 136 41 NA NA 0.0487804878048781
"Homo sapiens" 17 153 40 NA NA 0.05
"Homo sapiens" 17 170 39 NA NA 0.0512820512820513
"Homo sapiens" 17 187 34 NA NA 0.0588235294117647
"Homo sapiens" 18 36 412 0.00766229560365562 0.993886432459641 0.00970873786407767
"Homo sapiens" 18 54 381 2.10682414376052 0.0351328258627443 0.0236220472440945
"Homo sapiens" 18 72 249 NA NA 0.0120481927710843
"Homo sapiens" 18 90 151 NA NA 0.0198675496688742
"Homo sapiens" 18 108 49 NA NA 0.0408163265306122
"Homo sapiens" 18 126 43 NA NA 0.0465116279069767
"Homo sapiens" 18 144 40 NA NA 0.05
"Homo sapiens" 18 162 39 NA NA 0.0512820512820513
"Homo sapiens" 18 180 37 NA NA 0.0540540540540541
"Homo sapiens" 18 198 33 NA NA 0.0606060606060606
"Homo sapiens" 19 38 410 1.55302643096853 0.120416820290397 0.0146341463414634
"Homo sapiens" 19 57 370 0.013973129933347 0.988851418151658 0.0216216216216216
"Homo sapiens" 19 76 216 NA NA 0.0138888888888889
"Homo sapiens" 19 95 127 NA NA 0.0236220472440945
"Homo sapiens" 19 114 45 NA NA 0.0444444444444444
"Homo sapiens" 19 133 41 NA NA 0.0487804878048781
"Homo sapiens" 19 152 40 NA NA 0.05
"Homo sapiens" 19 171 39 NA NA 0.0512820512820513
"Homo sapiens" 19 190 34 NA NA 0.0588235294117647
"Homo sapiens" 20 40 408 1.95428110053293 0.0506679826921612 0.0196078431372549
"Homo sapiens" 20 60 361 0.0155965847165377 0.987556230353792 0.0249307479224377
"Homo sapiens" 20 80 180 NA NA 0.0166666666666667
"Homo sapiens" 20 100 75 NA NA 0.0266666666666667
"Homo sapiens" 20 120 43 NA NA 0.0465116279069767
"Homo sapiens" 20 140 40 NA NA 0.05
"Homo sapiens" 20 160 39 NA NA 0.0512820512820513
"Homo sapiens" 20 180 37 NA NA 0.0540540540540541
"Homo sapiens" 20 200 33 NA NA 0.0606060606060606
"Homo sapiens" 21 42 407 1.95007334479366 0.0511673777455603 0.0196560196560197
"Homo sapiens" 21 63 349 0.0248250049607688 0.980194546127901 0.0257879656160458
"Homo sapiens" 21 84 166 NA NA 0.0180722891566265
"Homo sapiens" 21 105 73 NA NA 0.0273972602739726
"Homo sapiens" 21 126 43 NA NA 0.0465116279069767
"Homo sapiens" 21 147 40 NA NA 0.05
"Homo sapiens" 21 168 39 NA NA 0.0512820512820513
"Homo sapiens" 21 189 34 NA NA 0.0588235294117647
"Homo sapiens" 22 44 403 1.94369769073399 0.051931917271804 0.0198511166253102
"Homo sapiens" 22 66 320 0.085286450145702 0.932033663499875 0.01875
"Homo sapiens" 22 88 158 NA NA 0.0189873417721519
"Homo sapiens" 22 110 47 NA NA 0.0425531914893617
"Homo sapiens" 22 132 41 NA NA 0.0487804878048781
"Homo sapiens" 22 154 39 NA NA 0.0512820512820513
"Homo sapiens" 22 176 37 NA NA 0.0540540540540541
"Homo sapiens" 22 198 33 NA NA 0.0606060606060606
"Homo sapiens" 23 46 401 1.93926386589338 0.0524692164107577 0.0199501246882793
"Homo sapiens" 23 69 283 NA NA 0.00706713780918728
"Homo sapiens" 23 92 146 NA NA 0.0205479452054795
"Homo sapiens" 23 115 44 NA NA 0.0454545454545455
"Homo sapiens" 23 138 41 NA NA 0.0487804878048781
"Homo sapiens" 23 161 39 NA NA 0.0512820512820513
"Homo sapiens" 23 184 36 NA NA 0.0555555555555556
"Homo sapiens" 24 48 397 1.94341899163426 0.0519655544465887 0.0201511335012594
"Homo sapiens" 24 72 249 NA NA 0.0120481927710843
"Homo sapiens" 24 96 105 NA NA 0.019047619047619
"Homo sapiens" 24 120 43 NA NA 0.0465116279069767
"Homo sapiens" 24 144 40 NA NA 0.05
"Homo sapiens" 24 168 39 NA NA 0.0512820512820513
"Homo sapiens" 24 192 33 NA NA 0.0606060606060606
"Homo sapiens" 25 50 391 1.92373646076832 0.0543876253667882 0.020460358056266
"Homo sapiens" 25 75 218 NA NA 0.0137614678899083
"Homo sapiens" 25 100 75 NA NA 0.0266666666666667
"Homo sapiens" 25 125 43 NA NA 0.0465116279069767
"Homo sapiens" 25 150 40 NA NA 0.05
"Homo sapiens" 25 175 37 NA NA 0.0540540540540541
"Homo sapiens" 25 200 33 NA NA 0.0606060606060606
"Homo sapiens" 26 52 386 2.09723669132925 0.0359726279772425 0.0233160621761658
"Homo sapiens" 26 78 209 NA NA 0.0143540669856459
"Homo sapiens" 26 104 75 NA NA 0.0266666666666667
"Homo sapiens" 26 130 41 NA NA 0.0487804878048781
"Homo sapiens" 26 156 39 NA NA 0.0512820512820513
"Homo sapiens" 26 182 37 NA NA 0.0540540540540541
"Homo sapiens" 27 54 381 2.07813621104171 0.0376968152950983 0.0236220472440945
"Homo sapiens" 27 81 176 NA NA 0.0170454545454545
"Homo sapiens" 27 108 49 NA NA 0.0408163265306122
"Homo sapiens" 27 135 41 NA NA 0.0487804878048781
"Homo sapiens" 27 162 39 NA NA 0.0512820512820513
"Homo sapiens" 27 189 34 NA NA 0.0588235294117647
"Homo sapiens" 28 56 373 0.0201120632094664 0.983953977042808 0.0214477211796247
"Homo sapiens" 28 84 166 NA NA 0.0180722891566265
"Homo sapiens" 28 112 45 NA NA 0.0444444444444444
"Homo sapiens" 28 140 40 NA NA 0.05
"Homo sapiens" 28 168 39 NA NA 0.0512820512820513
"Homo sapiens" 28 196 33 NA NA 0.0606060606060606
"Homo sapiens" 29 58 366 0.0231274042342554 0.981548646111638 0.0245901639344262
"Homo sapiens" 29 87 163 NA NA 0.0184049079754601
"Homo sapiens" 29 116 44 NA NA 0.0454545454545455
"Homo sapiens" 29 145 40 NA NA 0.05
"Homo sapiens" 29 174 38 NA NA 0.0526315789473684
"Homo sapiens" 30 60 361 0.0248437918409468 0.980179560987997 0.0249307479224377
"Homo sapiens" 30 90 151 NA NA 0.0198675496688742
"Homo sapiens" 30 120 43 NA NA 0.0465116279069767
"Homo sapiens" 30 150 40 NA NA 0.05
"Homo sapiens" 30 180 37 NA NA 0.0540540540540541
"Homo sapiens" 31 62 351 0.0371698717173324 0.970349560891508 0.0256410256410256
"Homo sapiens" 31 93 142 NA NA 0.0211267605633803
"Homo sapiens" 31 124 43 NA NA 0.0465116279069767
"Homo sapiens" 31 155 39 NA NA 0.0512820512820513
"Homo sapiens" 31 186 35 NA NA 0.0571428571428571
"Homo sapiens" 32 64 341 0.0517756118252682 0.958707488424362 0.0263929618768328
"Homo sapiens" 32 96 105 NA NA 0.019047619047619
"Homo sapiens" 32 128 42 NA NA 0.0476190476190476
"Homo sapiens" 32 160 39 NA NA 0.0512820512820513
"Homo sapiens" 32 192 33 NA NA 0.0606060606060606
"Homo sapiens" 33 66 320 0.110459868116767 0.912044675656673 0.01875
"Homo sapiens" 33 99 75 NA NA 0.0266666666666667
"Homo sapiens" 33 132 41 NA NA 0.0487804878048781
"Homo sapiens" 33 165 39 NA NA 0.0512820512820513
"Homo sapiens" 33 198 33 NA NA 0.0606060606060606
"Homo sapiens" 34 68 296 NA NA 0.00675675675675676
"Homo sapiens" 34 102 75 NA NA 0.0266666666666667
"Homo sapiens" 34 136 41 NA NA 0.0487804878048781
"Homo sapiens" 34 170 39 NA NA 0.0512820512820513
"Homo sapiens" 35 70 272 0.117000836083886 0.906859390933853 0.00735294117647059
"Homo sapiens" 35 105 73 NA NA 0.0273972602739726
"Homo sapiens" 35 140 40 NA NA 0.05
"Homo sapiens" 35 175 37 NA NA 0.0540540540540541
"Homo sapiens" 36 72 249 NA NA 0.0120481927710843
"Homo sapiens" 36 108 49 NA NA 0.0408163265306122
"Homo sapiens" 36 144 40 NA NA 0.05
"Homo sapiens" 36 180 37 NA NA 0.0540540540540541
"Homo sapiens" 37 74 225 NA NA 0.0133333333333333
"Homo sapiens" 37 111 45 NA NA 0.0444444444444444
"Homo sapiens" 37 148 40 NA NA 0.05
"Homo sapiens" 37 185 35 NA NA 0.0571428571428571
"Homo sapiens" 38 76 216 NA NA 0.0138888888888889
"Homo sapiens" 38 114 45 NA NA 0.0444444444444444
"Homo sapiens" 38 152 40 NA NA 0.05
"Homo sapiens" 38 190 34 NA NA 0.0588235294117647
"Homo sapiens" 39 78 209 NA NA 0.0143540669856459
"Homo sapiens" 39 117 43 NA NA 0.0465116279069767
"Homo sapiens" 39 156 39 NA NA 0.0512820512820513
"Homo sapiens" 39 195 33 NA NA 0.0606060606060606
"Homo sapiens" 40 80 180 NA NA 0.0166666666666667
"Homo sapiens" 40 120 43 NA NA 0.0465116279069767
"Homo sapiens" 40 160 39 NA NA 0.0512820512820513
"Homo sapiens" 40 200 33 NA NA 0.0606060606060606
"Homo sapiens" 41 82 170 NA NA 0.0176470588235294
"Homo sapiens" 41 123 43 NA NA 0.0465116279069767
"Homo sapiens" 41 164 39 NA NA 0.0512820512820513
"Homo sapiens" 42 84 166 NA NA 0.0180722891566265
"Homo sapiens" 42 126 43 NA NA 0.0465116279069767
"Homo sapiens" 42 168 39 NA NA 0.0512820512820513
"Homo sapiens" 43 86 165 NA NA 0.0181818181818182
"Homo sapiens" 43 129 42 NA NA 0.0476190476190476
"Homo sapiens" 43 172 39 NA NA 0.0512820512820513
"Homo sapiens" 44 88 158 NA NA 0.0189873417721519
"Homo sapiens" 44 132 41 NA NA 0.0487804878048781
"Homo sapiens" 44 176 37 NA NA 0.0540540540540541
"Homo sapiens" 45 90 151 NA NA 0.0198675496688742
"Homo sapiens" 45 135 41 NA NA 0.0487804878048781
"Homo sapiens" 45 180 37 NA NA 0.0540540540540541
"Homo sapiens" 46 92 146 NA NA 0.0205479452054795
"Homo sapiens" 46 138 41 NA NA 0.0487804878048781
"Homo sapiens" 46 184 36 NA NA 0.0555555555555556
"Homo sapiens" 47 94 142 NA NA 0.0211267605633803
"Homo sapiens" 47 141 40 NA NA 0.05
"Homo sapiens" 47 188 34 NA NA 0.0588235294117647
"Homo sapiens" 48 96 105 NA NA 0.019047619047619
"Homo sapiens" 48 144 40 NA NA 0.05
"Homo sapiens" 48 192 33 NA NA 0.0606060606060606
"Homo sapiens" 49 98 75 NA NA 0.0266666666666667
"Homo sapiens" 49 147 40 NA NA 0.05
"Homo sapiens" 49 196 33 NA NA 0.0606060606060606
"Homo sapiens" 50 100 75 NA NA 0.0266666666666667
"Homo sapiens" 50 150 40 NA NA 0.05
"Homo sapiens" 50 200 33 NA NA 0.0606060606060606
"Homo sapiens" 51 102 75 NA NA 0.0266666666666667
"Homo sapiens" 51 153 40 NA NA 0.05
"Homo sapiens" 52 104 75 NA NA 0.0266666666666667
"Homo sapiens" 52 156 39 NA NA 0.0512820512820513
"Homo sapiens" 53 106 61 NA NA 0.0327868852459016
"Homo sapiens" 53 159 39 NA NA 0.0512820512820513
"Homo sapiens" 54 108 49 NA NA 0.0408163265306122
"Homo sapiens" 54 162 39 NA NA 0.0512820512820513
"Homo sapiens" 55 110 47 NA NA 0.0425531914893617
"Homo sapiens" 55 165 39 NA NA 0.0512820512820513
"Homo sapiens" 56 112 45 NA NA 0.0444444444444444
"Homo sapiens" 56 168 39 NA NA 0.0512820512820513
"Homo sapiens" 57 114 45 NA NA 0.0444444444444444
"Homo sapiens" 57 171 39 NA NA 0.0512820512820513
"Homo sapiens" 58 116 44 NA NA 0.0454545454545455
"Homo sapiens" 58 174 38 NA NA 0.0526315789473684
"Homo sapiens" 59 118 43 NA NA 0.0465116279069767
"Homo sapiens" 59 177 37 NA NA 0.0540540540540541
"Homo sapiens" 60 120 43 NA NA 0.0465116279069767
"Homo sapiens" 60 180 37 NA NA 0.0540540540540541
"Homo sapiens" 61 122 43 NA NA 0.0465116279069767
"Homo sapiens" 61 183 37 NA NA 0.0540540540540541
"Homo sapiens" 62 124 43 NA NA 0.0465116279069767
"Homo sapiens" 62 186 35 NA NA 0.0571428571428571
"Homo sapiens" 63 126 43 NA NA 0.0465116279069767
"Homo sapiens" 63 189 34 NA NA 0.0588235294117647
"Homo sapiens" 64 128 42 NA NA 0.0476190476190476
"Homo sapiens" 64 192 33 NA NA 0.0606060606060606
"Homo sapiens" 65 130 41 NA NA 0.0487804878048781
"Homo sapiens" 65 195 33 NA NA 0.0606060606060606
"Homo sapiens" 66 132 41 NA NA 0.0487804878048781
"Homo sapiens" 66 198 33 NA NA 0.0606060606060606
"Homo sapiens" 67 134 41 NA NA 0.0487804878048781
"Homo sapiens" 68 136 41 NA NA 0.0487804878048781
"Homo sapiens" 69 138 41 NA NA 0.0487804878048781
"Homo sapiens" 70 140 40 NA NA 0.05
"Homo sapiens" 71 142 40 NA NA 0.05
"Homo sapiens" 72 144 40 NA NA 0.05
"Homo sapiens" 73 146 40 NA NA 0.05
"Homo sapiens" 74 148 40 NA NA 0.05
"Homo sapiens" 75 150 40 NA NA 0.05
"Homo sapiens" 76 152 40 NA NA 0.05
"Homo sapiens" 77 154 39 NA NA 0.0512820512820513
"Homo sapiens" 78 156 39 NA NA 0.0512820512820513
"Homo sapiens" 79 158 39 NA NA 0.0512820512820513
"Homo sapiens" 80 160 39 NA NA 0.0512820512820513
"Homo sapiens" 81 162 39 NA NA 0.0512820512820513
"Homo sapiens" 82 164 39 NA NA 0.0512820512820513
"Homo sapiens" 83 166 39 NA NA 0.0512820512820513
"Homo sapiens" 84 168 39 NA NA 0.0512820512820513
"Homo sapiens" 85 170 39 NA NA 0.0512820512820513
"Homo sapiens" 86 172 39 NA NA 0.0512820512820513
"Homo sapiens" 87 174 38 NA NA 0.0526315789473684
"Homo sapiens" 88 176 37 NA NA 0.0540540540540541
"Homo sapiens" 89 178 37 NA NA 0.0540540540540541
"Homo sapiens" 90 180 37 NA NA 0.0540540540540541
"Homo sapiens" 91 182 37 NA NA 0.0540540540540541
"Homo sapiens" 92 184 36 NA NA 0.0555555555555556
"Homo sapiens" 93 186 35 NA NA 0.0571428571428571
"Homo sapiens" 94 188 34 NA NA 0.0588235294117647
"Homo sapiens" 95 190 34 NA NA 0.0588235294117647
"Homo sapiens" 96 192 33 NA NA 0.0606060606060606
"Homo sapiens" 97 194 33 NA NA 0.0606060606060606
"Homo sapiens" 98 196 33 NA NA 0.0606060606060606
"Homo sapiens" 99 198 33 NA NA 0.0606060606060606
"Homo sapiens" 100 200 33 NA NA 0.0606060606060606
