"species" "time_interval" "study_duration" "n_cams" "z" "P" "p_presence"
"Hyemoschus aquaticus" 1 2 454 -2.09784607185288 0.0359187451575856 0.0308370044052863
"Hyemoschus aquaticus" 1 3 454 -2.25554131466408 0.0240993720690272 0.0440528634361234
"Hyemoschus aquaticus" 1 4 452 -1.82783521323619 0.0675742866540513 0.0486725663716814
"Hyemoschus aquaticus" 1 5 450 -2.10016949901663 0.0357139334265114 0.0533333333333333
"Hyemoschus aquaticus" 1 6 449 -2.14162208316853 0.0322239052340026 0.0534521158129176
"Hyemoschus aquaticus" 1 7 447 -1.93371832660782 0.0531477693087912 0.0648769574944072
"Hyemoschus aquaticus" 1 8 447 -2.32027409391649 0.0203260546119173 0.0715883668903803
"Hyemoschus aquaticus" 1 9 447 -2.62119513206718 0.00876220931218448 0.0782997762863535
"Hyemoschus aquaticus" 1 10 445 -2.79354708274892 0.00521334391527572 0.0808988764044944
"Hyemoschus aquaticus" 1 11 440 -2.93746176184106 0.00330910977366113 0.0886363636363636
"Hyemoschus aquaticus" 1 12 439 -2.96599115295479 0.00301709168445728 0.0888382687927107
"Hyemoschus aquaticus" 1 13 438 -3.03377683258307 0.00241513014443343 0.091324200913242
"Hyemoschus aquaticus" 1 14 436 -3.28111725515583 0.00103396750332468 0.0963302752293578
"Hyemoschus aquaticus" 1 15 436 -3.38712363918553 0.000706295500597988 0.0986238532110092
"Hyemoschus aquaticus" 1 16 435 -3.52671685720041 0.000420746449667104 0.101149425287356
"Hyemoschus aquaticus" 1 17 435 -3.34863006292848 0.000812121526427784 0.103448275862069
"Hyemoschus aquaticus" 1 18 434 -3.41665168629646 0.000633963350225115 0.1036866359447
"Hyemoschus aquaticus" 1 19 432 -3.45410689015272 0.000552118495715983 0.104166666666667
"Hyemoschus aquaticus" 1 20 430 -3.48545060319746 0.000491308925343521 0.104651162790698
"Hyemoschus aquaticus" 1 21 429 -3.46492211266397 0.000530385063670012 0.10955710955711
"Hyemoschus aquaticus" 1 22 427 -3.50258340122225 0.000460769507548463 0.110070257611241
"Hyemoschus aquaticus" 1 23 426 -3.4052980222077 0.000660918836153942 0.112676056338028
"Hyemoschus aquaticus" 1 24 425 -3.4452599196025 0.000570510513728964 0.112941176470588
"Hyemoschus aquaticus" 1 25 423 -3.5635867562268 0.000365821712509011 0.115839243498818
"Hyemoschus aquaticus" 1 26 422 -3.47612577520629 0.000508713646655945 0.113744075829384
"Hyemoschus aquaticus" 1 27 422 -3.3878860724031 0.00070433513840562 0.12085308056872
"Hyemoschus aquaticus" 1 28 422 -3.39569992308913 0.000684533619103006 0.125592417061611
"Hyemoschus aquaticus" 1 29 422 -3.31721479587604 0.000909196884997806 0.127962085308057
"Hyemoschus aquaticus" 1 30 420 -3.33540581645746 0.000851750007053267 0.128571428571429
"Hyemoschus aquaticus" 1 31 419 -3.38250546294335 0.00071827849271329 0.128878281622912
"Hyemoschus aquaticus" 1 32 419 -3.29890946648624 0.000970612090794085 0.13126491646778
"Hyemoschus aquaticus" 1 33 415 -3.27868828568792 0.00104290765284118 0.132530120481928
"Hyemoschus aquaticus" 1 34 415 -3.45038843920105 0.000559780475578106 0.134939759036145
"Hyemoschus aquaticus" 1 35 413 -3.41785024397913 0.000631178256882903 0.13317191283293
"Hyemoschus aquaticus" 1 36 412 -3.58055895641502 0.000342859968182725 0.135922330097087
"Hyemoschus aquaticus" 1 37 410 -3.68635492081118 0.000227489031183358 0.136585365853659
"Hyemoschus aquaticus" 1 38 410 -3.72158039660375 0.000197979810976435 0.136585365853659
"Hyemoschus aquaticus" 1 39 409 -3.81015937749146 0.000138877233812411 0.136919315403423
"Hyemoschus aquaticus" 1 40 408 -3.86254877400936 0.000112210152907231 0.137254901960784
"Hyemoschus aquaticus" 1 41 407 -3.88560756642501 0.000102074283475278 0.137592137592138
"Hyemoschus aquaticus" 1 42 407 -3.91625971042348 8.99333654586073e-05 0.137592137592138
"Hyemoschus aquaticus" 1 43 405 -3.85873022196039 0.00011397766862851 0.135802469135802
"Hyemoschus aquaticus" 1 44 403 -3.84265829564439 0.000121708865239587 0.133995037220844
"Hyemoschus aquaticus" 1 45 402 -4.03617303696433 5.43301520670757e-05 0.13681592039801
"Hyemoschus aquaticus" 1 46 401 -4.14149919933286 3.45043077790584e-05 0.139650872817955
"Hyemoschus aquaticus" 1 47 398 -4.05767851820224 4.9562929085607e-05 0.14321608040201
"Hyemoschus aquaticus" 1 48 397 -4.11170185039976 3.92753286378883e-05 0.143576826196474
"Hyemoschus aquaticus" 1 49 395 -4.17479795247585 2.98250638393753e-05 0.144303797468354
"Hyemoschus aquaticus" 1 50 391 -4.23380703279953 2.2976811977918e-05 0.145780051150895
"Hyemoschus aquaticus" 1 51 388 -4.20225242414749 2.64272207042095e-05 0.146907216494845
"Hyemoschus aquaticus" 1 52 386 -4.13698763356213 3.51895066566258e-05 0.147668393782383
"Hyemoschus aquaticus" 1 53 382 -4.11673828870005 3.8427200446187e-05 0.149214659685864
"Hyemoschus aquaticus" 1 54 381 -4.09508735871809 4.220092325131e-05 0.154855643044619
"Hyemoschus aquaticus" 1 55 376 -4.10851907589691 3.9820431876541e-05 0.156914893617021
"Hyemoschus aquaticus" 1 56 373 -4.09706729717236 4.18417291894439e-05 0.158176943699732
"Hyemoschus aquaticus" 1 57 370 -3.80497439995984 0.000141818857630805 0.156756756756757
"Hyemoschus aquaticus" 1 58 366 -3.8321412477396 0.000127032765832489 0.155737704918033
"Hyemoschus aquaticus" 1 59 364 -3.83253777448867 0.000126828117213749 0.156593406593407
"Hyemoschus aquaticus" 1 60 361 -3.58464336278347 0.000337539118441656 0.155124653739612
"Hyemoschus aquaticus" 1 61 356 -3.53920867558861 0.00040132846803619 0.157303370786517
"Hyemoschus aquaticus" 1 62 351 -3.47924877694568 0.000502821569019982 0.15954415954416
"Hyemoschus aquaticus" 1 63 349 -3.58594024089642 0.000335865871475774 0.157593123209169
"Hyemoschus aquaticus" 1 64 341 -3.44741067354067 0.000565987534110924 0.161290322580645
"Hyemoschus aquaticus" 1 65 327 -4.23495444754674 2.2859804087325e-05 0.152905198776758
"Hyemoschus aquaticus" 1 66 320 -4.18756135701335 2.81967806489727e-05 0.15
"Hyemoschus aquaticus" 1 67 304 -3.55946185861382 0.000371615497050753 0.161184210526316
"Hyemoschus aquaticus" 1 68 296 -3.44408797892175 0.000572989218901471 0.162162162162162
"Hyemoschus aquaticus" 1 69 283 -1.98452927058589 0.0471968683644012 0.173144876325088
"Hyemoschus aquaticus" 1 70 272 -1.10175529088539 0.270568072262397 0.172794117647059
"Hyemoschus aquaticus" 1 71 268 -0.492573138594901 0.622314231705381 0.175373134328358
"Hyemoschus aquaticus" 1 72 249 -0.884309785469045 0.376529007313149 0.180722891566265
"Hyemoschus aquaticus" 1 73 231 NA NA 0.173160173160173
"Hyemoschus aquaticus" 1 74 225 NA NA 0.16
"Hyemoschus aquaticus" 1 75 218 NA NA 0.142201834862385
"Hyemoschus aquaticus" 1 76 216 NA NA 0.138888888888889
"Hyemoschus aquaticus" 1 77 211 NA NA 0.137440758293839
"Hyemoschus aquaticus" 1 78 209 NA NA 0.138755980861244
"Hyemoschus aquaticus" 1 79 195 NA NA 0.123076923076923
"Hyemoschus aquaticus" 1 80 180 NA NA 0.111111111111111
"Hyemoschus aquaticus" 1 81 176 NA NA 0.107954545454545
"Hyemoschus aquaticus" 1 82 170 NA NA 0.105882352941176
"Hyemoschus aquaticus" 1 83 166 NA NA 0.102409638554217
"Hyemoschus aquaticus" 1 84 166 NA NA 0.102409638554217
"Hyemoschus aquaticus" 1 85 166 NA NA 0.102409638554217
"Hyemoschus aquaticus" 1 86 165 NA NA 0.109090909090909
"Hyemoschus aquaticus" 1 87 163 NA NA 0.110429447852761
"Hyemoschus aquaticus" 1 88 158 NA NA 0.113924050632911
"Hyemoschus aquaticus" 1 89 153 NA NA 0.117647058823529
"Hyemoschus aquaticus" 1 90 151 NA NA 0.119205298013245
"Hyemoschus aquaticus" 1 91 150 NA NA 0.12
"Hyemoschus aquaticus" 1 92 146 NA NA 0.123287671232877
"Hyemoschus aquaticus" 1 93 142 NA NA 0.119718309859155
"Hyemoschus aquaticus" 1 94 142 NA NA 0.119718309859155
"Hyemoschus aquaticus" 1 95 127 NA NA 0.110236220472441
"Hyemoschus aquaticus" 1 96 105 NA NA 0.0857142857142857
"Hyemoschus aquaticus" 1 97 89 NA NA 0.0786516853932584
"Hyemoschus aquaticus" 1 98 75 NA NA 0.08
"Hyemoschus aquaticus" 1 99 75 NA NA 0.08
"Hyemoschus aquaticus" 1 100 75 NA NA 0.08
"Hyemoschus aquaticus" 1 101 75 NA NA 0.08
"Hyemoschus aquaticus" 1 102 75 NA NA 0.08
"Hyemoschus aquaticus" 1 103 75 NA NA 0.08
"Hyemoschus aquaticus" 1 104 75 NA NA 0.08
"Hyemoschus aquaticus" 1 105 73 NA NA 0.0821917808219178
"Hyemoschus aquaticus" 1 106 61 NA NA 0.0983606557377049
"Hyemoschus aquaticus" 1 107 56 NA NA 0.0892857142857143
"Hyemoschus aquaticus" 1 108 49 NA NA 0.0816326530612245
"Hyemoschus aquaticus" 1 109 48 NA NA 0.0833333333333333
"Hyemoschus aquaticus" 1 110 47 NA NA 0.0851063829787234
"Hyemoschus aquaticus" 1 111 45 NA NA 0.0888888888888889
"Hyemoschus aquaticus" 1 112 45 NA NA 0.0888888888888889
"Hyemoschus aquaticus" 1 113 45 NA NA 0.0888888888888889
"Hyemoschus aquaticus" 1 114 45 NA NA 0.0888888888888889
"Hyemoschus aquaticus" 1 115 44 NA NA 0.0909090909090909
"Hyemoschus aquaticus" 1 116 44 NA NA 0.0909090909090909
"Hyemoschus aquaticus" 1 117 43 NA NA 0.0930232558139535
"Hyemoschus aquaticus" 1 118 43 NA NA 0.0930232558139535
"Hyemoschus aquaticus" 1 119 43 NA NA 0.0930232558139535
"Hyemoschus aquaticus" 1 120 43 NA NA 0.0930232558139535
"Hyemoschus aquaticus" 1 121 43 NA NA 0.0930232558139535
"Hyemoschus aquaticus" 1 122 43 NA NA 0.0930232558139535
"Hyemoschus aquaticus" 1 123 43 NA NA 0.0930232558139535
"Hyemoschus aquaticus" 1 124 43 NA NA 0.0930232558139535
"Hyemoschus aquaticus" 1 125 43 NA NA 0.0930232558139535
"Hyemoschus aquaticus" 1 126 43 NA NA 0.0930232558139535
"Hyemoschus aquaticus" 1 127 43 NA NA 0.0930232558139535
"Hyemoschus aquaticus" 1 128 42 NA NA 0.0952380952380952
"Hyemoschus aquaticus" 1 129 42 NA NA 0.0952380952380952
"Hyemoschus aquaticus" 1 130 41 NA NA 0.0975609756097561
"Hyemoschus aquaticus" 1 131 41 NA NA 0.0975609756097561
"Hyemoschus aquaticus" 1 132 41 NA NA 0.0975609756097561
"Hyemoschus aquaticus" 1 133 41 NA NA 0.0975609756097561
"Hyemoschus aquaticus" 1 134 41 NA NA 0.0975609756097561
"Hyemoschus aquaticus" 1 135 41 NA NA 0.0975609756097561
"Hyemoschus aquaticus" 1 136 41 NA NA 0.0975609756097561
"Hyemoschus aquaticus" 1 137 41 NA NA 0.0975609756097561
"Hyemoschus aquaticus" 1 138 41 NA NA 0.0975609756097561
"Hyemoschus aquaticus" 1 139 40 NA NA 0.1
"Hyemoschus aquaticus" 1 140 40 NA NA 0.1
"Hyemoschus aquaticus" 1 141 40 NA NA 0.1
"Hyemoschus aquaticus" 1 142 40 NA NA 0.1
"Hyemoschus aquaticus" 1 143 40 NA NA 0.1
"Hyemoschus aquaticus" 1 144 40 NA NA 0.1
"Hyemoschus aquaticus" 1 145 40 NA NA 0.1
"Hyemoschus aquaticus" 1 146 40 NA NA 0.1
"Hyemoschus aquaticus" 1 147 40 NA NA 0.1
"Hyemoschus aquaticus" 1 148 40 NA NA 0.1
"Hyemoschus aquaticus" 1 149 40 NA NA 0.1
"Hyemoschus aquaticus" 1 150 40 NA NA 0.1
"Hyemoschus aquaticus" 1 151 40 NA NA 0.1
"Hyemoschus aquaticus" 1 152 40 NA NA 0.1
"Hyemoschus aquaticus" 1 153 40 NA NA 0.1
"Hyemoschus aquaticus" 1 154 39 NA NA 0.102564102564103
"Hyemoschus aquaticus" 1 155 39 NA NA 0.102564102564103
"Hyemoschus aquaticus" 1 156 39 NA NA 0.102564102564103
"Hyemoschus aquaticus" 1 157 39 NA NA 0.102564102564103
"Hyemoschus aquaticus" 1 158 39 NA NA 0.102564102564103
"Hyemoschus aquaticus" 1 159 39 NA NA 0.102564102564103
"Hyemoschus aquaticus" 1 160 39 NA NA 0.102564102564103
"Hyemoschus aquaticus" 1 161 39 NA NA 0.102564102564103
"Hyemoschus aquaticus" 1 162 39 NA NA 0.102564102564103
"Hyemoschus aquaticus" 1 163 39 NA NA 0.102564102564103
"Hyemoschus aquaticus" 1 164 39 NA NA 0.102564102564103
"Hyemoschus aquaticus" 1 165 39 NA NA 0.102564102564103
"Hyemoschus aquaticus" 1 166 39 NA NA 0.102564102564103
"Hyemoschus aquaticus" 1 167 39 NA NA 0.102564102564103
"Hyemoschus aquaticus" 1 168 39 NA NA 0.102564102564103
"Hyemoschus aquaticus" 1 169 39 NA NA 0.102564102564103
"Hyemoschus aquaticus" 1 170 39 NA NA 0.102564102564103
"Hyemoschus aquaticus" 1 171 39 NA NA 0.102564102564103
"Hyemoschus aquaticus" 1 172 39 NA NA 0.102564102564103
"Hyemoschus aquaticus" 1 173 38 NA NA 0.105263157894737
"Hyemoschus aquaticus" 1 174 38 NA NA 0.105263157894737
"Hyemoschus aquaticus" 1 175 37 NA NA 0.0810810810810811
"Hyemoschus aquaticus" 1 176 37 NA NA 0.0810810810810811
"Hyemoschus aquaticus" 1 177 37 NA NA 0.0810810810810811
"Hyemoschus aquaticus" 1 178 37 NA NA 0.0810810810810811
"Hyemoschus aquaticus" 1 179 37 NA NA 0.0810810810810811
"Hyemoschus aquaticus" 1 180 37 NA NA 0.0810810810810811
"Hyemoschus aquaticus" 1 181 37 NA NA 0.0810810810810811
"Hyemoschus aquaticus" 1 182 37 NA NA 0.0810810810810811
"Hyemoschus aquaticus" 1 183 37 NA NA 0.0810810810810811
"Hyemoschus aquaticus" 1 184 36 NA NA 0.0833333333333333
"Hyemoschus aquaticus" 1 185 35 NA NA 0.0857142857142857
"Hyemoschus aquaticus" 1 186 35 NA NA 0.0857142857142857
"Hyemoschus aquaticus" 1 187 34 NA NA 0.0882352941176471
"Hyemoschus aquaticus" 1 188 34 NA NA 0.0882352941176471
"Hyemoschus aquaticus" 1 189 34 NA NA 0.0882352941176471
"Hyemoschus aquaticus" 1 190 34 NA NA 0.0882352941176471
"Hyemoschus aquaticus" 1 191 33 NA NA 0.0909090909090909
"Hyemoschus aquaticus" 1 192 33 NA NA 0.0909090909090909
"Hyemoschus aquaticus" 1 193 33 NA NA 0.0909090909090909
"Hyemoschus aquaticus" 1 194 33 NA NA 0.0909090909090909
"Hyemoschus aquaticus" 1 195 33 NA NA 0.0909090909090909
"Hyemoschus aquaticus" 1 196 33 NA NA 0.0909090909090909
"Hyemoschus aquaticus" 1 197 33 NA NA 0.0909090909090909
"Hyemoschus aquaticus" 1 198 33 NA NA 0.0909090909090909
"Hyemoschus aquaticus" 1 199 33 NA NA 0.0909090909090909
"Hyemoschus aquaticus" 1 200 33 NA NA 0.0909090909090909
"Hyemoschus aquaticus" 2 4 452 -1.73424459773001 0.082874692972105 0.0486725663716814
"Hyemoschus aquaticus" 2 6 449 -2.04680581752297 0.0406771542527696 0.0534521158129176
"Hyemoschus aquaticus" 2 8 447 -2.19213794821795 0.028369547362171 0.0715883668903803
"Hyemoschus aquaticus" 2 10 445 -2.7186084996075 0.00655571510534874 0.0808988764044944
"Hyemoschus aquaticus" 2 12 439 -2.87722094881655 0.00401194574830456 0.0888382687927107
"Hyemoschus aquaticus" 2 14 436 -3.19100718439189 0.00141777754692366 0.0963302752293578
"Hyemoschus aquaticus" 2 16 435 -3.41556671888742 0.000636494347377453 0.101149425287356
"Hyemoschus aquaticus" 2 18 434 -3.29641352063082 0.000979277581775739 0.1036866359447
"Hyemoschus aquaticus" 2 20 430 -3.35629151032232 0.00078995256391049 0.104651162790698
"Hyemoschus aquaticus" 2 22 427 -3.40682448182087 0.000657233766582704 0.110070257611241
"Hyemoschus aquaticus" 2 24 425 -3.32839443053754 0.000873481028262048 0.112941176470588
"Hyemoschus aquaticus" 2 26 422 -3.34446364191972 0.000824418347526814 0.113744075829384
"Hyemoschus aquaticus" 2 28 422 -3.24070203782096 0.0011923574392556 0.125592417061611
"Hyemoschus aquaticus" 2 30 420 -3.16886330940913 0.00153036349702961 0.128571428571429
"Hyemoschus aquaticus" 2 32 419 -3.1355604150755 0.00171526094475622 0.13126491646778
"Hyemoschus aquaticus" 2 34 415 -3.25384834148684 0.00113853043883902 0.134939759036145
"Hyemoschus aquaticus" 2 36 412 -3.36661713745506 0.000760962563111882 0.135922330097087
"Hyemoschus aquaticus" 2 38 410 -3.5328806998059 0.00041105791937902 0.136585365853659
"Hyemoschus aquaticus" 2 40 408 -3.64777381252629 0.000264522347315177 0.137254901960784
"Hyemoschus aquaticus" 2 42 407 -3.67691030204959 0.000236076004978751 0.137592137592138
"Hyemoschus aquaticus" 2 44 403 -3.60168770686586 0.000316158020914572 0.133995037220844
"Hyemoschus aquaticus" 2 46 401 -3.85747648954174 0.000114563694770827 0.139650872817955
"Hyemoschus aquaticus" 2 48 397 -3.82303274883536 0.000131820263760953 0.143576826196474
"Hyemoschus aquaticus" 2 50 391 -3.93401054570272 8.35401154656467e-05 0.145780051150895
"Hyemoschus aquaticus" 2 52 386 -3.85164611851367 0.000117326489554679 0.147668393782383
"Hyemoschus aquaticus" 2 54 381 -3.83370126347224 0.000126229429216551 0.154855643044619
"Hyemoschus aquaticus" 2 56 373 -3.82515940835575 0.000130687496510979 0.158176943699732
"Hyemoschus aquaticus" 2 58 366 -3.56662284446143 0.000361611335363084 0.155737704918033
"Hyemoschus aquaticus" 2 60 361 -3.33093158970151 0.000865558710838724 0.155124653739612
"Hyemoschus aquaticus" 2 62 351 -3.20964194285692 0.00132900410228051 0.15954415954416
"Hyemoschus aquaticus" 2 64 341 -3.22293369636514 0.00126884920547887 0.161290322580645
"Hyemoschus aquaticus" 2 66 320 -3.73697047451004 0.000186250784350403 0.15
"Hyemoschus aquaticus" 2 68 296 -3.01696898182041 0.00255315935883453 0.162162162162162
"Hyemoschus aquaticus" 2 70 272 -0.806960652064522 0.419689153175505 0.172794117647059
"Hyemoschus aquaticus" 2 72 249 -0.694006115488428 0.487678373752755 0.180722891566265
"Hyemoschus aquaticus" 2 74 225 NA NA 0.16
"Hyemoschus aquaticus" 2 76 216 NA NA 0.138888888888889
"Hyemoschus aquaticus" 2 78 209 NA NA 0.138755980861244
"Hyemoschus aquaticus" 2 80 180 NA NA 0.111111111111111
"Hyemoschus aquaticus" 2 82 170 NA NA 0.105882352941176
"Hyemoschus aquaticus" 2 84 166 NA NA 0.102409638554217
"Hyemoschus aquaticus" 2 86 165 NA NA 0.109090909090909
"Hyemoschus aquaticus" 2 88 158 NA NA 0.113924050632911
"Hyemoschus aquaticus" 2 90 151 NA NA 0.119205298013245
"Hyemoschus aquaticus" 2 92 146 NA NA 0.123287671232877
"Hyemoschus aquaticus" 2 94 142 NA NA 0.119718309859155
"Hyemoschus aquaticus" 2 96 105 NA NA 0.0857142857142857
"Hyemoschus aquaticus" 2 98 75 NA NA 0.08
"Hyemoschus aquaticus" 2 100 75 NA NA 0.08
"Hyemoschus aquaticus" 2 102 75 NA NA 0.08
"Hyemoschus aquaticus" 2 104 75 NA NA 0.08
"Hyemoschus aquaticus" 2 106 61 NA NA 0.0983606557377049
"Hyemoschus aquaticus" 2 108 49 NA NA 0.0816326530612245
"Hyemoschus aquaticus" 2 110 47 NA NA 0.0851063829787234
"Hyemoschus aquaticus" 2 112 45 NA NA 0.0888888888888889
"Hyemoschus aquaticus" 2 114 45 NA NA 0.0888888888888889
"Hyemoschus aquaticus" 2 116 44 NA NA 0.0909090909090909
"Hyemoschus aquaticus" 2 118 43 NA NA 0.0930232558139535
"Hyemoschus aquaticus" 2 120 43 NA NA 0.0930232558139535
"Hyemoschus aquaticus" 2 122 43 NA NA 0.0930232558139535
"Hyemoschus aquaticus" 2 124 43 NA NA 0.0930232558139535
"Hyemoschus aquaticus" 2 126 43 NA NA 0.0930232558139535
"Hyemoschus aquaticus" 2 128 42 NA NA 0.0952380952380952
"Hyemoschus aquaticus" 2 130 41 NA NA 0.0975609756097561
"Hyemoschus aquaticus" 2 132 41 NA NA 0.0975609756097561
"Hyemoschus aquaticus" 2 134 41 NA NA 0.0975609756097561
"Hyemoschus aquaticus" 2 136 41 NA NA 0.0975609756097561
"Hyemoschus aquaticus" 2 138 41 NA NA 0.0975609756097561
"Hyemoschus aquaticus" 2 140 40 NA NA 0.1
"Hyemoschus aquaticus" 2 142 40 NA NA 0.1
"Hyemoschus aquaticus" 2 144 40 NA NA 0.1
"Hyemoschus aquaticus" 2 146 40 NA NA 0.1
"Hyemoschus aquaticus" 2 148 40 NA NA 0.1
"Hyemoschus aquaticus" 2 150 40 NA NA 0.1
"Hyemoschus aquaticus" 2 152 40 NA NA 0.1
"Hyemoschus aquaticus" 2 154 39 NA NA 0.102564102564103
"Hyemoschus aquaticus" 2 156 39 NA NA 0.102564102564103
"Hyemoschus aquaticus" 2 158 39 NA NA 0.102564102564103
"Hyemoschus aquaticus" 2 160 39 NA NA 0.102564102564103
"Hyemoschus aquaticus" 2 162 39 NA NA 0.102564102564103
"Hyemoschus aquaticus" 2 164 39 NA NA 0.102564102564103
"Hyemoschus aquaticus" 2 166 39 NA NA 0.102564102564103
"Hyemoschus aquaticus" 2 168 39 NA NA 0.102564102564103
"Hyemoschus aquaticus" 2 170 39 NA NA 0.102564102564103
"Hyemoschus aquaticus" 2 172 39 NA NA 0.102564102564103
"Hyemoschus aquaticus" 2 174 38 NA NA 0.105263157894737
"Hyemoschus aquaticus" 2 176 37 NA NA 0.0810810810810811
"Hyemoschus aquaticus" 2 178 37 NA NA 0.0810810810810811
"Hyemoschus aquaticus" 2 180 37 NA NA 0.0810810810810811
"Hyemoschus aquaticus" 2 182 37 NA NA 0.0810810810810811
"Hyemoschus aquaticus" 2 184 36 NA NA 0.0833333333333333
"Hyemoschus aquaticus" 2 186 35 NA NA 0.0857142857142857
"Hyemoschus aquaticus" 2 188 34 NA NA 0.0882352941176471
"Hyemoschus aquaticus" 2 190 34 NA NA 0.0882352941176471
"Hyemoschus aquaticus" 2 192 33 NA NA 0.0909090909090909
"Hyemoschus aquaticus" 2 194 33 NA NA 0.0909090909090909
"Hyemoschus aquaticus" 2 196 33 NA NA 0.0909090909090909
"Hyemoschus aquaticus" 2 198 33 NA NA 0.0909090909090909
"Hyemoschus aquaticus" 2 200 33 NA NA 0.0909090909090909
"Hyemoschus aquaticus" 3 6 449 -2.0921217636816 0.0364276247564921 0.0534521158129176
"Hyemoschus aquaticus" 3 9 447 -2.59819251708529 0.00937159354745939 0.0782997762863535
"Hyemoschus aquaticus" 3 12 439 -2.88347810068915 0.00393309993256414 0.0888382687927107
"Hyemoschus aquaticus" 3 15 436 -3.27598183909795 0.00105295331481341 0.0986238532110092
"Hyemoschus aquaticus" 3 18 434 -3.26318018597369 0.00110169450210634 0.1036866359447
"Hyemoschus aquaticus" 3 21 429 -3.2690545641124 0.00107907490455962 0.10955710955711
"Hyemoschus aquaticus" 3 24 425 -3.19459250250794 0.00140028402501219 0.112941176470588
"Hyemoschus aquaticus" 3 27 422 -3.0490660420448 0.00229554012154498 0.12085308056872
"Hyemoschus aquaticus" 3 30 420 -2.93907722050536 0.00329191045321633 0.128571428571429
"Hyemoschus aquaticus" 3 33 415 -2.86580793299554 0.00415946520854743 0.132530120481928
"Hyemoschus aquaticus" 3 36 412 -3.12170669992472 0.00179805975350126 0.135922330097087
"Hyemoschus aquaticus" 3 39 409 -3.36633043189717 0.000761753997395881 0.136919315403423
"Hyemoschus aquaticus" 3 42 407 -3.42178375368506 0.000622117716611442 0.137592137592138
"Hyemoschus aquaticus" 3 45 402 -3.48957082081889 0.000483796845867718 0.13681592039801
"Hyemoschus aquaticus" 3 48 397 -3.54314927400361 0.000395378833942501 0.143576826196474
"Hyemoschus aquaticus" 3 51 388 -3.60439333430117 0.000312882912658448 0.146907216494845
"Hyemoschus aquaticus" 3 54 381 -3.53885108175488 0.000401872493223698 0.154855643044619
"Hyemoschus aquaticus" 3 57 370 -3.30544725945527 0.000948249483718777 0.156756756756757
"Hyemoschus aquaticus" 3 60 361 -3.17555480550356 0.00149550269095067 0.155124653739612
"Hyemoschus aquaticus" 3 63 349 -3.13808600176762 0.00170054973540207 0.157593123209169
"Hyemoschus aquaticus" 3 66 320 -3.57866831566084 0.00034534942511993 0.15
"Hyemoschus aquaticus" 3 69 283 -1.55081824903106 0.120945246018496 0.173144876325088
"Hyemoschus aquaticus" 3 72 249 -0.639433574201698 0.522540913426084 0.180722891566265
"Hyemoschus aquaticus" 3 75 218 NA NA 0.142201834862385
"Hyemoschus aquaticus" 3 78 209 NA NA 0.138755980861244
"Hyemoschus aquaticus" 3 81 176 NA NA 0.107954545454545
"Hyemoschus aquaticus" 3 84 166 NA NA 0.102409638554217
"Hyemoschus aquaticus" 3 87 163 NA NA 0.110429447852761
"Hyemoschus aquaticus" 3 90 151 NA NA 0.119205298013245
"Hyemoschus aquaticus" 3 93 142 NA NA 0.119718309859155
"Hyemoschus aquaticus" 3 96 105 NA NA 0.0857142857142857
"Hyemoschus aquaticus" 3 99 75 NA NA 0.08
"Hyemoschus aquaticus" 3 102 75 NA NA 0.08
"Hyemoschus aquaticus" 3 105 73 NA NA 0.0821917808219178
"Hyemoschus aquaticus" 3 108 49 NA NA 0.0816326530612245
"Hyemoschus aquaticus" 3 111 45 NA NA 0.0888888888888889
"Hyemoschus aquaticus" 3 114 45 NA NA 0.0888888888888889
"Hyemoschus aquaticus" 3 117 43 NA NA 0.0930232558139535
"Hyemoschus aquaticus" 3 120 43 NA NA 0.0930232558139535
"Hyemoschus aquaticus" 3 123 43 NA NA 0.0930232558139535
"Hyemoschus aquaticus" 3 126 43 NA NA 0.0930232558139535
"Hyemoschus aquaticus" 3 129 42 NA NA 0.0952380952380952
"Hyemoschus aquaticus" 3 132 41 NA NA 0.0975609756097561
"Hyemoschus aquaticus" 3 135 41 NA NA 0.0975609756097561
"Hyemoschus aquaticus" 3 138 41 NA NA 0.0975609756097561
"Hyemoschus aquaticus" 3 141 40 NA NA 0.1
"Hyemoschus aquaticus" 3 144 40 NA NA 0.1
"Hyemoschus aquaticus" 3 147 40 NA NA 0.1
"Hyemoschus aquaticus" 3 150 40 NA NA 0.1
"Hyemoschus aquaticus" 3 153 40 NA NA 0.1
"Hyemoschus aquaticus" 3 156 39 NA NA 0.102564102564103
"Hyemoschus aquaticus" 3 159 39 NA NA 0.102564102564103
"Hyemoschus aquaticus" 3 162 39 NA NA 0.102564102564103
"Hyemoschus aquaticus" 3 165 39 NA NA 0.102564102564103
"Hyemoschus aquaticus" 3 168 39 NA NA 0.102564102564103
"Hyemoschus aquaticus" 3 171 39 NA NA 0.102564102564103
"Hyemoschus aquaticus" 3 174 38 NA NA 0.105263157894737
"Hyemoschus aquaticus" 3 177 37 NA NA 0.0810810810810811
"Hyemoschus aquaticus" 3 180 37 NA NA 0.0810810810810811
"Hyemoschus aquaticus" 3 183 37 NA NA 0.0810810810810811
"Hyemoschus aquaticus" 3 186 35 NA NA 0.0857142857142857
"Hyemoschus aquaticus" 3 189 34 NA NA 0.0882352941176471
"Hyemoschus aquaticus" 3 192 33 NA NA 0.0909090909090909
"Hyemoschus aquaticus" 3 195 33 NA NA 0.0909090909090909
"Hyemoschus aquaticus" 3 198 33 NA NA 0.0909090909090909
"Hyemoschus aquaticus" 4 8 447 -2.22228753375206 0.0262638800845393 0.0715883668903803
"Hyemoschus aquaticus" 4 12 439 -2.90420931390112 0.00368181921152075 0.0888382687927107
"Hyemoschus aquaticus" 4 16 435 -3.37797003835301 0.000730230364981208 0.101149425287356
"Hyemoschus aquaticus" 4 20 430 -3.24386525672504 0.00117919514275004 0.104651162790698
"Hyemoschus aquaticus" 4 24 425 -3.10819611939063 0.00188233111581826 0.112941176470588
"Hyemoschus aquaticus" 4 28 422 -2.96165104415504 0.0030599436579821 0.125592417061611
"Hyemoschus aquaticus" 4 32 419 -2.80452410877493 0.00503909189348945 0.13126491646778
"Hyemoschus aquaticus" 4 36 412 -2.99680039381707 0.00272829290311161 0.135922330097087
"Hyemoschus aquaticus" 4 40 408 -3.24490455411189 0.0011748999667045 0.137254901960784
"Hyemoschus aquaticus" 4 44 403 -3.17457044074254 0.00150058463667099 0.133995037220844
"Hyemoschus aquaticus" 4 48 397 -3.35664848773591 0.000788933447704295 0.143576826196474
"Hyemoschus aquaticus" 4 52 386 -3.37021974426462 0.000751082629204351 0.147668393782383
"Hyemoschus aquaticus" 4 56 373 -3.32243471670905 0.000892355498601406 0.158176943699732
"Hyemoschus aquaticus" 4 60 361 -3.0023217782055 0.00267928804911575 0.155124653739612
"Hyemoschus aquaticus" 4 64 341 -2.82144039533502 0.00478085208775028 0.161290322580645
"Hyemoschus aquaticus" 4 68 296 -2.6871419198538 0.00720663257744 0.162162162162162
"Hyemoschus aquaticus" 4 72 249 -0.354758238290746 0.722770716996708 0.180722891566265
"Hyemoschus aquaticus" 4 76 216 NA NA 0.138888888888889
"Hyemoschus aquaticus" 4 80 180 NA NA 0.111111111111111
"Hyemoschus aquaticus" 4 84 166 NA NA 0.102409638554217
"Hyemoschus aquaticus" 4 88 158 NA NA 0.113924050632911
"Hyemoschus aquaticus" 4 92 146 NA NA 0.123287671232877
"Hyemoschus aquaticus" 4 96 105 NA NA 0.0857142857142857
"Hyemoschus aquaticus" 4 100 75 NA NA 0.08
"Hyemoschus aquaticus" 4 104 75 NA NA 0.08
"Hyemoschus aquaticus" 4 108 49 NA NA 0.0816326530612245
"Hyemoschus aquaticus" 4 112 45 NA NA 0.0888888888888889
"Hyemoschus aquaticus" 4 116 44 NA NA 0.0909090909090909
"Hyemoschus aquaticus" 4 120 43 NA NA 0.0930232558139535
"Hyemoschus aquaticus" 4 124 43 NA NA 0.0930232558139535
"Hyemoschus aquaticus" 4 128 42 NA NA 0.0952380952380952
"Hyemoschus aquaticus" 4 132 41 NA NA 0.0975609756097561
"Hyemoschus aquaticus" 4 136 41 NA NA 0.0975609756097561
"Hyemoschus aquaticus" 4 140 40 NA NA 0.1
"Hyemoschus aquaticus" 4 144 40 NA NA 0.1
"Hyemoschus aquaticus" 4 148 40 NA NA 0.1
"Hyemoschus aquaticus" 4 152 40 NA NA 0.1
"Hyemoschus aquaticus" 4 156 39 NA NA 0.102564102564103
"Hyemoschus aquaticus" 4 160 39 NA NA 0.102564102564103
"Hyemoschus aquaticus" 4 164 39 NA NA 0.102564102564103
"Hyemoschus aquaticus" 4 168 39 NA NA 0.102564102564103
"Hyemoschus aquaticus" 4 172 39 NA NA 0.102564102564103
"Hyemoschus aquaticus" 4 176 37 NA NA 0.0810810810810811
"Hyemoschus aquaticus" 4 180 37 NA NA 0.0810810810810811
"Hyemoschus aquaticus" 4 184 36 NA NA 0.0833333333333333
"Hyemoschus aquaticus" 4 188 34 NA NA 0.0882352941176471
"Hyemoschus aquaticus" 4 192 33 NA NA 0.0909090909090909
"Hyemoschus aquaticus" 4 196 33 NA NA 0.0909090909090909
"Hyemoschus aquaticus" 4 200 33 NA NA 0.0909090909090909
"Hyemoschus aquaticus" 5 10 445 -2.77546794653474 0.00551223326197886 0.0808988764044944
"Hyemoschus aquaticus" 5 15 436 -3.28657921113377 0.00101412247642093 0.0986238532110092
"Hyemoschus aquaticus" 5 20 430 -3.30166855154641 0.000961115694233321 0.104651162790698
"Hyemoschus aquaticus" 5 25 423 -3.25169478056017 0.00114719141191454 0.115839243498818
"Hyemoschus aquaticus" 5 30 420 -2.83441941983999 0.00459090343023492 0.128571428571429
"Hyemoschus aquaticus" 5 35 413 -2.7805206088713 0.0054271814802448 0.13317191283293
"Hyemoschus aquaticus" 5 40 408 -3.14289706885691 0.00167284653790371 0.137254901960784
"Hyemoschus aquaticus" 5 45 402 -3.20678713882954 0.00134226275017393 0.13681592039801
"Hyemoschus aquaticus" 5 50 391 -3.32486260041176 0.000884621189454999 0.145780051150895
"Hyemoschus aquaticus" 5 55 376 -3.30929712169538 0.00093530522915785 0.156914893617021
"Hyemoschus aquaticus" 5 60 361 -3.00395378596317 0.00266495801593723 0.155124653739612
"Hyemoschus aquaticus" 5 65 327 -3.46334068723958 0.000533512421493493 0.152905198776758
"Hyemoschus aquaticus" 5 70 272 -0.539508302736764 0.589536169574241 0.172794117647059
"Hyemoschus aquaticus" 5 75 218 NA NA 0.142201834862385
"Hyemoschus aquaticus" 5 80 180 NA NA 0.111111111111111
"Hyemoschus aquaticus" 5 85 166 NA NA 0.102409638554217
"Hyemoschus aquaticus" 5 90 151 NA NA 0.119205298013245
"Hyemoschus aquaticus" 5 95 127 NA NA 0.110236220472441
"Hyemoschus aquaticus" 5 100 75 NA NA 0.08
"Hyemoschus aquaticus" 5 105 73 NA NA 0.0821917808219178
"Hyemoschus aquaticus" 5 110 47 NA NA 0.0851063829787234
"Hyemoschus aquaticus" 5 115 44 NA NA 0.0909090909090909
"Hyemoschus aquaticus" 5 120 43 NA NA 0.0930232558139535
"Hyemoschus aquaticus" 5 125 43 NA NA 0.0930232558139535
"Hyemoschus aquaticus" 5 130 41 NA NA 0.0975609756097561
"Hyemoschus aquaticus" 5 135 41 NA NA 0.0975609756097561
"Hyemoschus aquaticus" 5 140 40 NA NA 0.1
"Hyemoschus aquaticus" 5 145 40 NA NA 0.1
"Hyemoschus aquaticus" 5 150 40 NA NA 0.1
"Hyemoschus aquaticus" 5 155 39 NA NA 0.102564102564103
"Hyemoschus aquaticus" 5 160 39 NA NA 0.102564102564103
"Hyemoschus aquaticus" 5 165 39 NA NA 0.102564102564103
"Hyemoschus aquaticus" 5 170 39 NA NA 0.102564102564103
"Hyemoschus aquaticus" 5 175 37 NA NA 0.0810810810810811
"Hyemoschus aquaticus" 5 180 37 NA NA 0.0810810810810811
"Hyemoschus aquaticus" 5 185 35 NA NA 0.0857142857142857
"Hyemoschus aquaticus" 5 190 34 NA NA 0.0882352941176471
"Hyemoschus aquaticus" 5 195 33 NA NA 0.0909090909090909
"Hyemoschus aquaticus" 5 200 33 NA NA 0.0909090909090909
"Hyemoschus aquaticus" 6 12 439 -2.84933477122022 0.00438107550702254 0.0888382687927107
"Hyemoschus aquaticus" 6 18 434 -3.15632449573545 0.00159771005045818 0.1036866359447
"Hyemoschus aquaticus" 6 24 425 -3.07913910683816 0.00207599722915024 0.112941176470588
"Hyemoschus aquaticus" 6 30 420 -2.75968728836814 0.0057856713190578 0.128571428571429
"Hyemoschus aquaticus" 6 36 412 -2.84239217950447 0.00447763737036474 0.135922330097087
"Hyemoschus aquaticus" 6 42 407 -3.03928217064404 0.00237142626909429 0.137592137592138
"Hyemoschus aquaticus" 6 48 397 -3.08398937900567 0.00204244886904783 0.143576826196474
"Hyemoschus aquaticus" 6 54 381 -3.13482275985376 0.00171957972166289 0.154855643044619
"Hyemoschus aquaticus" 6 60 361 -2.85513082152464 0.00430191047748003 0.155124653739612
"Hyemoschus aquaticus" 6 66 320 -3.32020487963149 0.000899514080675982 0.15
"Hyemoschus aquaticus" 6 72 249 -0.366073733522914 0.714310056784861 0.180722891566265
"Hyemoschus aquaticus" 6 78 209 NA NA 0.138755980861244
"Hyemoschus aquaticus" 6 84 166 NA NA 0.102409638554217
"Hyemoschus aquaticus" 6 90 151 NA NA 0.119205298013245
"Hyemoschus aquaticus" 6 96 105 NA NA 0.0857142857142857
"Hyemoschus aquaticus" 6 102 75 NA NA 0.08
"Hyemoschus aquaticus" 6 108 49 NA NA 0.0816326530612245
"Hyemoschus aquaticus" 6 114 45 NA NA 0.0888888888888889
"Hyemoschus aquaticus" 6 120 43 NA NA 0.0930232558139535
"Hyemoschus aquaticus" 6 126 43 NA NA 0.0930232558139535
"Hyemoschus aquaticus" 6 132 41 NA NA 0.0975609756097561
"Hyemoschus aquaticus" 6 138 41 NA NA 0.0975609756097561
"Hyemoschus aquaticus" 6 144 40 NA NA 0.1
"Hyemoschus aquaticus" 6 150 40 NA NA 0.1
"Hyemoschus aquaticus" 6 156 39 NA NA 0.102564102564103
"Hyemoschus aquaticus" 6 162 39 NA NA 0.102564102564103
"Hyemoschus aquaticus" 6 168 39 NA NA 0.102564102564103
"Hyemoschus aquaticus" 6 174 38 NA NA 0.105263157894737
"Hyemoschus aquaticus" 6 180 37 NA NA 0.0810810810810811
"Hyemoschus aquaticus" 6 186 35 NA NA 0.0857142857142857
"Hyemoschus aquaticus" 6 192 33 NA NA 0.0909090909090909
"Hyemoschus aquaticus" 6 198 33 NA NA 0.0909090909090909
"Hyemoschus aquaticus" 7 14 436 -3.24130303484564 0.00118984626605626 0.0963302752293578
"Hyemoschus aquaticus" 7 21 429 -3.30199392230495 0.000960001502476717 0.10955710955711
"Hyemoschus aquaticus" 7 28 422 -3.07048429230743 0.00213711927264619 0.125592417061611
"Hyemoschus aquaticus" 7 35 413 -2.89944881268856 0.00373819376834102 0.13317191283293
"Hyemoschus aquaticus" 7 42 407 -3.18139624050363 0.00146567014245467 0.137592137592138
"Hyemoschus aquaticus" 7 49 395 -3.26577901479174 0.00109163403090995 0.144303797468354
"Hyemoschus aquaticus" 7 56 373 -3.27563025324126 0.00105426486529469 0.158176943699732
"Hyemoschus aquaticus" 7 63 349 -3.08159500761934 0.00205894758952901 0.157593123209169
"Hyemoschus aquaticus" 7 70 272 -0.649925369121079 0.515740430203115 0.172794117647059
"Hyemoschus aquaticus" 7 77 211 NA NA 0.137440758293839
"Hyemoschus aquaticus" 7 84 166 NA NA 0.102409638554217
"Hyemoschus aquaticus" 7 91 150 NA NA 0.12
"Hyemoschus aquaticus" 7 98 75 NA NA 0.08
"Hyemoschus aquaticus" 7 105 73 NA NA 0.0821917808219178
"Hyemoschus aquaticus" 7 112 45 NA NA 0.0888888888888889
"Hyemoschus aquaticus" 7 119 43 NA NA 0.0930232558139535
"Hyemoschus aquaticus" 7 126 43 NA NA 0.0930232558139535
"Hyemoschus aquaticus" 7 133 41 NA NA 0.0975609756097561
"Hyemoschus aquaticus" 7 140 40 NA NA 0.1
"Hyemoschus aquaticus" 7 147 40 NA NA 0.1
"Hyemoschus aquaticus" 7 154 39 NA NA 0.102564102564103
"Hyemoschus aquaticus" 7 161 39 NA NA 0.102564102564103
"Hyemoschus aquaticus" 7 168 39 NA NA 0.102564102564103
"Hyemoschus aquaticus" 7 175 37 NA NA 0.0810810810810811
"Hyemoschus aquaticus" 7 182 37 NA NA 0.0810810810810811
"Hyemoschus aquaticus" 7 189 34 NA NA 0.0882352941176471
"Hyemoschus aquaticus" 7 196 33 NA NA 0.0909090909090909
"Hyemoschus aquaticus" 8 16 435 -3.393662845863 0.000689645415782589 0.101149425287356
"Hyemoschus aquaticus" 8 24 425 -3.17001001552992 0.00152433683297423 0.112941176470588
"Hyemoschus aquaticus" 8 32 419 -2.82060956660653 0.00479325016681603 0.13126491646778
"Hyemoschus aquaticus" 8 40 408 -3.16647390280853 0.00154299190563432 0.137254901960784
"Hyemoschus aquaticus" 8 48 397 -3.20259297779903 0.00136196326686019 0.143576826196474
"Hyemoschus aquaticus" 8 56 373 -3.21762845429095 0.00129255134253798 0.158176943699732
"Hyemoschus aquaticus" 8 64 341 -2.88517923197951 0.00391190880938943 0.161290322580645
"Hyemoschus aquaticus" 8 72 249 -0.264923350559953 0.79106850969266 0.180722891566265
"Hyemoschus aquaticus" 8 80 180 NA NA 0.111111111111111
"Hyemoschus aquaticus" 8 88 158 NA NA 0.113924050632911
"Hyemoschus aquaticus" 8 96 105 NA NA 0.0857142857142857
"Hyemoschus aquaticus" 8 104 75 NA NA 0.08
"Hyemoschus aquaticus" 8 112 45 NA NA 0.0888888888888889
"Hyemoschus aquaticus" 8 120 43 NA NA 0.0930232558139535
"Hyemoschus aquaticus" 8 128 42 NA NA 0.0952380952380952
"Hyemoschus aquaticus" 8 136 41 NA NA 0.0975609756097561
"Hyemoschus aquaticus" 8 144 40 NA NA 0.1
"Hyemoschus aquaticus" 8 152 40 NA NA 0.1
"Hyemoschus aquaticus" 8 160 39 NA NA 0.102564102564103
"Hyemoschus aquaticus" 8 168 39 NA NA 0.102564102564103
"Hyemoschus aquaticus" 8 176 37 NA NA 0.0810810810810811
"Hyemoschus aquaticus" 8 184 36 NA NA 0.0833333333333333
"Hyemoschus aquaticus" 8 192 33 NA NA 0.0909090909090909
"Hyemoschus aquaticus" 8 200 33 NA NA 0.0909090909090909
"Hyemoschus aquaticus" 9 18 434 -3.20311297002878 0.00135950639476699 0.1036866359447
"Hyemoschus aquaticus" 9 27 422 -2.96631041248668 0.00301396119991266 0.12085308056872
"Hyemoschus aquaticus" 9 36 412 -2.96742764761498 0.00300302951539379 0.135922330097087
"Hyemoschus aquaticus" 9 45 402 -3.17174441588346 0.00151526299215316 0.13681592039801
"Hyemoschus aquaticus" 9 54 381 -3.23695264315619 0.00120813458811675 0.154855643044619
"Hyemoschus aquaticus" 9 63 349 -2.94926450600437 0.00318531226968706 0.157593123209169
"Hyemoschus aquaticus" 9 72 249 -0.408885938957562 0.682623368368391 0.180722891566265
"Hyemoschus aquaticus" 9 81 176 NA NA 0.107954545454545
"Hyemoschus aquaticus" 9 90 151 NA NA 0.119205298013245
"Hyemoschus aquaticus" 9 99 75 NA NA 0.08
"Hyemoschus aquaticus" 9 108 49 NA NA 0.0816326530612245
"Hyemoschus aquaticus" 9 117 43 NA NA 0.0930232558139535
"Hyemoschus aquaticus" 9 126 43 NA NA 0.0930232558139535
"Hyemoschus aquaticus" 9 135 41 NA NA 0.0975609756097561
"Hyemoschus aquaticus" 9 144 40 NA NA 0.1
"Hyemoschus aquaticus" 9 153 40 NA NA 0.1
"Hyemoschus aquaticus" 9 162 39 NA NA 0.102564102564103
"Hyemoschus aquaticus" 9 171 39 NA NA 0.102564102564103
"Hyemoschus aquaticus" 9 180 37 NA NA 0.0810810810810811
"Hyemoschus aquaticus" 9 189 34 NA NA 0.0882352941176471
"Hyemoschus aquaticus" 9 198 33 NA NA 0.0909090909090909
"Hyemoschus aquaticus" 10 20 430 -3.26487835659048 0.00109511095872428 0.104651162790698
"Hyemoschus aquaticus" 10 30 420 -2.82881976401297 0.00467200022798636 0.128571428571429
"Hyemoschus aquaticus" 10 40 408 -3.10334763645355 0.00191344732178088 0.137254901960784
"Hyemoschus aquaticus" 10 50 391 -3.19257355141739 0.00141011027454011 0.145780051150895
"Hyemoschus aquaticus" 10 60 361 -2.95096773427272 0.003167800070614 0.155124653739612
"Hyemoschus aquaticus" 10 70 272 -0.435739737277473 0.66302557124573 0.172794117647059
"Hyemoschus aquaticus" 10 80 180 NA NA 0.111111111111111
"Hyemoschus aquaticus" 10 90 151 NA NA 0.119205298013245
"Hyemoschus aquaticus" 10 100 75 NA NA 0.08
"Hyemoschus aquaticus" 10 110 47 NA NA 0.0851063829787234
"Hyemoschus aquaticus" 10 120 43 NA NA 0.0930232558139535
"Hyemoschus aquaticus" 10 130 41 NA NA 0.0975609756097561
"Hyemoschus aquaticus" 10 140 40 NA NA 0.1
"Hyemoschus aquaticus" 10 150 40 NA NA 0.1
"Hyemoschus aquaticus" 10 160 39 NA NA 0.102564102564103
"Hyemoschus aquaticus" 10 170 39 NA NA 0.102564102564103
"Hyemoschus aquaticus" 10 180 37 NA NA 0.0810810810810811
"Hyemoschus aquaticus" 10 190 34 NA NA 0.0882352941176471
"Hyemoschus aquaticus" 10 200 33 NA NA 0.0909090909090909
"Hyemoschus aquaticus" 11 22 427 -3.27887132656945 0.0010422314622637 0.110070257611241
"Hyemoschus aquaticus" 11 33 415 -2.73843828221338 0.00617317459866554 0.132530120481928
"Hyemoschus aquaticus" 11 44 403 -2.99095092203685 0.0027811018653156 0.133995037220844
"Hyemoschus aquaticus" 11 55 376 -3.21458001619988 0.0013063550011842 0.156914893617021
"Hyemoschus aquaticus" 11 66 320 -3.39396826033255 0.000688876761167367 0.15
"Hyemoschus aquaticus" 11 77 211 NA NA 0.137440758293839
"Hyemoschus aquaticus" 11 88 158 NA NA 0.113924050632911
"Hyemoschus aquaticus" 11 99 75 NA NA 0.08
"Hyemoschus aquaticus" 11 110 47 NA NA 0.0851063829787234
"Hyemoschus aquaticus" 11 121 43 NA NA 0.0930232558139535
"Hyemoschus aquaticus" 11 132 41 NA NA 0.0975609756097561
"Hyemoschus aquaticus" 11 143 40 NA NA 0.1
"Hyemoschus aquaticus" 11 154 39 NA NA 0.102564102564103
"Hyemoschus aquaticus" 11 165 39 NA NA 0.102564102564103
"Hyemoschus aquaticus" 11 176 37 NA NA 0.0810810810810811
"Hyemoschus aquaticus" 11 187 34 NA NA 0.0882352941176471
"Hyemoschus aquaticus" 11 198 33 NA NA 0.0909090909090909
"Hyemoschus aquaticus" 12 24 425 -3.12504370213499 0.00177778645799679 0.112941176470588
"Hyemoschus aquaticus" 12 36 412 -2.96377658683386 0.00303888828108101 0.135922330097087
"Hyemoschus aquaticus" 12 48 397 -3.21124975115816 0.00132159020975465 0.143576826196474
"Hyemoschus aquaticus" 12 60 361 -2.99987972349367 0.00270086235010707 0.155124653739612
"Hyemoschus aquaticus" 12 72 249 -0.341141414466797 0.732997124956698 0.180722891566265
"Hyemoschus aquaticus" 12 84 166 NA NA 0.102409638554217
"Hyemoschus aquaticus" 12 96 105 NA NA 0.0857142857142857
"Hyemoschus aquaticus" 12 108 49 NA NA 0.0816326530612245
"Hyemoschus aquaticus" 12 120 43 NA NA 0.0930232558139535
"Hyemoschus aquaticus" 12 132 41 NA NA 0.0975609756097561
"Hyemoschus aquaticus" 12 144 40 NA NA 0.1
"Hyemoschus aquaticus" 12 156 39 NA NA 0.102564102564103
"Hyemoschus aquaticus" 12 168 39 NA NA 0.102564102564103
"Hyemoschus aquaticus" 12 180 37 NA NA 0.0810810810810811
"Hyemoschus aquaticus" 12 192 33 NA NA 0.0909090909090909
"Hyemoschus aquaticus" 13 26 422 -3.11802005586608 0.00182070413353144 0.113744075829384
"Hyemoschus aquaticus" 13 39 409 -3.14229217612155 0.00167630667927642 0.136919315403423
"Hyemoschus aquaticus" 13 52 386 -3.19193537426405 0.00141322948664727 0.147668393782383
"Hyemoschus aquaticus" 13 65 327 -3.40292269236833 0.000666691415806367 0.152905198776758
"Hyemoschus aquaticus" 13 78 209 NA NA 0.138755980861244
"Hyemoschus aquaticus" 13 91 150 NA NA 0.12
"Hyemoschus aquaticus" 13 104 75 NA NA 0.08
"Hyemoschus aquaticus" 13 117 43 NA NA 0.0930232558139535
"Hyemoschus aquaticus" 13 130 41 NA NA 0.0975609756097561
"Hyemoschus aquaticus" 13 143 40 NA NA 0.1
"Hyemoschus aquaticus" 13 156 39 NA NA 0.102564102564103
"Hyemoschus aquaticus" 13 169 39 NA NA 0.102564102564103
"Hyemoschus aquaticus" 13 182 37 NA NA 0.0810810810810811
"Hyemoschus aquaticus" 13 195 33 NA NA 0.0909090909090909
"Hyemoschus aquaticus" 14 28 422 -2.9297682096493 0.00339214931060139 0.125592417061611
"Hyemoschus aquaticus" 14 42 407 -3.09470548626637 0.00197008414175523 0.137592137592138
"Hyemoschus aquaticus" 14 56 373 -3.14317665760382 0.00167124944015205 0.158176943699732
"Hyemoschus aquaticus" 14 70 272 -0.528590511468729 0.597089543928066 0.172794117647059
"Hyemoschus aquaticus" 14 84 166 NA NA 0.102409638554217
"Hyemoschus aquaticus" 14 98 75 NA NA 0.08
"Hyemoschus aquaticus" 14 112 45 NA NA 0.0888888888888889
"Hyemoschus aquaticus" 14 126 43 NA NA 0.0930232558139535
"Hyemoschus aquaticus" 14 140 40 NA NA 0.1
"Hyemoschus aquaticus" 14 154 39 NA NA 0.102564102564103
"Hyemoschus aquaticus" 14 168 39 NA NA 0.102564102564103
"Hyemoschus aquaticus" 14 182 37 NA NA 0.0810810810810811
"Hyemoschus aquaticus" 14 196 33 NA NA 0.0909090909090909
"Hyemoschus aquaticus" 15 30 420 -2.79152570031498 0.00524601913504144 0.128571428571429
"Hyemoschus aquaticus" 15 45 402 -3.04211400882027 0.00234922897756673 0.13681592039801
"Hyemoschus aquaticus" 15 60 361 -2.85334012021949 0.00432622909361931 0.155124653739612
"Hyemoschus aquaticus" 15 75 218 NA NA 0.142201834862385
"Hyemoschus aquaticus" 15 90 151 NA NA 0.119205298013245
"Hyemoschus aquaticus" 15 105 73 NA NA 0.0821917808219178
"Hyemoschus aquaticus" 15 120 43 NA NA 0.0930232558139535
"Hyemoschus aquaticus" 15 135 41 NA NA 0.0975609756097561
"Hyemoschus aquaticus" 15 150 40 NA NA 0.1
"Hyemoschus aquaticus" 15 165 39 NA NA 0.102564102564103
"Hyemoschus aquaticus" 15 180 37 NA NA 0.0810810810810811
"Hyemoschus aquaticus" 15 195 33 NA NA 0.0909090909090909
"Hyemoschus aquaticus" 16 32 419 -2.62896967666663 0.00856439973593127 0.13126491646778
"Hyemoschus aquaticus" 16 48 397 -2.96596533960858 0.00301734492558297 0.143576826196474
"Hyemoschus aquaticus" 16 64 341 -2.61041565619938 0.00904322689114125 0.161290322580645
"Hyemoschus aquaticus" 16 80 180 NA NA 0.111111111111111
"Hyemoschus aquaticus" 16 96 105 NA NA 0.0857142857142857
"Hyemoschus aquaticus" 16 112 45 NA NA 0.0888888888888889
"Hyemoschus aquaticus" 16 128 42 NA NA 0.0952380952380952
"Hyemoschus aquaticus" 16 144 40 NA NA 0.1
"Hyemoschus aquaticus" 16 160 39 NA NA 0.102564102564103
"Hyemoschus aquaticus" 16 176 37 NA NA 0.0810810810810811
"Hyemoschus aquaticus" 16 192 33 NA NA 0.0909090909090909
"Hyemoschus aquaticus" 17 34 415 -2.75085463773207 0.00594400131990224 0.134939759036145
"Hyemoschus aquaticus" 17 51 388 -2.94536324809157 0.00322575707847874 0.146907216494845
"Hyemoschus aquaticus" 17 68 296 -2.28861777062483 0.0221015704688679 0.162162162162162
"Hyemoschus aquaticus" 17 85 166 NA NA 0.102409638554217
"Hyemoschus aquaticus" 17 102 75 NA NA 0.08
"Hyemoschus aquaticus" 17 119 43 NA NA 0.0930232558139535
"Hyemoschus aquaticus" 17 136 41 NA NA 0.0975609756097561
"Hyemoschus aquaticus" 17 153 40 NA NA 0.1
"Hyemoschus aquaticus" 17 170 39 NA NA 0.102564102564103
"Hyemoschus aquaticus" 17 187 34 NA NA 0.0882352941176471
"Hyemoschus aquaticus" 18 36 412 -2.82363864062567 0.00474818852685877 0.135922330097087
"Hyemoschus aquaticus" 18 54 381 -2.98863862146703 0.00280223352242356 0.154855643044619
"Hyemoschus aquaticus" 18 72 249 -0.165667272207467 0.868418803089402 0.180722891566265
"Hyemoschus aquaticus" 18 90 151 NA NA 0.119205298013245
"Hyemoschus aquaticus" 18 108 49 NA NA 0.0816326530612245
"Hyemoschus aquaticus" 18 126 43 NA NA 0.0930232558139535
"Hyemoschus aquaticus" 18 144 40 NA NA 0.1
"Hyemoschus aquaticus" 18 162 39 NA NA 0.102564102564103
"Hyemoschus aquaticus" 18 180 37 NA NA 0.0810810810810811
"Hyemoschus aquaticus" 18 198 33 NA NA 0.0909090909090909
"Hyemoschus aquaticus" 19 38 410 -2.94296975504517 0.00325080175740583 0.136585365853659
"Hyemoschus aquaticus" 19 57 370 -2.91789208858814 0.00352406284534928 0.156756756756757
"Hyemoschus aquaticus" 19 76 216 NA NA 0.138888888888889
"Hyemoschus aquaticus" 19 95 127 NA NA 0.110236220472441
"Hyemoschus aquaticus" 19 114 45 NA NA 0.0888888888888889
"Hyemoschus aquaticus" 19 133 41 NA NA 0.0975609756097561
"Hyemoschus aquaticus" 19 152 40 NA NA 0.1
"Hyemoschus aquaticus" 19 171 39 NA NA 0.102564102564103
"Hyemoschus aquaticus" 19 190 34 NA NA 0.0882352941176471
"Hyemoschus aquaticus" 20 40 408 -3.06237720363664 0.00219586550351374 0.137254901960784
"Hyemoschus aquaticus" 20 60 361 -2.87476749521609 0.00404325116163111 0.155124653739612
"Hyemoschus aquaticus" 20 80 180 NA NA 0.111111111111111
"Hyemoschus aquaticus" 20 100 75 NA NA 0.08
"Hyemoschus aquaticus" 20 120 43 NA NA 0.0930232558139535
"Hyemoschus aquaticus" 20 140 40 NA NA 0.1
"Hyemoschus aquaticus" 20 160 39 NA NA 0.102564102564103
"Hyemoschus aquaticus" 20 180 37 NA NA 0.0810810810810811
"Hyemoschus aquaticus" 20 200 33 NA NA 0.0909090909090909
"Hyemoschus aquaticus" 21 42 407 -3.0776569616521 0.00208634931428755 0.137592137592138
"Hyemoschus aquaticus" 21 63 349 -2.85596186005062 0.00429066672593874 0.157593123209169
"Hyemoschus aquaticus" 21 84 166 NA NA 0.102409638554217
"Hyemoschus aquaticus" 21 105 73 NA NA 0.0821917808219178
"Hyemoschus aquaticus" 21 126 43 NA NA 0.0930232558139535
"Hyemoschus aquaticus" 21 147 40 NA NA 0.1
"Hyemoschus aquaticus" 21 168 39 NA NA 0.102564102564103
"Hyemoschus aquaticus" 21 189 34 NA NA 0.0882352941176471
"Hyemoschus aquaticus" 22 44 403 -2.8977840273634 0.00375809282620667 0.133995037220844
"Hyemoschus aquaticus" 22 66 320 -3.10068430398486 0.00193074017109269 0.15
"Hyemoschus aquaticus" 22 88 158 NA NA 0.113924050632911
"Hyemoschus aquaticus" 22 110 47 NA NA 0.0851063829787234
"Hyemoschus aquaticus" 22 132 41 NA NA 0.0975609756097561
"Hyemoschus aquaticus" 22 154 39 NA NA 0.102564102564103
"Hyemoschus aquaticus" 22 176 37 NA NA 0.0810810810810811
"Hyemoschus aquaticus" 22 198 33 NA NA 0.0909090909090909
"Hyemoschus aquaticus" 23 46 401 -3.0512180791348 0.00227914970001716 0.139650872817955
"Hyemoschus aquaticus" 23 69 283 -1.10417790467437 0.269515972356074 0.173144876325088
"Hyemoschus aquaticus" 23 92 146 NA NA 0.123287671232877
"Hyemoschus aquaticus" 23 115 44 NA NA 0.0909090909090909
"Hyemoschus aquaticus" 23 138 41 NA NA 0.0975609756097561
"Hyemoschus aquaticus" 23 161 39 NA NA 0.102564102564103
"Hyemoschus aquaticus" 23 184 36 NA NA 0.0833333333333333
"Hyemoschus aquaticus" 24 48 397 -2.99768981117095 0.00272034398050685 0.143576826196474
"Hyemoschus aquaticus" 24 72 249 -0.126180177302409 0.899589302162365 0.180722891566265
"Hyemoschus aquaticus" 24 96 105 NA NA 0.0857142857142857
"Hyemoschus aquaticus" 24 120 43 NA NA 0.0930232558139535
"Hyemoschus aquaticus" 24 144 40 NA NA 0.1
"Hyemoschus aquaticus" 24 168 39 NA NA 0.102564102564103
"Hyemoschus aquaticus" 24 192 33 NA NA 0.0909090909090909
"Hyemoschus aquaticus" 25 50 391 -3.00611297836317 0.00264610662058433 0.145780051150895
"Hyemoschus aquaticus" 25 75 218 NA NA 0.142201834862385
"Hyemoschus aquaticus" 25 100 75 NA NA 0.08
"Hyemoschus aquaticus" 25 125 43 NA NA 0.0930232558139535
"Hyemoschus aquaticus" 25 150 40 NA NA 0.1
"Hyemoschus aquaticus" 25 175 37 NA NA 0.0810810810810811
"Hyemoschus aquaticus" 25 200 33 NA NA 0.0909090909090909
"Hyemoschus aquaticus" 26 52 386 -2.94556640024682 0.00322363948058596 0.147668393782383
"Hyemoschus aquaticus" 26 78 209 NA NA 0.138755980861244
"Hyemoschus aquaticus" 26 104 75 NA NA 0.08
"Hyemoschus aquaticus" 26 130 41 NA NA 0.0975609756097561
"Hyemoschus aquaticus" 26 156 39 NA NA 0.102564102564103
"Hyemoschus aquaticus" 26 182 37 NA NA 0.0810810810810811
"Hyemoschus aquaticus" 27 54 381 -2.87381157976065 0.00405550829673124 0.154855643044619
"Hyemoschus aquaticus" 27 81 176 NA NA 0.107954545454545
"Hyemoschus aquaticus" 27 108 49 NA NA 0.0816326530612245
"Hyemoschus aquaticus" 27 135 41 NA NA 0.0975609756097561
"Hyemoschus aquaticus" 27 162 39 NA NA 0.102564102564103
"Hyemoschus aquaticus" 27 189 34 NA NA 0.0882352941176471
"Hyemoschus aquaticus" 28 56 373 -2.8973531648831 0.00376325855289751 0.158176943699732
"Hyemoschus aquaticus" 28 84 166 NA NA 0.102409638554217
"Hyemoschus aquaticus" 28 112 45 NA NA 0.0888888888888889
"Hyemoschus aquaticus" 28 140 40 NA NA 0.1
"Hyemoschus aquaticus" 28 168 39 NA NA 0.102564102564103
"Hyemoschus aquaticus" 28 196 33 NA NA 0.0909090909090909
"Hyemoschus aquaticus" 29 58 366 -2.71983735286693 0.00653140337188295 0.155737704918033
"Hyemoschus aquaticus" 29 87 163 NA NA 0.110429447852761
"Hyemoschus aquaticus" 29 116 44 NA NA 0.0909090909090909
"Hyemoschus aquaticus" 29 145 40 NA NA 0.1
"Hyemoschus aquaticus" 29 174 38 NA NA 0.105263157894737
"Hyemoschus aquaticus" 30 60 361 -2.66615333853652 0.00767246890646855 0.155124653739612
"Hyemoschus aquaticus" 30 90 151 NA NA 0.119205298013245
"Hyemoschus aquaticus" 30 120 43 NA NA 0.0930232558139535
"Hyemoschus aquaticus" 30 150 40 NA NA 0.1
"Hyemoschus aquaticus" 30 180 37 NA NA 0.0810810810810811
"Hyemoschus aquaticus" 31 62 351 -2.49705675460788 0.012522891219587 0.15954415954416
"Hyemoschus aquaticus" 31 93 142 NA NA 0.119718309859155
"Hyemoschus aquaticus" 31 124 43 NA NA 0.0930232558139535
"Hyemoschus aquaticus" 31 155 39 NA NA 0.102564102564103
"Hyemoschus aquaticus" 31 186 35 NA NA 0.0857142857142857
"Hyemoschus aquaticus" 32 64 341 -2.50613226982892 0.0122059949258285 0.161290322580645
"Hyemoschus aquaticus" 32 96 105 NA NA 0.0857142857142857
"Hyemoschus aquaticus" 32 128 42 NA NA 0.0952380952380952
"Hyemoschus aquaticus" 32 160 39 NA NA 0.102564102564103
"Hyemoschus aquaticus" 32 192 33 NA NA 0.0909090909090909
"Hyemoschus aquaticus" 33 66 320 -2.88494585381629 0.00391480986850262 0.15
"Hyemoschus aquaticus" 33 99 75 NA NA 0.08
"Hyemoschus aquaticus" 33 132 41 NA NA 0.0975609756097561
"Hyemoschus aquaticus" 33 165 39 NA NA 0.102564102564103
"Hyemoschus aquaticus" 33 198 33 NA NA 0.0909090909090909
"Hyemoschus aquaticus" 34 68 296 -2.22672511331348 0.0259656509621094 0.162162162162162
"Hyemoschus aquaticus" 34 102 75 NA NA 0.08
"Hyemoschus aquaticus" 34 136 41 NA NA 0.0975609756097561
"Hyemoschus aquaticus" 34 170 39 NA NA 0.102564102564103
"Hyemoschus aquaticus" 35 70 272 -0.272008481111749 0.785615498153921 0.172794117647059
"Hyemoschus aquaticus" 35 105 73 NA NA 0.0821917808219178
"Hyemoschus aquaticus" 35 140 40 NA NA 0.1
"Hyemoschus aquaticus" 35 175 37 NA NA 0.0810810810810811
"Hyemoschus aquaticus" 36 72 249 0.0124663946805726 0.990053513788385 0.180722891566265
"Hyemoschus aquaticus" 36 108 49 NA NA 0.0816326530612245
"Hyemoschus aquaticus" 36 144 40 NA NA 0.1
"Hyemoschus aquaticus" 36 180 37 NA NA 0.0810810810810811
"Hyemoschus aquaticus" 37 74 225 NA NA 0.16
"Hyemoschus aquaticus" 37 111 45 NA NA 0.0888888888888889
"Hyemoschus aquaticus" 37 148 40 NA NA 0.1
"Hyemoschus aquaticus" 37 185 35 NA NA 0.0857142857142857
"Hyemoschus aquaticus" 38 76 216 NA NA 0.138888888888889
"Hyemoschus aquaticus" 38 114 45 NA NA 0.0888888888888889
"Hyemoschus aquaticus" 38 152 40 NA NA 0.1
"Hyemoschus aquaticus" 38 190 34 NA NA 0.0882352941176471
"Hyemoschus aquaticus" 39 78 209 NA NA 0.138755980861244
"Hyemoschus aquaticus" 39 117 43 NA NA 0.0930232558139535
"Hyemoschus aquaticus" 39 156 39 NA NA 0.102564102564103
"Hyemoschus aquaticus" 39 195 33 NA NA 0.0909090909090909
"Hyemoschus aquaticus" 40 80 180 NA NA 0.111111111111111
"Hyemoschus aquaticus" 40 120 43 NA NA 0.0930232558139535
"Hyemoschus aquaticus" 40 160 39 NA NA 0.102564102564103
"Hyemoschus aquaticus" 40 200 33 NA NA 0.0909090909090909
"Hyemoschus aquaticus" 41 82 170 NA NA 0.105882352941176
"Hyemoschus aquaticus" 41 123 43 NA NA 0.0930232558139535
"Hyemoschus aquaticus" 41 164 39 NA NA 0.102564102564103
"Hyemoschus aquaticus" 42 84 166 NA NA 0.102409638554217
"Hyemoschus aquaticus" 42 126 43 NA NA 0.0930232558139535
"Hyemoschus aquaticus" 42 168 39 NA NA 0.102564102564103
"Hyemoschus aquaticus" 43 86 165 NA NA 0.109090909090909
"Hyemoschus aquaticus" 43 129 42 NA NA 0.0952380952380952
"Hyemoschus aquaticus" 43 172 39 NA NA 0.102564102564103
"Hyemoschus aquaticus" 44 88 158 NA NA 0.113924050632911
"Hyemoschus aquaticus" 44 132 41 NA NA 0.0975609756097561
"Hyemoschus aquaticus" 44 176 37 NA NA 0.0810810810810811
"Hyemoschus aquaticus" 45 90 151 NA NA 0.119205298013245
"Hyemoschus aquaticus" 45 135 41 NA NA 0.0975609756097561
"Hyemoschus aquaticus" 45 180 37 NA NA 0.0810810810810811
"Hyemoschus aquaticus" 46 92 146 NA NA 0.123287671232877
"Hyemoschus aquaticus" 46 138 41 NA NA 0.0975609756097561
"Hyemoschus aquaticus" 46 184 36 NA NA 0.0833333333333333
"Hyemoschus aquaticus" 47 94 142 NA NA 0.119718309859155
"Hyemoschus aquaticus" 47 141 40 NA NA 0.1
"Hyemoschus aquaticus" 47 188 34 NA NA 0.0882352941176471
"Hyemoschus aquaticus" 48 96 105 NA NA 0.0857142857142857
"Hyemoschus aquaticus" 48 144 40 NA NA 0.1
"Hyemoschus aquaticus" 48 192 33 NA NA 0.0909090909090909
"Hyemoschus aquaticus" 49 98 75 NA NA 0.08
"Hyemoschus aquaticus" 49 147 40 NA NA 0.1
"Hyemoschus aquaticus" 49 196 33 NA NA 0.0909090909090909
"Hyemoschus aquaticus" 50 100 75 NA NA 0.08
"Hyemoschus aquaticus" 50 150 40 NA NA 0.1
"Hyemoschus aquaticus" 50 200 33 NA NA 0.0909090909090909
"Hyemoschus aquaticus" 51 102 75 NA NA 0.08
"Hyemoschus aquaticus" 51 153 40 NA NA 0.1
"Hyemoschus aquaticus" 52 104 75 NA NA 0.08
"Hyemoschus aquaticus" 52 156 39 NA NA 0.102564102564103
"Hyemoschus aquaticus" 53 106 61 NA NA 0.0983606557377049
"Hyemoschus aquaticus" 53 159 39 NA NA 0.102564102564103
"Hyemoschus aquaticus" 54 108 49 NA NA 0.0816326530612245
"Hyemoschus aquaticus" 54 162 39 NA NA 0.102564102564103
"Hyemoschus aquaticus" 55 110 47 NA NA 0.0851063829787234
"Hyemoschus aquaticus" 55 165 39 NA NA 0.102564102564103
"Hyemoschus aquaticus" 56 112 45 NA NA 0.0888888888888889
"Hyemoschus aquaticus" 56 168 39 NA NA 0.102564102564103
"Hyemoschus aquaticus" 57 114 45 NA NA 0.0888888888888889
"Hyemoschus aquaticus" 57 171 39 NA NA 0.102564102564103
"Hyemoschus aquaticus" 58 116 44 NA NA 0.0909090909090909
"Hyemoschus aquaticus" 58 174 38 NA NA 0.105263157894737
"Hyemoschus aquaticus" 59 118 43 NA NA 0.0930232558139535
"Hyemoschus aquaticus" 59 177 37 NA NA 0.0810810810810811
"Hyemoschus aquaticus" 60 120 43 NA NA 0.0930232558139535
"Hyemoschus aquaticus" 60 180 37 NA NA 0.0810810810810811
"Hyemoschus aquaticus" 61 122 43 NA NA 0.0930232558139535
"Hyemoschus aquaticus" 61 183 37 NA NA 0.0810810810810811
"Hyemoschus aquaticus" 62 124 43 NA NA 0.0930232558139535
"Hyemoschus aquaticus" 62 186 35 NA NA 0.0857142857142857
"Hyemoschus aquaticus" 63 126 43 NA NA 0.0930232558139535
"Hyemoschus aquaticus" 63 189 34 NA NA 0.0882352941176471
"Hyemoschus aquaticus" 64 128 42 NA NA 0.0952380952380952
"Hyemoschus aquaticus" 64 192 33 NA NA 0.0909090909090909
"Hyemoschus aquaticus" 65 130 41 NA NA 0.0975609756097561
"Hyemoschus aquaticus" 65 195 33 NA NA 0.0909090909090909
"Hyemoschus aquaticus" 66 132 41 NA NA 0.0975609756097561
"Hyemoschus aquaticus" 66 198 33 NA NA 0.0909090909090909
"Hyemoschus aquaticus" 67 134 41 NA NA 0.0975609756097561
"Hyemoschus aquaticus" 68 136 41 NA NA 0.0975609756097561
"Hyemoschus aquaticus" 69 138 41 NA NA 0.0975609756097561
"Hyemoschus aquaticus" 70 140 40 NA NA 0.1
"Hyemoschus aquaticus" 71 142 40 NA NA 0.1
"Hyemoschus aquaticus" 72 144 40 NA NA 0.1
"Hyemoschus aquaticus" 73 146 40 NA NA 0.1
"Hyemoschus aquaticus" 74 148 40 NA NA 0.1
"Hyemoschus aquaticus" 75 150 40 NA NA 0.1
"Hyemoschus aquaticus" 76 152 40 NA NA 0.1
"Hyemoschus aquaticus" 77 154 39 NA NA 0.102564102564103
"Hyemoschus aquaticus" 78 156 39 NA NA 0.102564102564103
"Hyemoschus aquaticus" 79 158 39 NA NA 0.102564102564103
"Hyemoschus aquaticus" 80 160 39 NA NA 0.102564102564103
"Hyemoschus aquaticus" 81 162 39 NA NA 0.102564102564103
"Hyemoschus aquaticus" 82 164 39 NA NA 0.102564102564103
"Hyemoschus aquaticus" 83 166 39 NA NA 0.102564102564103
"Hyemoschus aquaticus" 84 168 39 NA NA 0.102564102564103
"Hyemoschus aquaticus" 85 170 39 NA NA 0.102564102564103
"Hyemoschus aquaticus" 86 172 39 NA NA 0.102564102564103
"Hyemoschus aquaticus" 87 174 38 NA NA 0.105263157894737
"Hyemoschus aquaticus" 88 176 37 NA NA 0.0810810810810811
"Hyemoschus aquaticus" 89 178 37 NA NA 0.0810810810810811
"Hyemoschus aquaticus" 90 180 37 NA NA 0.0810810810810811
"Hyemoschus aquaticus" 91 182 37 NA NA 0.0810810810810811
"Hyemoschus aquaticus" 92 184 36 NA NA 0.0833333333333333
"Hyemoschus aquaticus" 93 186 35 NA NA 0.0857142857142857
"Hyemoschus aquaticus" 94 188 34 NA NA 0.0882352941176471
"Hyemoschus aquaticus" 95 190 34 NA NA 0.0882352941176471
"Hyemoschus aquaticus" 96 192 33 NA NA 0.0909090909090909
"Hyemoschus aquaticus" 97 194 33 NA NA 0.0909090909090909
"Hyemoschus aquaticus" 98 196 33 NA NA 0.0909090909090909
"Hyemoschus aquaticus" 99 198 33 NA NA 0.0909090909090909
"Hyemoschus aquaticus" 100 200 33 NA NA 0.0909090909090909
