"species" "time_interval" "study_duration" "n_cams" "z" "P" "p_presence"
"Cephalophus dorsalis" 1 2 454 -3.12683695796077 0.00176697889147308 0.0947136563876652
"Cephalophus dorsalis" 1 3 454 -3.91710560814541 8.96184950089347e-05 0.138766519823789
"Cephalophus dorsalis" 1 4 452 -4.20168122821676 2.64940027210642e-05 0.152654867256637
"Cephalophus dorsalis" 1 5 450 -4.62723732844578 3.70575779164802e-06 0.171111111111111
"Cephalophus dorsalis" 1 6 449 -4.48188761239545 7.39857059198324e-06 0.184855233853007
"Cephalophus dorsalis" 1 7 447 -4.14755241641669 3.3604854872231e-05 0.212527964205817
"Cephalophus dorsalis" 1 8 447 -4.25178430806567 2.12074061935101e-05 0.225950782997763
"Cephalophus dorsalis" 1 9 447 -4.32458612164931 1.52818495651402e-05 0.232662192393736
"Cephalophus dorsalis" 1 10 445 -4.47071021799076 7.7960271720963e-06 0.235955056179775
"Cephalophus dorsalis" 1 11 440 -4.69596549088054 2.65350340839722e-06 0.259090909090909
"Cephalophus dorsalis" 1 12 439 -4.80883532525195 1.51812199979716e-06 0.280182232346241
"Cephalophus dorsalis" 1 13 438 -4.94913155805381 7.45453487930233e-07 0.285388127853881
"Cephalophus dorsalis" 1 14 436 -5.14996861675733 2.60530048906396e-07 0.298165137614679
"Cephalophus dorsalis" 1 15 436 -5.27340732095436 1.33913894338181e-07 0.302752293577982
"Cephalophus dorsalis" 1 16 435 -5.23087847372018 1.68706393820831e-07 0.328735632183908
"Cephalophus dorsalis" 1 17 435 -5.50773311413929 3.63483908031056e-08 0.340229885057471
"Cephalophus dorsalis" 1 18 434 -5.69175562966834 1.25739727378637e-08 0.352534562211982
"Cephalophus dorsalis" 1 19 432 -5.7552579288862 8.6509605656102e-09 0.351851851851852
"Cephalophus dorsalis" 1 20 430 -5.71297564496041 1.11017572986746e-08 0.358139534883721
"Cephalophus dorsalis" 1 21 429 -5.57907291360129 2.41803873255987e-08 0.372960372960373
"Cephalophus dorsalis" 1 22 427 -5.69171318888281 1.25770992208852e-08 0.377049180327869
"Cephalophus dorsalis" 1 23 426 -5.64361224373739 1.66518878648099e-08 0.387323943661972
"Cephalophus dorsalis" 1 24 425 -5.84628000154375 5.02687628970967e-09 0.392941176470588
"Cephalophus dorsalis" 1 25 423 -5.88865388061214 3.8935391266891e-09 0.40661938534279
"Cephalophus dorsalis" 1 26 422 -5.80989976637062 6.25102566386756e-09 0.412322274881517
"Cephalophus dorsalis" 1 27 422 -5.82804317081876 5.60810728651996e-09 0.421800947867299
"Cephalophus dorsalis" 1 28 422 -5.91659538180483 3.28673905290232e-09 0.438388625592417
"Cephalophus dorsalis" 1 29 422 -5.91977542575727 3.22381524459722e-09 0.443127962085308
"Cephalophus dorsalis" 1 30 420 -5.86012316324511 4.62523995964416e-09 0.447619047619048
"Cephalophus dorsalis" 1 31 419 -6.16914830044707 6.86588102169893e-10 0.463007159904535
"Cephalophus dorsalis" 1 32 419 -6.16741733602732 6.94143795539878e-10 0.465393794749403
"Cephalophus dorsalis" 1 33 415 -6.0674312671408 1.29972210560156e-09 0.469879518072289
"Cephalophus dorsalis" 1 34 415 -6.04770987404671 1.46919215834983e-09 0.469879518072289
"Cephalophus dorsalis" 1 35 413 -6.08657489320681 1.15351711800275e-09 0.472154963680387
"Cephalophus dorsalis" 1 36 412 -6.11917308130105 9.40621933797478e-10 0.475728155339806
"Cephalophus dorsalis" 1 37 410 -6.09681563456282 1.08202189159877e-09 0.473170731707317
"Cephalophus dorsalis" 1 38 410 -6.08906139318579 1.1357456368045e-09 0.473170731707317
"Cephalophus dorsalis" 1 39 409 -6.07448596923144 1.2438551023252e-09 0.484107579462103
"Cephalophus dorsalis" 1 40 408 -6.20521259038226 5.46230121682946e-10 0.487745098039216
"Cephalophus dorsalis" 1 41 407 -6.23035948952908 4.65366056106578e-10 0.496314496314496
"Cephalophus dorsalis" 1 42 407 -6.27339290486471 3.53263943727848e-10 0.501228501228501
"Cephalophus dorsalis" 1 43 405 -6.3797193845819 1.77412765993212e-10 0.503703703703704
"Cephalophus dorsalis" 1 44 403 -6.51486343319747 7.27558212520529e-11 0.506203473945409
"Cephalophus dorsalis" 1 45 402 -6.55252988642768 5.65703922050527e-11 0.507462686567164
"Cephalophus dorsalis" 1 46 401 -6.5604629000952 5.364099959526e-11 0.508728179551122
"Cephalophus dorsalis" 1 47 398 -6.51107465886101 7.46150447621733e-11 0.512562814070352
"Cephalophus dorsalis" 1 48 397 -6.46073521472088 1.04195498229666e-10 0.516372795969773
"Cephalophus dorsalis" 1 49 395 -6.53138043199846 6.5166235911671e-11 0.518987341772152
"Cephalophus dorsalis" 1 50 391 -6.2667542994262 3.6865113253539e-10 0.531969309462916
"Cephalophus dorsalis" 1 51 388 -6.16873371027795 6.88390455821341e-10 0.536082474226804
"Cephalophus dorsalis" 1 52 386 -6.4761754569999 9.40766468755132e-11 0.541450777202073
"Cephalophus dorsalis" 1 53 382 -6.33913371290809 2.31060644323559e-10 0.549738219895288
"Cephalophus dorsalis" 1 54 381 -6.29098366757175 3.15460528099258e-10 0.551181102362205
"Cephalophus dorsalis" 1 55 376 -6.34928417760633 2.16319111228511e-10 0.545212765957447
"Cephalophus dorsalis" 1 56 373 -6.23462138373669 4.52872058780852e-10 0.549597855227882
"Cephalophus dorsalis" 1 57 370 -6.11881237459842 9.42753268854159e-10 0.551351351351351
"Cephalophus dorsalis" 1 58 366 -6.30568216084484 2.86927314679774e-10 0.562841530054645
"Cephalophus dorsalis" 1 59 364 -6.41733189524049 1.38683361554617e-10 0.563186813186813
"Cephalophus dorsalis" 1 60 361 -6.140011871585 8.25153139208309e-10 0.573407202216066
"Cephalophus dorsalis" 1 61 356 -6.22046617144159 4.95679932954767e-10 0.578651685393258
"Cephalophus dorsalis" 1 62 351 -5.95707367086981 2.56794502173915e-09 0.581196581196581
"Cephalophus dorsalis" 1 63 349 -5.96778138040678 2.40501308685141e-09 0.581661891117478
"Cephalophus dorsalis" 1 64 341 -5.38022635277567 7.43922410836707e-08 0.583577712609971
"Cephalophus dorsalis" 1 65 327 -3.90665380281488 9.3583084569747e-05 0.584097859327217
"Cephalophus dorsalis" 1 66 320 -3.92874903522313 8.53888940958518e-05 0.5875
"Cephalophus dorsalis" 1 67 304 -2.4141168668109 0.0157734021685282 0.592105263157895
"Cephalophus dorsalis" 1 68 296 -2.28988500769241 0.0220279835525931 0.594594594594595
"Cephalophus dorsalis" 1 69 283 -4.33012894877481 1.4902205189888e-05 0.597173144876325
"Cephalophus dorsalis" 1 70 272 -4.09793576771696 4.16850909893183e-05 0.613970588235294
"Cephalophus dorsalis" 1 71 268 -4.17182198227091 3.02173679480768e-05 0.615671641791045
"Cephalophus dorsalis" 1 72 249 -4.48682649555761 7.22918990648609e-06 0.590361445783133
"Cephalophus dorsalis" 1 73 231 NA NA 0.575757575757576
"Cephalophus dorsalis" 1 74 225 NA NA 0.577777777777778
"Cephalophus dorsalis" 1 75 218 NA NA 0.591743119266055
"Cephalophus dorsalis" 1 76 216 NA NA 0.592592592592593
"Cephalophus dorsalis" 1 77 211 NA NA 0.601895734597156
"Cephalophus dorsalis" 1 78 209 NA NA 0.61244019138756
"Cephalophus dorsalis" 1 79 195 NA NA 0.61025641025641
"Cephalophus dorsalis" 1 80 180 NA NA 0.6
"Cephalophus dorsalis" 1 81 176 NA NA 0.607954545454545
"Cephalophus dorsalis" 1 82 170 NA NA 0.611764705882353
"Cephalophus dorsalis" 1 83 166 NA NA 0.614457831325301
"Cephalophus dorsalis" 1 84 166 NA NA 0.620481927710843
"Cephalophus dorsalis" 1 85 166 NA NA 0.620481927710843
"Cephalophus dorsalis" 1 86 165 NA NA 0.618181818181818
"Cephalophus dorsalis" 1 87 163 NA NA 0.613496932515337
"Cephalophus dorsalis" 1 88 158 NA NA 0.620253164556962
"Cephalophus dorsalis" 1 89 153 NA NA 0.627450980392157
"Cephalophus dorsalis" 1 90 151 NA NA 0.622516556291391
"Cephalophus dorsalis" 1 91 150 NA NA 0.633333333333333
"Cephalophus dorsalis" 1 92 146 NA NA 0.636986301369863
"Cephalophus dorsalis" 1 93 142 NA NA 0.633802816901408
"Cephalophus dorsalis" 1 94 142 NA NA 0.633802816901408
"Cephalophus dorsalis" 1 95 127 NA NA 0.653543307086614
"Cephalophus dorsalis" 1 96 105 NA NA 0.60952380952381
"Cephalophus dorsalis" 1 97 89 NA NA 0.595505617977528
"Cephalophus dorsalis" 1 98 75 NA NA 0.586666666666667
"Cephalophus dorsalis" 1 99 75 NA NA 0.586666666666667
"Cephalophus dorsalis" 1 100 75 NA NA 0.586666666666667
"Cephalophus dorsalis" 1 101 75 NA NA 0.586666666666667
"Cephalophus dorsalis" 1 102 75 NA NA 0.586666666666667
"Cephalophus dorsalis" 1 103 75 NA NA 0.586666666666667
"Cephalophus dorsalis" 1 104 75 NA NA 0.586666666666667
"Cephalophus dorsalis" 1 105 73 NA NA 0.589041095890411
"Cephalophus dorsalis" 1 106 61 NA NA 0.573770491803279
"Cephalophus dorsalis" 1 107 56 NA NA 0.607142857142857
"Cephalophus dorsalis" 1 108 49 NA NA 0.63265306122449
"Cephalophus dorsalis" 1 109 48 NA NA 0.625
"Cephalophus dorsalis" 1 110 47 NA NA 0.617021276595745
"Cephalophus dorsalis" 1 111 45 NA NA 0.622222222222222
"Cephalophus dorsalis" 1 112 45 NA NA 0.622222222222222
"Cephalophus dorsalis" 1 113 45 NA NA 0.644444444444444
"Cephalophus dorsalis" 1 114 45 NA NA 0.644444444444444
"Cephalophus dorsalis" 1 115 44 NA NA 0.659090909090909
"Cephalophus dorsalis" 1 116 44 NA NA 0.659090909090909
"Cephalophus dorsalis" 1 117 43 NA NA 0.674418604651163
"Cephalophus dorsalis" 1 118 43 NA NA 0.674418604651163
"Cephalophus dorsalis" 1 119 43 NA NA 0.674418604651163
"Cephalophus dorsalis" 1 120 43 NA NA 0.674418604651163
"Cephalophus dorsalis" 1 121 43 NA NA 0.674418604651163
"Cephalophus dorsalis" 1 122 43 NA NA 0.674418604651163
"Cephalophus dorsalis" 1 123 43 NA NA 0.674418604651163
"Cephalophus dorsalis" 1 124 43 NA NA 0.674418604651163
"Cephalophus dorsalis" 1 125 43 NA NA 0.674418604651163
"Cephalophus dorsalis" 1 126 43 NA NA 0.674418604651163
"Cephalophus dorsalis" 1 127 43 NA NA 0.674418604651163
"Cephalophus dorsalis" 1 128 42 NA NA 0.666666666666667
"Cephalophus dorsalis" 1 129 42 NA NA 0.666666666666667
"Cephalophus dorsalis" 1 130 41 NA NA 0.658536585365854
"Cephalophus dorsalis" 1 131 41 NA NA 0.682926829268293
"Cephalophus dorsalis" 1 132 41 NA NA 0.682926829268293
"Cephalophus dorsalis" 1 133 41 NA NA 0.682926829268293
"Cephalophus dorsalis" 1 134 41 NA NA 0.682926829268293
"Cephalophus dorsalis" 1 135 41 NA NA 0.682926829268293
"Cephalophus dorsalis" 1 136 41 NA NA 0.682926829268293
"Cephalophus dorsalis" 1 137 41 NA NA 0.682926829268293
"Cephalophus dorsalis" 1 138 41 NA NA 0.682926829268293
"Cephalophus dorsalis" 1 139 40 NA NA 0.7
"Cephalophus dorsalis" 1 140 40 NA NA 0.7
"Cephalophus dorsalis" 1 141 40 NA NA 0.7
"Cephalophus dorsalis" 1 142 40 NA NA 0.7
"Cephalophus dorsalis" 1 143 40 NA NA 0.7
"Cephalophus dorsalis" 1 144 40 NA NA 0.7
"Cephalophus dorsalis" 1 145 40 NA NA 0.7
"Cephalophus dorsalis" 1 146 40 NA NA 0.7
"Cephalophus dorsalis" 1 147 40 NA NA 0.7
"Cephalophus dorsalis" 1 148 40 NA NA 0.7
"Cephalophus dorsalis" 1 149 40 NA NA 0.7
"Cephalophus dorsalis" 1 150 40 NA NA 0.7
"Cephalophus dorsalis" 1 151 40 NA NA 0.7
"Cephalophus dorsalis" 1 152 40 NA NA 0.7
"Cephalophus dorsalis" 1 153 40 NA NA 0.7
"Cephalophus dorsalis" 1 154 39 NA NA 0.717948717948718
"Cephalophus dorsalis" 1 155 39 NA NA 0.717948717948718
"Cephalophus dorsalis" 1 156 39 NA NA 0.717948717948718
"Cephalophus dorsalis" 1 157 39 NA NA 0.717948717948718
"Cephalophus dorsalis" 1 158 39 NA NA 0.717948717948718
"Cephalophus dorsalis" 1 159 39 NA NA 0.717948717948718
"Cephalophus dorsalis" 1 160 39 NA NA 0.717948717948718
"Cephalophus dorsalis" 1 161 39 NA NA 0.717948717948718
"Cephalophus dorsalis" 1 162 39 NA NA 0.717948717948718
"Cephalophus dorsalis" 1 163 39 NA NA 0.717948717948718
"Cephalophus dorsalis" 1 164 39 NA NA 0.717948717948718
"Cephalophus dorsalis" 1 165 39 NA NA 0.717948717948718
"Cephalophus dorsalis" 1 166 39 NA NA 0.717948717948718
"Cephalophus dorsalis" 1 167 39 NA NA 0.717948717948718
"Cephalophus dorsalis" 1 168 39 NA NA 0.717948717948718
"Cephalophus dorsalis" 1 169 39 NA NA 0.717948717948718
"Cephalophus dorsalis" 1 170 39 NA NA 0.717948717948718
"Cephalophus dorsalis" 1 171 39 NA NA 0.717948717948718
"Cephalophus dorsalis" 1 172 39 NA NA 0.717948717948718
"Cephalophus dorsalis" 1 173 38 NA NA 0.710526315789474
"Cephalophus dorsalis" 1 174 38 NA NA 0.710526315789474
"Cephalophus dorsalis" 1 175 37 NA NA 0.702702702702703
"Cephalophus dorsalis" 1 176 37 NA NA 0.702702702702703
"Cephalophus dorsalis" 1 177 37 NA NA 0.702702702702703
"Cephalophus dorsalis" 1 178 37 NA NA 0.702702702702703
"Cephalophus dorsalis" 1 179 37 NA NA 0.702702702702703
"Cephalophus dorsalis" 1 180 37 NA NA 0.702702702702703
"Cephalophus dorsalis" 1 181 37 NA NA 0.702702702702703
"Cephalophus dorsalis" 1 182 37 NA NA 0.702702702702703
"Cephalophus dorsalis" 1 183 37 NA NA 0.702702702702703
"Cephalophus dorsalis" 1 184 36 NA NA 0.694444444444444
"Cephalophus dorsalis" 1 185 35 NA NA 0.685714285714286
"Cephalophus dorsalis" 1 186 35 NA NA 0.685714285714286
"Cephalophus dorsalis" 1 187 34 NA NA 0.705882352941177
"Cephalophus dorsalis" 1 188 34 NA NA 0.705882352941177
"Cephalophus dorsalis" 1 189 34 NA NA 0.705882352941177
"Cephalophus dorsalis" 1 190 34 NA NA 0.705882352941177
"Cephalophus dorsalis" 1 191 33 NA NA 0.696969696969697
"Cephalophus dorsalis" 1 192 33 NA NA 0.696969696969697
"Cephalophus dorsalis" 1 193 33 NA NA 0.696969696969697
"Cephalophus dorsalis" 1 194 33 NA NA 0.696969696969697
"Cephalophus dorsalis" 1 195 33 NA NA 0.696969696969697
"Cephalophus dorsalis" 1 196 33 NA NA 0.696969696969697
"Cephalophus dorsalis" 1 197 33 NA NA 0.696969696969697
"Cephalophus dorsalis" 1 198 33 NA NA 0.696969696969697
"Cephalophus dorsalis" 1 199 33 NA NA 0.696969696969697
"Cephalophus dorsalis" 1 200 33 NA NA 0.696969696969697
"Cephalophus dorsalis" 2 4 452 -4.18884215017643 2.80381334414801e-05 0.152654867256637
"Cephalophus dorsalis" 2 6 449 -4.48356333024817 7.34068032580559e-06 0.184855233853007
"Cephalophus dorsalis" 2 8 447 -4.30479682636584 1.67139056752603e-05 0.225950782997763
"Cephalophus dorsalis" 2 10 445 -4.44823362084189 8.65793339237159e-06 0.235955056179775
"Cephalophus dorsalis" 2 12 439 -4.75678565730101 1.96699827260026e-06 0.280182232346241
"Cephalophus dorsalis" 2 14 436 -5.06376834902168 4.11049087311232e-07 0.298165137614679
"Cephalophus dorsalis" 2 16 435 -5.1746134592352 2.28383295117056e-07 0.328735632183908
"Cephalophus dorsalis" 2 18 434 -5.59719641863059 2.17845853139629e-08 0.352534562211982
"Cephalophus dorsalis" 2 20 430 -5.62043886725464 1.9047298276304e-08 0.358139534883721
"Cephalophus dorsalis" 2 22 427 -5.55597132595525 2.76072192932841e-08 0.377049180327869
"Cephalophus dorsalis" 2 24 425 -5.62638568253178 1.84024644633566e-08 0.392941176470588
"Cephalophus dorsalis" 2 26 422 -5.61431771402054 1.97339335618558e-08 0.412322274881517
"Cephalophus dorsalis" 2 28 422 -5.70206633973936 1.18363742691662e-08 0.438388625592417
"Cephalophus dorsalis" 2 30 420 -5.66639422990763 1.45833781908531e-08 0.447619047619048
"Cephalophus dorsalis" 2 32 419 -5.94689814354507 2.73271335341695e-09 0.465393794749403
"Cephalophus dorsalis" 2 34 415 -5.77382556510369 7.74916602415665e-09 0.469879518072289
"Cephalophus dorsalis" 2 36 412 -5.78821608626807 7.11378614718979e-09 0.475728155339806
"Cephalophus dorsalis" 2 38 410 -5.71922961538057 1.07008108028238e-08 0.473170731707317
"Cephalophus dorsalis" 2 40 408 -5.82205107819598 5.81297765963002e-09 0.487745098039216
"Cephalophus dorsalis" 2 42 407 -6.00385512527254 1.92686647000211e-09 0.501228501228501
"Cephalophus dorsalis" 2 44 403 -6.23268307817235 4.58513189420822e-10 0.506203473945409
"Cephalophus dorsalis" 2 46 401 -6.21985405478724 4.97617526482354e-10 0.508728179551122
"Cephalophus dorsalis" 2 48 397 -6.17442787039697 6.64034876035102e-10 0.516372795969773
"Cephalophus dorsalis" 2 50 391 -5.95965930858221 2.52764344242359e-09 0.531969309462916
"Cephalophus dorsalis" 2 52 386 -6.20167251902804 5.58662337774186e-10 0.541450777202073
"Cephalophus dorsalis" 2 54 381 -6.07616855289285 1.23088030820474e-09 0.551181102362205
"Cephalophus dorsalis" 2 56 373 -6.02408927978952 1.70064476734654e-09 0.549597855227882
"Cephalophus dorsalis" 2 58 366 -6.06709716521364 1.30242769006023e-09 0.562841530054645
"Cephalophus dorsalis" 2 60 361 -5.96678203219406 2.41978309197572e-09 0.573407202216066
"Cephalophus dorsalis" 2 62 351 -5.79660981243591 6.76688817919425e-09 0.581196581196581
"Cephalophus dorsalis" 2 64 341 -5.29550665392324 1.18686871875238e-07 0.583577712609971
"Cephalophus dorsalis" 2 66 320 -3.93838370320685 8.2032337737587e-05 0.5875
"Cephalophus dorsalis" 2 68 296 -2.38239736916774 0.017200325747756 0.594594594594595
"Cephalophus dorsalis" 2 70 272 -3.66658169107475 0.000245814415213195 0.613970588235294
"Cephalophus dorsalis" 2 72 249 -4.04780446005684 5.17003089702373e-05 0.590361445783133
"Cephalophus dorsalis" 2 74 225 NA NA 0.577777777777778
"Cephalophus dorsalis" 2 76 216 NA NA 0.592592592592593
"Cephalophus dorsalis" 2 78 209 NA NA 0.61244019138756
"Cephalophus dorsalis" 2 80 180 NA NA 0.6
"Cephalophus dorsalis" 2 82 170 NA NA 0.611764705882353
"Cephalophus dorsalis" 2 84 166 NA NA 0.620481927710843
"Cephalophus dorsalis" 2 86 165 NA NA 0.618181818181818
"Cephalophus dorsalis" 2 88 158 NA NA 0.620253164556962
"Cephalophus dorsalis" 2 90 151 NA NA 0.622516556291391
"Cephalophus dorsalis" 2 92 146 NA NA 0.636986301369863
"Cephalophus dorsalis" 2 94 142 NA NA 0.633802816901408
"Cephalophus dorsalis" 2 96 105 NA NA 0.60952380952381
"Cephalophus dorsalis" 2 98 75 NA NA 0.586666666666667
"Cephalophus dorsalis" 2 100 75 NA NA 0.586666666666667
"Cephalophus dorsalis" 2 102 75 NA NA 0.586666666666667
"Cephalophus dorsalis" 2 104 75 NA NA 0.586666666666667
"Cephalophus dorsalis" 2 106 61 NA NA 0.573770491803279
"Cephalophus dorsalis" 2 108 49 NA NA 0.63265306122449
"Cephalophus dorsalis" 2 110 47 NA NA 0.617021276595745
"Cephalophus dorsalis" 2 112 45 NA NA 0.622222222222222
"Cephalophus dorsalis" 2 114 45 NA NA 0.644444444444444
"Cephalophus dorsalis" 2 116 44 NA NA 0.659090909090909
"Cephalophus dorsalis" 2 118 43 NA NA 0.674418604651163
"Cephalophus dorsalis" 2 120 43 NA NA 0.674418604651163
"Cephalophus dorsalis" 2 122 43 NA NA 0.674418604651163
"Cephalophus dorsalis" 2 124 43 NA NA 0.674418604651163
"Cephalophus dorsalis" 2 126 43 NA NA 0.674418604651163
"Cephalophus dorsalis" 2 128 42 NA NA 0.666666666666667
"Cephalophus dorsalis" 2 130 41 NA NA 0.658536585365854
"Cephalophus dorsalis" 2 132 41 NA NA 0.682926829268293
"Cephalophus dorsalis" 2 134 41 NA NA 0.682926829268293
"Cephalophus dorsalis" 2 136 41 NA NA 0.682926829268293
"Cephalophus dorsalis" 2 138 41 NA NA 0.682926829268293
"Cephalophus dorsalis" 2 140 40 NA NA 0.7
"Cephalophus dorsalis" 2 142 40 NA NA 0.7
"Cephalophus dorsalis" 2 144 40 NA NA 0.7
"Cephalophus dorsalis" 2 146 40 NA NA 0.7
"Cephalophus dorsalis" 2 148 40 NA NA 0.7
"Cephalophus dorsalis" 2 150 40 NA NA 0.7
"Cephalophus dorsalis" 2 152 40 NA NA 0.7
"Cephalophus dorsalis" 2 154 39 NA NA 0.717948717948718
"Cephalophus dorsalis" 2 156 39 NA NA 0.717948717948718
"Cephalophus dorsalis" 2 158 39 NA NA 0.717948717948718
"Cephalophus dorsalis" 2 160 39 NA NA 0.717948717948718
"Cephalophus dorsalis" 2 162 39 NA NA 0.717948717948718
"Cephalophus dorsalis" 2 164 39 NA NA 0.717948717948718
"Cephalophus dorsalis" 2 166 39 NA NA 0.717948717948718
"Cephalophus dorsalis" 2 168 39 NA NA 0.717948717948718
"Cephalophus dorsalis" 2 170 39 NA NA 0.717948717948718
"Cephalophus dorsalis" 2 172 39 NA NA 0.717948717948718
"Cephalophus dorsalis" 2 174 38 NA NA 0.710526315789474
"Cephalophus dorsalis" 2 176 37 NA NA 0.702702702702703
"Cephalophus dorsalis" 2 178 37 NA NA 0.702702702702703
"Cephalophus dorsalis" 2 180 37 NA NA 0.702702702702703
"Cephalophus dorsalis" 2 182 37 NA NA 0.702702702702703
"Cephalophus dorsalis" 2 184 36 NA NA 0.694444444444444
"Cephalophus dorsalis" 2 186 35 NA NA 0.685714285714286
"Cephalophus dorsalis" 2 188 34 NA NA 0.705882352941177
"Cephalophus dorsalis" 2 190 34 NA NA 0.705882352941177
"Cephalophus dorsalis" 2 192 33 NA NA 0.696969696969697
"Cephalophus dorsalis" 2 194 33 NA NA 0.696969696969697
"Cephalophus dorsalis" 2 196 33 NA NA 0.696969696969697
"Cephalophus dorsalis" 2 198 33 NA NA 0.696969696969697
"Cephalophus dorsalis" 2 200 33 NA NA 0.696969696969697
"Cephalophus dorsalis" 3 6 449 -4.53704222404454 5.70486878221569e-06 0.184855233853007
"Cephalophus dorsalis" 3 9 447 -4.56461378037827 5.00414741314039e-06 0.232662192393736
"Cephalophus dorsalis" 3 12 439 -5.00922612909282 5.46493327384768e-07 0.280182232346241
"Cephalophus dorsalis" 3 15 436 -5.40286386786427 6.55852345290916e-08 0.302752293577982
"Cephalophus dorsalis" 3 18 434 -5.81556172856834 6.04306074236797e-09 0.352534562211982
"Cephalophus dorsalis" 3 21 429 -5.70336711558835 1.17463617680541e-08 0.372960372960373
"Cephalophus dorsalis" 3 24 425 -5.7993079203167 6.65891621399218e-09 0.392941176470588
"Cephalophus dorsalis" 3 27 422 -5.76786130006536 8.02838357669415e-09 0.421800947867299
"Cephalophus dorsalis" 3 30 420 -5.79647319657128 6.77240027879659e-09 0.447619047619048
"Cephalophus dorsalis" 3 33 415 -5.89710354577925 3.69937732057565e-09 0.469879518072289
"Cephalophus dorsalis" 3 36 412 -5.80123100068311 6.58298370811744e-09 0.475728155339806
"Cephalophus dorsalis" 3 39 409 -5.66326953161373 1.48515598936907e-08 0.484107579462103
"Cephalophus dorsalis" 3 42 407 -5.9678922508574 2.40337988322285e-09 0.501228501228501
"Cephalophus dorsalis" 3 45 402 -6.23040602334805 4.65227839899133e-10 0.507462686567164
"Cephalophus dorsalis" 3 48 397 -6.27084040596834 3.59104546823703e-10 0.516372795969773
"Cephalophus dorsalis" 3 51 388 -5.99240686346332 2.06757853144689e-09 0.536082474226804
"Cephalophus dorsalis" 3 54 381 -6.23344730492489 4.5628088633368e-10 0.551181102362205
"Cephalophus dorsalis" 3 57 370 -5.97933831374597 2.24045816015765e-09 0.551351351351351
"Cephalophus dorsalis" 3 60 361 -6.13786481889304 8.36379847274687e-10 0.573407202216066
"Cephalophus dorsalis" 3 63 349 -5.98653486369185 2.14358657917265e-09 0.581661891117478
"Cephalophus dorsalis" 3 66 320 -4.17203138967627 3.01896034132057e-05 0.5875
"Cephalophus dorsalis" 3 69 283 -3.919369076332 8.87810726388702e-05 0.597173144876325
"Cephalophus dorsalis" 3 72 249 -4.0708221179357 4.68475129140139e-05 0.590361445783133
"Cephalophus dorsalis" 3 75 218 NA NA 0.591743119266055
"Cephalophus dorsalis" 3 78 209 NA NA 0.61244019138756
"Cephalophus dorsalis" 3 81 176 NA NA 0.607954545454545
"Cephalophus dorsalis" 3 84 166 NA NA 0.620481927710843
"Cephalophus dorsalis" 3 87 163 NA NA 0.613496932515337
"Cephalophus dorsalis" 3 90 151 NA NA 0.622516556291391
"Cephalophus dorsalis" 3 93 142 NA NA 0.633802816901408
"Cephalophus dorsalis" 3 96 105 NA NA 0.60952380952381
"Cephalophus dorsalis" 3 99 75 NA NA 0.586666666666667
"Cephalophus dorsalis" 3 102 75 NA NA 0.586666666666667
"Cephalophus dorsalis" 3 105 73 NA NA 0.589041095890411
"Cephalophus dorsalis" 3 108 49 NA NA 0.63265306122449
"Cephalophus dorsalis" 3 111 45 NA NA 0.622222222222222
"Cephalophus dorsalis" 3 114 45 NA NA 0.644444444444444
"Cephalophus dorsalis" 3 117 43 NA NA 0.674418604651163
"Cephalophus dorsalis" 3 120 43 NA NA 0.674418604651163
"Cephalophus dorsalis" 3 123 43 NA NA 0.674418604651163
"Cephalophus dorsalis" 3 126 43 NA NA 0.674418604651163
"Cephalophus dorsalis" 3 129 42 NA NA 0.666666666666667
"Cephalophus dorsalis" 3 132 41 NA NA 0.682926829268293
"Cephalophus dorsalis" 3 135 41 NA NA 0.682926829268293
"Cephalophus dorsalis" 3 138 41 NA NA 0.682926829268293
"Cephalophus dorsalis" 3 141 40 NA NA 0.7
"Cephalophus dorsalis" 3 144 40 NA NA 0.7
"Cephalophus dorsalis" 3 147 40 NA NA 0.7
"Cephalophus dorsalis" 3 150 40 NA NA 0.7
"Cephalophus dorsalis" 3 153 40 NA NA 0.7
"Cephalophus dorsalis" 3 156 39 NA NA 0.717948717948718
"Cephalophus dorsalis" 3 159 39 NA NA 0.717948717948718
"Cephalophus dorsalis" 3 162 39 NA NA 0.717948717948718
"Cephalophus dorsalis" 3 165 39 NA NA 0.717948717948718
"Cephalophus dorsalis" 3 168 39 NA NA 0.717948717948718
"Cephalophus dorsalis" 3 171 39 NA NA 0.717948717948718
"Cephalophus dorsalis" 3 174 38 NA NA 0.710526315789474
"Cephalophus dorsalis" 3 177 37 NA NA 0.702702702702703
"Cephalophus dorsalis" 3 180 37 NA NA 0.702702702702703
"Cephalophus dorsalis" 3 183 37 NA NA 0.702702702702703
"Cephalophus dorsalis" 3 186 35 NA NA 0.685714285714286
"Cephalophus dorsalis" 3 189 34 NA NA 0.705882352941177
"Cephalophus dorsalis" 3 192 33 NA NA 0.696969696969697
"Cephalophus dorsalis" 3 195 33 NA NA 0.696969696969697
"Cephalophus dorsalis" 3 198 33 NA NA 0.696969696969697
"Cephalophus dorsalis" 4 8 447 -4.3813332022228 1.17955324802121e-05 0.225950782997763
"Cephalophus dorsalis" 4 12 439 -4.8547935517606 1.20512226780262e-06 0.280182232346241
"Cephalophus dorsalis" 4 16 435 -5.30080169830172 1.15295266562666e-07 0.328735632183908
"Cephalophus dorsalis" 4 20 430 -5.76599276352012 8.11785425995817e-09 0.358139534883721
"Cephalophus dorsalis" 4 24 425 -5.70253551526394 1.18038307413141e-08 0.392941176470588
"Cephalophus dorsalis" 4 28 422 -5.67844736159209 1.35922847007641e-08 0.438388625592417
"Cephalophus dorsalis" 4 32 419 -5.89207741114241 3.81370432215374e-09 0.465393794749403
"Cephalophus dorsalis" 4 36 412 -5.61623972962833 1.95157850554324e-08 0.475728155339806
"Cephalophus dorsalis" 4 40 408 -5.62967397156298 1.80550578760277e-08 0.487745098039216
"Cephalophus dorsalis" 4 44 403 -6.11206299817666 9.83513408787679e-10 0.506203473945409
"Cephalophus dorsalis" 4 48 397 -6.22086704469391 4.94415001124385e-10 0.516372795969773
"Cephalophus dorsalis" 4 52 386 -6.22916391068093 4.68930976686945e-10 0.541450777202073
"Cephalophus dorsalis" 4 56 373 -6.07293082223168 1.25596570517536e-09 0.549597855227882
"Cephalophus dorsalis" 4 60 361 -6.02313333975415 1.71072391932261e-09 0.573407202216066
"Cephalophus dorsalis" 4 64 341 -5.4892564033014 4.03629347565573e-08 0.583577712609971
"Cephalophus dorsalis" 4 68 296 -2.70620689963214 0.00680566297992669 0.594594594594595
"Cephalophus dorsalis" 4 72 249 -3.79101716310445 0.000150031584893742 0.590361445783133
"Cephalophus dorsalis" 4 76 216 NA NA 0.592592592592593
"Cephalophus dorsalis" 4 80 180 NA NA 0.6
"Cephalophus dorsalis" 4 84 166 NA NA 0.620481927710843
"Cephalophus dorsalis" 4 88 158 NA NA 0.620253164556962
"Cephalophus dorsalis" 4 92 146 NA NA 0.636986301369863
"Cephalophus dorsalis" 4 96 105 NA NA 0.60952380952381
"Cephalophus dorsalis" 4 100 75 NA NA 0.586666666666667
"Cephalophus dorsalis" 4 104 75 NA NA 0.586666666666667
"Cephalophus dorsalis" 4 108 49 NA NA 0.63265306122449
"Cephalophus dorsalis" 4 112 45 NA NA 0.622222222222222
"Cephalophus dorsalis" 4 116 44 NA NA 0.659090909090909
"Cephalophus dorsalis" 4 120 43 NA NA 0.674418604651163
"Cephalophus dorsalis" 4 124 43 NA NA 0.674418604651163
"Cephalophus dorsalis" 4 128 42 NA NA 0.666666666666667
"Cephalophus dorsalis" 4 132 41 NA NA 0.682926829268293
"Cephalophus dorsalis" 4 136 41 NA NA 0.682926829268293
"Cephalophus dorsalis" 4 140 40 NA NA 0.7
"Cephalophus dorsalis" 4 144 40 NA NA 0.7
"Cephalophus dorsalis" 4 148 40 NA NA 0.7
"Cephalophus dorsalis" 4 152 40 NA NA 0.7
"Cephalophus dorsalis" 4 156 39 NA NA 0.717948717948718
"Cephalophus dorsalis" 4 160 39 NA NA 0.717948717948718
"Cephalophus dorsalis" 4 164 39 NA NA 0.717948717948718
"Cephalophus dorsalis" 4 168 39 NA NA 0.717948717948718
"Cephalophus dorsalis" 4 172 39 NA NA 0.717948717948718
"Cephalophus dorsalis" 4 176 37 NA NA 0.702702702702703
"Cephalophus dorsalis" 4 180 37 NA NA 0.702702702702703
"Cephalophus dorsalis" 4 184 36 NA NA 0.694444444444444
"Cephalophus dorsalis" 4 188 34 NA NA 0.705882352941177
"Cephalophus dorsalis" 4 192 33 NA NA 0.696969696969697
"Cephalophus dorsalis" 4 196 33 NA NA 0.696969696969697
"Cephalophus dorsalis" 4 200 33 NA NA 0.696969696969697
"Cephalophus dorsalis" 5 10 445 -4.6722050253176 2.97983286445518e-06 0.235955056179775
"Cephalophus dorsalis" 5 15 436 -5.51773203340622 3.43402517813747e-08 0.302752293577982
"Cephalophus dorsalis" 5 20 430 -5.95962844161813 2.52812090386944e-09 0.358139534883721
"Cephalophus dorsalis" 5 25 423 -5.91750158049843 3.26868721331943e-09 0.40661938534279
"Cephalophus dorsalis" 5 30 420 -5.85763464919532 4.69506116950411e-09 0.447619047619048
"Cephalophus dorsalis" 5 35 413 -5.86944044309574 4.37268390989035e-09 0.472154963680387
"Cephalophus dorsalis" 5 40 408 -5.80696165565696 6.36166983179508e-09 0.487745098039216
"Cephalophus dorsalis" 5 45 402 -6.30600908772786 2.86322231046792e-10 0.507462686567164
"Cephalophus dorsalis" 5 50 391 -6.15888572790247 7.32585622711487e-10 0.531969309462916
"Cephalophus dorsalis" 5 55 376 -6.36177031643145 1.9944152969157e-10 0.545212765957447
"Cephalophus dorsalis" 5 60 361 -6.17370315678787 6.67087355163517e-10 0.573407202216066
"Cephalophus dorsalis" 5 65 327 -4.4046330788123 1.05963075952681e-05 0.584097859327217
"Cephalophus dorsalis" 5 70 272 -3.33380642006756 0.000856662552973203 0.613970588235294
"Cephalophus dorsalis" 5 75 218 NA NA 0.591743119266055
"Cephalophus dorsalis" 5 80 180 NA NA 0.6
"Cephalophus dorsalis" 5 85 166 NA NA 0.620481927710843
"Cephalophus dorsalis" 5 90 151 NA NA 0.622516556291391
"Cephalophus dorsalis" 5 95 127 NA NA 0.653543307086614
"Cephalophus dorsalis" 5 100 75 NA NA 0.586666666666667
"Cephalophus dorsalis" 5 105 73 NA NA 0.589041095890411
"Cephalophus dorsalis" 5 110 47 NA NA 0.617021276595745
"Cephalophus dorsalis" 5 115 44 NA NA 0.659090909090909
"Cephalophus dorsalis" 5 120 43 NA NA 0.674418604651163
"Cephalophus dorsalis" 5 125 43 NA NA 0.674418604651163
"Cephalophus dorsalis" 5 130 41 NA NA 0.658536585365854
"Cephalophus dorsalis" 5 135 41 NA NA 0.682926829268293
"Cephalophus dorsalis" 5 140 40 NA NA 0.7
"Cephalophus dorsalis" 5 145 40 NA NA 0.7
"Cephalophus dorsalis" 5 150 40 NA NA 0.7
"Cephalophus dorsalis" 5 155 39 NA NA 0.717948717948718
"Cephalophus dorsalis" 5 160 39 NA NA 0.717948717948718
"Cephalophus dorsalis" 5 165 39 NA NA 0.717948717948718
"Cephalophus dorsalis" 5 170 39 NA NA 0.717948717948718
"Cephalophus dorsalis" 5 175 37 NA NA 0.702702702702703
"Cephalophus dorsalis" 5 180 37 NA NA 0.702702702702703
"Cephalophus dorsalis" 5 185 35 NA NA 0.685714285714286
"Cephalophus dorsalis" 5 190 34 NA NA 0.705882352941177
"Cephalophus dorsalis" 5 195 33 NA NA 0.696969696969697
"Cephalophus dorsalis" 5 200 33 NA NA 0.696969696969697
"Cephalophus dorsalis" 6 12 439 -4.99690756246832 5.82569759957525e-07 0.280182232346241
"Cephalophus dorsalis" 6 18 434 -5.78857482434306 7.09861264040823e-09 0.352534562211982
"Cephalophus dorsalis" 6 24 425 -5.72273389244451 1.04823385874725e-08 0.392941176470588
"Cephalophus dorsalis" 6 30 420 -5.71580351388391 1.09186844239258e-08 0.447619047619048
"Cephalophus dorsalis" 6 36 412 -5.71228417714122 1.11469739855586e-08 0.475728155339806
"Cephalophus dorsalis" 6 42 407 -5.90899077790283 3.44209969736994e-09 0.501228501228501
"Cephalophus dorsalis" 6 48 397 -6.27921575655454 3.40285097508096e-10 0.516372795969773
"Cephalophus dorsalis" 6 54 381 -6.16972631463197 6.84082974284849e-10 0.551181102362205
"Cephalophus dorsalis" 6 60 361 -6.06779744975927 1.29676302216521e-09 0.573407202216066
"Cephalophus dorsalis" 6 66 320 -4.24888463278258 2.14837518299246e-05 0.5875
"Cephalophus dorsalis" 6 72 249 -3.77568863620806 0.000159566213415542 0.590361445783133
"Cephalophus dorsalis" 6 78 209 NA NA 0.61244019138756
"Cephalophus dorsalis" 6 84 166 NA NA 0.620481927710843
"Cephalophus dorsalis" 6 90 151 NA NA 0.622516556291391
"Cephalophus dorsalis" 6 96 105 NA NA 0.60952380952381
"Cephalophus dorsalis" 6 102 75 NA NA 0.586666666666667
"Cephalophus dorsalis" 6 108 49 NA NA 0.63265306122449
"Cephalophus dorsalis" 6 114 45 NA NA 0.644444444444444
"Cephalophus dorsalis" 6 120 43 NA NA 0.674418604651163
"Cephalophus dorsalis" 6 126 43 NA NA 0.674418604651163
"Cephalophus dorsalis" 6 132 41 NA NA 0.682926829268293
"Cephalophus dorsalis" 6 138 41 NA NA 0.682926829268293
"Cephalophus dorsalis" 6 144 40 NA NA 0.7
"Cephalophus dorsalis" 6 150 40 NA NA 0.7
"Cephalophus dorsalis" 6 156 39 NA NA 0.717948717948718
"Cephalophus dorsalis" 6 162 39 NA NA 0.717948717948718
"Cephalophus dorsalis" 6 168 39 NA NA 0.717948717948718
"Cephalophus dorsalis" 6 174 38 NA NA 0.710526315789474
"Cephalophus dorsalis" 6 180 37 NA NA 0.702702702702703
"Cephalophus dorsalis" 6 186 35 NA NA 0.685714285714286
"Cephalophus dorsalis" 6 192 33 NA NA 0.696969696969697
"Cephalophus dorsalis" 6 198 33 NA NA 0.696969696969697
"Cephalophus dorsalis" 7 14 436 -5.20435923370316 1.94667116843507e-07 0.298165137614679
"Cephalophus dorsalis" 7 21 429 -5.83635162269341 5.33562339513176e-09 0.372960372960373
"Cephalophus dorsalis" 7 28 422 -5.93507015328471 2.93719880723806e-09 0.438388625592417
"Cephalophus dorsalis" 7 35 413 -5.88439470733132 3.99513377541712e-09 0.472154963680387
"Cephalophus dorsalis" 7 42 407 -5.97921186380225 2.24219783889584e-09 0.501228501228501
"Cephalophus dorsalis" 7 49 395 -6.44796248201729 1.1336381729313e-10 0.518987341772152
"Cephalophus dorsalis" 7 56 373 -6.09478371204115 1.09585515766741e-09 0.549597855227882
"Cephalophus dorsalis" 7 63 349 -5.94412793398344 2.77932478349921e-09 0.581661891117478
"Cephalophus dorsalis" 7 70 272 -3.04840174641588 0.00230062131870693 0.613970588235294
"Cephalophus dorsalis" 7 77 211 NA NA 0.601895734597156
"Cephalophus dorsalis" 7 84 166 NA NA 0.620481927710843
"Cephalophus dorsalis" 7 91 150 NA NA 0.633333333333333
"Cephalophus dorsalis" 7 98 75 NA NA 0.586666666666667
"Cephalophus dorsalis" 7 105 73 NA NA 0.589041095890411
"Cephalophus dorsalis" 7 112 45 NA NA 0.622222222222222
"Cephalophus dorsalis" 7 119 43 NA NA 0.674418604651163
"Cephalophus dorsalis" 7 126 43 NA NA 0.674418604651163
"Cephalophus dorsalis" 7 133 41 NA NA 0.682926829268293
"Cephalophus dorsalis" 7 140 40 NA NA 0.7
"Cephalophus dorsalis" 7 147 40 NA NA 0.7
"Cephalophus dorsalis" 7 154 39 NA NA 0.717948717948718
"Cephalophus dorsalis" 7 161 39 NA NA 0.717948717948718
"Cephalophus dorsalis" 7 168 39 NA NA 0.717948717948718
"Cephalophus dorsalis" 7 175 37 NA NA 0.702702702702703
"Cephalophus dorsalis" 7 182 37 NA NA 0.702702702702703
"Cephalophus dorsalis" 7 189 34 NA NA 0.705882352941177
"Cephalophus dorsalis" 7 196 33 NA NA 0.696969696969697
"Cephalophus dorsalis" 8 16 435 -5.3090647766943 1.10189169645303e-07 0.328735632183908
"Cephalophus dorsalis" 8 24 425 -5.75384886020873 8.72341542432211e-09 0.392941176470588
"Cephalophus dorsalis" 8 32 419 -5.91529857400437 3.31274091749372e-09 0.465393794749403
"Cephalophus dorsalis" 8 40 408 -5.52278517297566 3.33667612821152e-08 0.487745098039216
"Cephalophus dorsalis" 8 48 397 -6.07850920602203 1.21305019528844e-09 0.516372795969773
"Cephalophus dorsalis" 8 56 373 -5.89847399144879 3.66878781663501e-09 0.549597855227882
"Cephalophus dorsalis" 8 64 341 -5.36245108277278 8.21002059308244e-08 0.583577712609971
"Cephalophus dorsalis" 8 72 249 -3.59851299935931 0.00032004185634027 0.590361445783133
"Cephalophus dorsalis" 8 80 180 NA NA 0.6
"Cephalophus dorsalis" 8 88 158 NA NA 0.620253164556962
"Cephalophus dorsalis" 8 96 105 NA NA 0.60952380952381
"Cephalophus dorsalis" 8 104 75 NA NA 0.586666666666667
"Cephalophus dorsalis" 8 112 45 NA NA 0.622222222222222
"Cephalophus dorsalis" 8 120 43 NA NA 0.674418604651163
"Cephalophus dorsalis" 8 128 42 NA NA 0.666666666666667
"Cephalophus dorsalis" 8 136 41 NA NA 0.682926829268293
"Cephalophus dorsalis" 8 144 40 NA NA 0.7
"Cephalophus dorsalis" 8 152 40 NA NA 0.7
"Cephalophus dorsalis" 8 160 39 NA NA 0.717948717948718
"Cephalophus dorsalis" 8 168 39 NA NA 0.717948717948718
"Cephalophus dorsalis" 8 176 37 NA NA 0.702702702702703
"Cephalophus dorsalis" 8 184 36 NA NA 0.694444444444444
"Cephalophus dorsalis" 8 192 33 NA NA 0.696969696969697
"Cephalophus dorsalis" 8 200 33 NA NA 0.696969696969697
"Cephalophus dorsalis" 9 18 434 -5.72421422537105 1.03913561270426e-08 0.352534562211982
"Cephalophus dorsalis" 9 27 422 -5.69024804761975 1.26854960412493e-08 0.421800947867299
"Cephalophus dorsalis" 9 36 412 -5.71096106468962 1.12339947870797e-08 0.475728155339806
"Cephalophus dorsalis" 9 45 402 -6.12986239633647 8.79551113617014e-10 0.507462686567164
"Cephalophus dorsalis" 9 54 381 -6.03389792122436 1.60051189355989e-09 0.551181102362205
"Cephalophus dorsalis" 9 63 349 -5.88120164548307 4.07298595169042e-09 0.581661891117478
"Cephalophus dorsalis" 9 72 249 -3.568619634717 0.0003588669799113 0.590361445783133
"Cephalophus dorsalis" 9 81 176 NA NA 0.607954545454545
"Cephalophus dorsalis" 9 90 151 NA NA 0.622516556291391
"Cephalophus dorsalis" 9 99 75 NA NA 0.586666666666667
"Cephalophus dorsalis" 9 108 49 NA NA 0.63265306122449
"Cephalophus dorsalis" 9 117 43 NA NA 0.674418604651163
"Cephalophus dorsalis" 9 126 43 NA NA 0.674418604651163
"Cephalophus dorsalis" 9 135 41 NA NA 0.682926829268293
"Cephalophus dorsalis" 9 144 40 NA NA 0.7
"Cephalophus dorsalis" 9 153 40 NA NA 0.7
"Cephalophus dorsalis" 9 162 39 NA NA 0.717948717948718
"Cephalophus dorsalis" 9 171 39 NA NA 0.717948717948718
"Cephalophus dorsalis" 9 180 37 NA NA 0.702702702702703
"Cephalophus dorsalis" 9 189 34 NA NA 0.705882352941177
"Cephalophus dorsalis" 9 198 33 NA NA 0.696969696969697
"Cephalophus dorsalis" 10 20 430 -5.75338252419141 8.7475242786118e-09 0.358139534883721
"Cephalophus dorsalis" 10 30 420 -5.64703869706745 1.63235098385947e-08 0.447619047619048
"Cephalophus dorsalis" 10 40 408 -5.50246920436128 3.745086586396e-08 0.487745098039216
"Cephalophus dorsalis" 10 50 391 -5.81132490141031 6.19803392751887e-09 0.531969309462916
"Cephalophus dorsalis" 10 60 361 -5.71894859765544 1.07185211127481e-08 0.573407202216066
"Cephalophus dorsalis" 10 70 272 -3.25125515316474 0.00114896692871185 0.613970588235294
"Cephalophus dorsalis" 10 80 180 NA NA 0.6
"Cephalophus dorsalis" 10 90 151 NA NA 0.622516556291391
"Cephalophus dorsalis" 10 100 75 NA NA 0.586666666666667
"Cephalophus dorsalis" 10 110 47 NA NA 0.617021276595745
"Cephalophus dorsalis" 10 120 43 NA NA 0.674418604651163
"Cephalophus dorsalis" 10 130 41 NA NA 0.658536585365854
"Cephalophus dorsalis" 10 140 40 NA NA 0.7
"Cephalophus dorsalis" 10 150 40 NA NA 0.7
"Cephalophus dorsalis" 10 160 39 NA NA 0.717948717948718
"Cephalophus dorsalis" 10 170 39 NA NA 0.717948717948718
"Cephalophus dorsalis" 10 180 37 NA NA 0.702702702702703
"Cephalophus dorsalis" 10 190 34 NA NA 0.705882352941177
"Cephalophus dorsalis" 10 200 33 NA NA 0.696969696969697
"Cephalophus dorsalis" 11 22 427 -5.5402955497771 3.01961589454334e-08 0.377049180327869
"Cephalophus dorsalis" 11 33 415 -5.44639193109809 5.14018089179041e-08 0.469879518072289
"Cephalophus dorsalis" 11 44 403 -5.57893783286338 2.41991701228148e-08 0.506203473945409
"Cephalophus dorsalis" 11 55 376 -5.63395728769212 1.76120658237932e-08 0.545212765957447
"Cephalophus dorsalis" 11 66 320 -3.98469354984392 6.75672657666607e-05 0.5875
"Cephalophus dorsalis" 11 77 211 NA NA 0.601895734597156
"Cephalophus dorsalis" 11 88 158 NA NA 0.620253164556962
"Cephalophus dorsalis" 11 99 75 NA NA 0.586666666666667
"Cephalophus dorsalis" 11 110 47 NA NA 0.617021276595745
"Cephalophus dorsalis" 11 121 43 NA NA 0.674418604651163
"Cephalophus dorsalis" 11 132 41 NA NA 0.682926829268293
"Cephalophus dorsalis" 11 143 40 NA NA 0.7
"Cephalophus dorsalis" 11 154 39 NA NA 0.717948717948718
"Cephalophus dorsalis" 11 165 39 NA NA 0.717948717948718
"Cephalophus dorsalis" 11 176 37 NA NA 0.702702702702703
"Cephalophus dorsalis" 11 187 34 NA NA 0.705882352941177
"Cephalophus dorsalis" 11 198 33 NA NA 0.696969696969697
"Cephalophus dorsalis" 12 24 425 -5.69592825181505 1.22702473678648e-08 0.392941176470588
"Cephalophus dorsalis" 12 36 412 -5.49719186406726 3.85886782184792e-08 0.475728155339806
"Cephalophus dorsalis" 12 48 397 -5.83625558564032 5.33869817534913e-09 0.516372795969773
"Cephalophus dorsalis" 12 60 361 -5.35727872023415 8.44847400990404e-08 0.573407202216066
"Cephalophus dorsalis" 12 72 249 -3.38430386876592 0.000713589806649975 0.590361445783133
"Cephalophus dorsalis" 12 84 166 NA NA 0.620481927710843
"Cephalophus dorsalis" 12 96 105 NA NA 0.60952380952381
"Cephalophus dorsalis" 12 108 49 NA NA 0.63265306122449
"Cephalophus dorsalis" 12 120 43 NA NA 0.674418604651163
"Cephalophus dorsalis" 12 132 41 NA NA 0.682926829268293
"Cephalophus dorsalis" 12 144 40 NA NA 0.7
"Cephalophus dorsalis" 12 156 39 NA NA 0.717948717948718
"Cephalophus dorsalis" 12 168 39 NA NA 0.717948717948718
"Cephalophus dorsalis" 12 180 37 NA NA 0.702702702702703
"Cephalophus dorsalis" 12 192 33 NA NA 0.696969696969697
"Cephalophus dorsalis" 13 26 422 -5.68118857948346 1.33761891898626e-08 0.412322274881517
"Cephalophus dorsalis" 13 39 409 -5.41303113277323 6.19667112211901e-08 0.484107579462103
"Cephalophus dorsalis" 13 52 386 -5.81145929924972 6.19305913079509e-09 0.541450777202073
"Cephalophus dorsalis" 13 65 327 -4.04357600123392 5.26420812603377e-05 0.584097859327217
"Cephalophus dorsalis" 13 78 209 NA NA 0.61244019138756
"Cephalophus dorsalis" 13 91 150 NA NA 0.633333333333333
"Cephalophus dorsalis" 13 104 75 NA NA 0.586666666666667
"Cephalophus dorsalis" 13 117 43 NA NA 0.674418604651163
"Cephalophus dorsalis" 13 130 41 NA NA 0.658536585365854
"Cephalophus dorsalis" 13 143 40 NA NA 0.7
"Cephalophus dorsalis" 13 156 39 NA NA 0.717948717948718
"Cephalophus dorsalis" 13 169 39 NA NA 0.717948717948718
"Cephalophus dorsalis" 13 182 37 NA NA 0.702702702702703
"Cephalophus dorsalis" 13 195 33 NA NA 0.696969696969697
"Cephalophus dorsalis" 14 28 422 -5.7446494397262 9.21116158460187e-09 0.438388625592417
"Cephalophus dorsalis" 14 42 407 -5.50702519552368 3.64948045325716e-08 0.501228501228501
"Cephalophus dorsalis" 14 56 373 -5.57750514403978 2.43992571780176e-08 0.549597855227882
"Cephalophus dorsalis" 14 70 272 -2.82463661378436 0.00473342649235052 0.613970588235294
"Cephalophus dorsalis" 14 84 166 NA NA 0.620481927710843
"Cephalophus dorsalis" 14 98 75 NA NA 0.586666666666667
"Cephalophus dorsalis" 14 112 45 NA NA 0.622222222222222
"Cephalophus dorsalis" 14 126 43 NA NA 0.674418604651163
"Cephalophus dorsalis" 14 140 40 NA NA 0.7
"Cephalophus dorsalis" 14 154 39 NA NA 0.717948717948718
"Cephalophus dorsalis" 14 168 39 NA NA 0.717948717948718
"Cephalophus dorsalis" 14 182 37 NA NA 0.702702702702703
"Cephalophus dorsalis" 14 196 33 NA NA 0.696969696969697
"Cephalophus dorsalis" 15 30 420 -5.64008788120164 1.69963395917899e-08 0.447619047619048
"Cephalophus dorsalis" 15 45 402 -5.80080107279257 6.59988590194441e-09 0.507462686567164
"Cephalophus dorsalis" 15 60 361 -5.51517479700265 3.4843347530503e-08 0.573407202216066
"Cephalophus dorsalis" 15 75 218 NA NA 0.591743119266055
"Cephalophus dorsalis" 15 90 151 NA NA 0.622516556291391
"Cephalophus dorsalis" 15 105 73 NA NA 0.589041095890411
"Cephalophus dorsalis" 15 120 43 NA NA 0.674418604651163
"Cephalophus dorsalis" 15 135 41 NA NA 0.682926829268293
"Cephalophus dorsalis" 15 150 40 NA NA 0.7
"Cephalophus dorsalis" 15 165 39 NA NA 0.717948717948718
"Cephalophus dorsalis" 15 180 37 NA NA 0.702702702702703
"Cephalophus dorsalis" 15 195 33 NA NA 0.696969696969697
"Cephalophus dorsalis" 16 32 419 -5.64954495857507 1.6087310881153e-08 0.465393794749403
"Cephalophus dorsalis" 16 48 397 -5.66350312267306 1.48313470362777e-08 0.516372795969773
"Cephalophus dorsalis" 16 64 341 -4.80949412468152 1.51312743249073e-06 0.583577712609971
"Cephalophus dorsalis" 16 80 180 NA NA 0.6
"Cephalophus dorsalis" 16 96 105 NA NA 0.60952380952381
"Cephalophus dorsalis" 16 112 45 NA NA 0.622222222222222
"Cephalophus dorsalis" 16 128 42 NA NA 0.666666666666667
"Cephalophus dorsalis" 16 144 40 NA NA 0.7
"Cephalophus dorsalis" 16 160 39 NA NA 0.717948717948718
"Cephalophus dorsalis" 16 176 37 NA NA 0.702702702702703
"Cephalophus dorsalis" 16 192 33 NA NA 0.696969696969697
"Cephalophus dorsalis" 17 34 415 -5.40034579267672 6.65125644023796e-08 0.469879518072289
"Cephalophus dorsalis" 17 51 388 -5.33244919246511 9.68968854358959e-08 0.536082474226804
"Cephalophus dorsalis" 17 68 296 -2.8369359064686 0.00455487545908018 0.594594594594595
"Cephalophus dorsalis" 17 85 166 NA NA 0.620481927710843
"Cephalophus dorsalis" 17 102 75 NA NA 0.586666666666667
"Cephalophus dorsalis" 17 119 43 NA NA 0.674418604651163
"Cephalophus dorsalis" 17 136 41 NA NA 0.682926829268293
"Cephalophus dorsalis" 17 153 40 NA NA 0.7
"Cephalophus dorsalis" 17 170 39 NA NA 0.717948717948718
"Cephalophus dorsalis" 17 187 34 NA NA 0.705882352941177
"Cephalophus dorsalis" 18 36 412 -5.44708170948814 5.12029453202017e-08 0.475728155339806
"Cephalophus dorsalis" 18 54 381 -5.545029305816 2.93904941125167e-08 0.551181102362205
"Cephalophus dorsalis" 18 72 249 -3.15588655133549 0.00160011084476246 0.590361445783133
"Cephalophus dorsalis" 18 90 151 NA NA 0.622516556291391
"Cephalophus dorsalis" 18 108 49 NA NA 0.63265306122449
"Cephalophus dorsalis" 18 126 43 NA NA 0.674418604651163
"Cephalophus dorsalis" 18 144 40 NA NA 0.7
"Cephalophus dorsalis" 18 162 39 NA NA 0.717948717948718
"Cephalophus dorsalis" 18 180 37 NA NA 0.702702702702703
"Cephalophus dorsalis" 18 198 33 NA NA 0.696969696969697
"Cephalophus dorsalis" 19 38 410 -5.34238101243284 9.17335853213365e-08 0.473170731707317
"Cephalophus dorsalis" 19 57 370 -5.39585376001585 6.81984779369802e-08 0.551351351351351
"Cephalophus dorsalis" 19 76 216 NA NA 0.592592592592593
"Cephalophus dorsalis" 19 95 127 NA NA 0.653543307086614
"Cephalophus dorsalis" 19 114 45 NA NA 0.644444444444444
"Cephalophus dorsalis" 19 133 41 NA NA 0.682926829268293
"Cephalophus dorsalis" 19 152 40 NA NA 0.7
"Cephalophus dorsalis" 19 171 39 NA NA 0.717948717948718
"Cephalophus dorsalis" 19 190 34 NA NA 0.705882352941177
"Cephalophus dorsalis" 20 40 408 -5.26847698846893 1.37560282597742e-07 0.487745098039216
"Cephalophus dorsalis" 20 60 361 -5.23373118234366 1.66122002072889e-07 0.573407202216066
"Cephalophus dorsalis" 20 80 180 NA NA 0.6
"Cephalophus dorsalis" 20 100 75 NA NA 0.586666666666667
"Cephalophus dorsalis" 20 120 43 NA NA 0.674418604651163
"Cephalophus dorsalis" 20 140 40 NA NA 0.7
"Cephalophus dorsalis" 20 160 39 NA NA 0.717948717948718
"Cephalophus dorsalis" 20 180 37 NA NA 0.702702702702703
"Cephalophus dorsalis" 20 200 33 NA NA 0.696969696969697
"Cephalophus dorsalis" 21 42 407 -5.32659800512462 1.00069296880349e-07 0.501228501228501
"Cephalophus dorsalis" 21 63 349 -5.30953588591041 1.09904743279261e-07 0.581661891117478
"Cephalophus dorsalis" 21 84 166 NA NA 0.620481927710843
"Cephalophus dorsalis" 21 105 73 NA NA 0.589041095890411
"Cephalophus dorsalis" 21 126 43 NA NA 0.674418604651163
"Cephalophus dorsalis" 21 147 40 NA NA 0.7
"Cephalophus dorsalis" 21 168 39 NA NA 0.717948717948718
"Cephalophus dorsalis" 21 189 34 NA NA 0.705882352941177
"Cephalophus dorsalis" 22 44 403 -5.47617081860873 4.34628149991675e-08 0.506203473945409
"Cephalophus dorsalis" 22 66 320 -4.07591231299246 4.58342895739112e-05 0.5875
"Cephalophus dorsalis" 22 88 158 NA NA 0.620253164556962
"Cephalophus dorsalis" 22 110 47 NA NA 0.617021276595745
"Cephalophus dorsalis" 22 132 41 NA NA 0.682926829268293
"Cephalophus dorsalis" 22 154 39 NA NA 0.717948717948718
"Cephalophus dorsalis" 22 176 37 NA NA 0.702702702702703
"Cephalophus dorsalis" 22 198 33 NA NA 0.696969696969697
"Cephalophus dorsalis" 23 46 401 -5.40944417840999 6.3220652181221e-08 0.508728179551122
"Cephalophus dorsalis" 23 69 283 -2.8140560905732 0.00489206915833875 0.597173144876325
"Cephalophus dorsalis" 23 92 146 NA NA 0.636986301369863
"Cephalophus dorsalis" 23 115 44 NA NA 0.659090909090909
"Cephalophus dorsalis" 23 138 41 NA NA 0.682926829268293
"Cephalophus dorsalis" 23 161 39 NA NA 0.717948717948718
"Cephalophus dorsalis" 23 184 36 NA NA 0.694444444444444
"Cephalophus dorsalis" 24 48 397 -5.51381247244167 3.51142744762207e-08 0.516372795969773
"Cephalophus dorsalis" 24 72 249 -3.00628579959286 0.00264460304051087 0.590361445783133
"Cephalophus dorsalis" 24 96 105 NA NA 0.60952380952381
"Cephalophus dorsalis" 24 120 43 NA NA 0.674418604651163
"Cephalophus dorsalis" 24 144 40 NA NA 0.7
"Cephalophus dorsalis" 24 168 39 NA NA 0.717948717948718
"Cephalophus dorsalis" 24 192 33 NA NA 0.696969696969697
"Cephalophus dorsalis" 25 50 391 -5.16429401974205 2.41348079689178e-07 0.531969309462916
"Cephalophus dorsalis" 25 75 218 NA NA 0.591743119266055
"Cephalophus dorsalis" 25 100 75 NA NA 0.586666666666667
"Cephalophus dorsalis" 25 125 43 NA NA 0.674418604651163
"Cephalophus dorsalis" 25 150 40 NA NA 0.7
"Cephalophus dorsalis" 25 175 37 NA NA 0.702702702702703
"Cephalophus dorsalis" 25 200 33 NA NA 0.696969696969697
"Cephalophus dorsalis" 26 52 386 -5.26438821369786 1.40656951592671e-07 0.541450777202073
"Cephalophus dorsalis" 26 78 209 NA NA 0.61244019138756
"Cephalophus dorsalis" 26 104 75 NA NA 0.586666666666667
"Cephalophus dorsalis" 26 130 41 NA NA 0.658536585365854
"Cephalophus dorsalis" 26 156 39 NA NA 0.717948717948718
"Cephalophus dorsalis" 26 182 37 NA NA 0.702702702702703
"Cephalophus dorsalis" 27 54 381 -4.99512405922506 5.87979575161828e-07 0.551181102362205
"Cephalophus dorsalis" 27 81 176 NA NA 0.607954545454545
"Cephalophus dorsalis" 27 108 49 NA NA 0.63265306122449
"Cephalophus dorsalis" 27 135 41 NA NA 0.682926829268293
"Cephalophus dorsalis" 27 162 39 NA NA 0.717948717948718
"Cephalophus dorsalis" 27 189 34 NA NA 0.705882352941177
"Cephalophus dorsalis" 28 56 373 -5.03024510828233 4.89853208237401e-07 0.549597855227882
"Cephalophus dorsalis" 28 84 166 NA NA 0.620481927710843
"Cephalophus dorsalis" 28 112 45 NA NA 0.622222222222222
"Cephalophus dorsalis" 28 140 40 NA NA 0.7
"Cephalophus dorsalis" 28 168 39 NA NA 0.717948717948718
"Cephalophus dorsalis" 28 196 33 NA NA 0.696969696969697
"Cephalophus dorsalis" 29 58 366 -4.91146032583157 9.04005804741069e-07 0.562841530054645
"Cephalophus dorsalis" 29 87 163 NA NA 0.613496932515337
"Cephalophus dorsalis" 29 116 44 NA NA 0.659090909090909
"Cephalophus dorsalis" 29 145 40 NA NA 0.7
"Cephalophus dorsalis" 29 174 38 NA NA 0.710526315789474
"Cephalophus dorsalis" 30 60 361 -4.66470405603221 3.0906150859267e-06 0.573407202216066
"Cephalophus dorsalis" 30 90 151 NA NA 0.622516556291391
"Cephalophus dorsalis" 30 120 43 NA NA 0.674418604651163
"Cephalophus dorsalis" 30 150 40 NA NA 0.7
"Cephalophus dorsalis" 30 180 37 NA NA 0.702702702702703
"Cephalophus dorsalis" 31 62 351 -4.47363729987647 7.69001404716712e-06 0.581196581196581
"Cephalophus dorsalis" 31 93 142 NA NA 0.633802816901408
"Cephalophus dorsalis" 31 124 43 NA NA 0.674418604651163
"Cephalophus dorsalis" 31 155 39 NA NA 0.717948717948718
"Cephalophus dorsalis" 31 186 35 NA NA 0.685714285714286
"Cephalophus dorsalis" 32 64 341 -4.10611383957153 4.02371237148313e-05 0.583577712609971
"Cephalophus dorsalis" 32 96 105 NA NA 0.60952380952381
"Cephalophus dorsalis" 32 128 42 NA NA 0.666666666666667
"Cephalophus dorsalis" 32 160 39 NA NA 0.717948717948718
"Cephalophus dorsalis" 32 192 33 NA NA 0.696969696969697
"Cephalophus dorsalis" 33 66 320 -3.41405809138667 0.000640029276870565 0.5875
"Cephalophus dorsalis" 33 99 75 NA NA 0.586666666666667
"Cephalophus dorsalis" 33 132 41 NA NA 0.682926829268293
"Cephalophus dorsalis" 33 165 39 NA NA 0.717948717948718
"Cephalophus dorsalis" 33 198 33 NA NA 0.696969696969697
"Cephalophus dorsalis" 34 68 296 -2.84465985576063 0.00444588710861011 0.594594594594595
"Cephalophus dorsalis" 34 102 75 NA NA 0.586666666666667
"Cephalophus dorsalis" 34 136 41 NA NA 0.682926829268293
"Cephalophus dorsalis" 34 170 39 NA NA 0.717948717948718
"Cephalophus dorsalis" 35 70 272 -2.46086620470385 0.013860204287284 0.613970588235294
"Cephalophus dorsalis" 35 105 73 NA NA 0.589041095890411
"Cephalophus dorsalis" 35 140 40 NA NA 0.7
"Cephalophus dorsalis" 35 175 37 NA NA 0.702702702702703
"Cephalophus dorsalis" 36 72 249 -2.79198191253409 0.0052386284373371 0.590361445783133
"Cephalophus dorsalis" 36 108 49 NA NA 0.63265306122449
"Cephalophus dorsalis" 36 144 40 NA NA 0.7
"Cephalophus dorsalis" 36 180 37 NA NA 0.702702702702703
"Cephalophus dorsalis" 37 74 225 NA NA 0.577777777777778
"Cephalophus dorsalis" 37 111 45 NA NA 0.622222222222222
"Cephalophus dorsalis" 37 148 40 NA NA 0.7
"Cephalophus dorsalis" 37 185 35 NA NA 0.685714285714286
"Cephalophus dorsalis" 38 76 216 NA NA 0.592592592592593
"Cephalophus dorsalis" 38 114 45 NA NA 0.644444444444444
"Cephalophus dorsalis" 38 152 40 NA NA 0.7
"Cephalophus dorsalis" 38 190 34 NA NA 0.705882352941177
"Cephalophus dorsalis" 39 78 209 NA NA 0.61244019138756
"Cephalophus dorsalis" 39 117 43 NA NA 0.674418604651163
"Cephalophus dorsalis" 39 156 39 NA NA 0.717948717948718
"Cephalophus dorsalis" 39 195 33 NA NA 0.696969696969697
"Cephalophus dorsalis" 40 80 180 NA NA 0.6
"Cephalophus dorsalis" 40 120 43 NA NA 0.674418604651163
"Cephalophus dorsalis" 40 160 39 NA NA 0.717948717948718
"Cephalophus dorsalis" 40 200 33 NA NA 0.696969696969697
"Cephalophus dorsalis" 41 82 170 NA NA 0.611764705882353
"Cephalophus dorsalis" 41 123 43 NA NA 0.674418604651163
"Cephalophus dorsalis" 41 164 39 NA NA 0.717948717948718
"Cephalophus dorsalis" 42 84 166 NA NA 0.620481927710843
"Cephalophus dorsalis" 42 126 43 NA NA 0.674418604651163
"Cephalophus dorsalis" 42 168 39 NA NA 0.717948717948718
"Cephalophus dorsalis" 43 86 165 NA NA 0.618181818181818
"Cephalophus dorsalis" 43 129 42 NA NA 0.666666666666667
"Cephalophus dorsalis" 43 172 39 NA NA 0.717948717948718
"Cephalophus dorsalis" 44 88 158 NA NA 0.620253164556962
"Cephalophus dorsalis" 44 132 41 NA NA 0.682926829268293
"Cephalophus dorsalis" 44 176 37 NA NA 0.702702702702703
"Cephalophus dorsalis" 45 90 151 NA NA 0.622516556291391
"Cephalophus dorsalis" 45 135 41 NA NA 0.682926829268293
"Cephalophus dorsalis" 45 180 37 NA NA 0.702702702702703
"Cephalophus dorsalis" 46 92 146 NA NA 0.636986301369863
"Cephalophus dorsalis" 46 138 41 NA NA 0.682926829268293
"Cephalophus dorsalis" 46 184 36 NA NA 0.694444444444444
"Cephalophus dorsalis" 47 94 142 NA NA 0.633802816901408
"Cephalophus dorsalis" 47 141 40 NA NA 0.7
"Cephalophus dorsalis" 47 188 34 NA NA 0.705882352941177
"Cephalophus dorsalis" 48 96 105 NA NA 0.60952380952381
"Cephalophus dorsalis" 48 144 40 NA NA 0.7
"Cephalophus dorsalis" 48 192 33 NA NA 0.696969696969697
"Cephalophus dorsalis" 49 98 75 NA NA 0.586666666666667
"Cephalophus dorsalis" 49 147 40 NA NA 0.7
"Cephalophus dorsalis" 49 196 33 NA NA 0.696969696969697
"Cephalophus dorsalis" 50 100 75 NA NA 0.586666666666667
"Cephalophus dorsalis" 50 150 40 NA NA 0.7
"Cephalophus dorsalis" 50 200 33 NA NA 0.696969696969697
"Cephalophus dorsalis" 51 102 75 NA NA 0.586666666666667
"Cephalophus dorsalis" 51 153 40 NA NA 0.7
"Cephalophus dorsalis" 52 104 75 NA NA 0.586666666666667
"Cephalophus dorsalis" 52 156 39 NA NA 0.717948717948718
"Cephalophus dorsalis" 53 106 61 NA NA 0.573770491803279
"Cephalophus dorsalis" 53 159 39 NA NA 0.717948717948718
"Cephalophus dorsalis" 54 108 49 NA NA 0.63265306122449
"Cephalophus dorsalis" 54 162 39 NA NA 0.717948717948718
"Cephalophus dorsalis" 55 110 47 NA NA 0.617021276595745
"Cephalophus dorsalis" 55 165 39 NA NA 0.717948717948718
"Cephalophus dorsalis" 56 112 45 NA NA 0.622222222222222
"Cephalophus dorsalis" 56 168 39 NA NA 0.717948717948718
"Cephalophus dorsalis" 57 114 45 NA NA 0.644444444444444
"Cephalophus dorsalis" 57 171 39 NA NA 0.717948717948718
"Cephalophus dorsalis" 58 116 44 NA NA 0.659090909090909
"Cephalophus dorsalis" 58 174 38 NA NA 0.710526315789474
"Cephalophus dorsalis" 59 118 43 NA NA 0.674418604651163
"Cephalophus dorsalis" 59 177 37 NA NA 0.702702702702703
"Cephalophus dorsalis" 60 120 43 NA NA 0.674418604651163
"Cephalophus dorsalis" 60 180 37 NA NA 0.702702702702703
"Cephalophus dorsalis" 61 122 43 NA NA 0.674418604651163
"Cephalophus dorsalis" 61 183 37 NA NA 0.702702702702703
"Cephalophus dorsalis" 62 124 43 NA NA 0.674418604651163
"Cephalophus dorsalis" 62 186 35 NA NA 0.685714285714286
"Cephalophus dorsalis" 63 126 43 NA NA 0.674418604651163
"Cephalophus dorsalis" 63 189 34 NA NA 0.705882352941177
"Cephalophus dorsalis" 64 128 42 NA NA 0.666666666666667
"Cephalophus dorsalis" 64 192 33 NA NA 0.696969696969697
"Cephalophus dorsalis" 65 130 41 NA NA 0.658536585365854
"Cephalophus dorsalis" 65 195 33 NA NA 0.696969696969697
"Cephalophus dorsalis" 66 132 41 NA NA 0.682926829268293
"Cephalophus dorsalis" 66 198 33 NA NA 0.696969696969697
"Cephalophus dorsalis" 67 134 41 NA NA 0.682926829268293
"Cephalophus dorsalis" 68 136 41 NA NA 0.682926829268293
"Cephalophus dorsalis" 69 138 41 NA NA 0.682926829268293
"Cephalophus dorsalis" 70 140 40 NA NA 0.7
"Cephalophus dorsalis" 71 142 40 NA NA 0.7
"Cephalophus dorsalis" 72 144 40 NA NA 0.7
"Cephalophus dorsalis" 73 146 40 NA NA 0.7
"Cephalophus dorsalis" 74 148 40 NA NA 0.7
"Cephalophus dorsalis" 75 150 40 NA NA 0.7
"Cephalophus dorsalis" 76 152 40 NA NA 0.7
"Cephalophus dorsalis" 77 154 39 NA NA 0.717948717948718
"Cephalophus dorsalis" 78 156 39 NA NA 0.717948717948718
"Cephalophus dorsalis" 79 158 39 NA NA 0.717948717948718
"Cephalophus dorsalis" 80 160 39 NA NA 0.717948717948718
"Cephalophus dorsalis" 81 162 39 NA NA 0.717948717948718
"Cephalophus dorsalis" 82 164 39 NA NA 0.717948717948718
"Cephalophus dorsalis" 83 166 39 NA NA 0.717948717948718
"Cephalophus dorsalis" 84 168 39 NA NA 0.717948717948718
"Cephalophus dorsalis" 85 170 39 NA NA 0.717948717948718
"Cephalophus dorsalis" 86 172 39 NA NA 0.717948717948718
"Cephalophus dorsalis" 87 174 38 NA NA 0.710526315789474
"Cephalophus dorsalis" 88 176 37 NA NA 0.702702702702703
"Cephalophus dorsalis" 89 178 37 NA NA 0.702702702702703
"Cephalophus dorsalis" 90 180 37 NA NA 0.702702702702703
"Cephalophus dorsalis" 91 182 37 NA NA 0.702702702702703
"Cephalophus dorsalis" 92 184 36 NA NA 0.694444444444444
"Cephalophus dorsalis" 93 186 35 NA NA 0.685714285714286
"Cephalophus dorsalis" 94 188 34 NA NA 0.705882352941177
"Cephalophus dorsalis" 95 190 34 NA NA 0.705882352941177
"Cephalophus dorsalis" 96 192 33 NA NA 0.696969696969697
"Cephalophus dorsalis" 97 194 33 NA NA 0.696969696969697
"Cephalophus dorsalis" 98 196 33 NA NA 0.696969696969697
"Cephalophus dorsalis" 99 198 33 NA NA 0.696969696969697
"Cephalophus dorsalis" 100 200 33 NA NA 0.696969696969697
