"species" "time_interval" "study_duration" "n_cams" "z" "P" "p_presence"
"Pan troglodytes" 1 2 454 -1.27821146581715 0.201174874416066 0.0110132158590308
"Pan troglodytes" 1 3 454 NA NA 0.0220264317180617
"Pan troglodytes" 1 4 452 NA NA 0.0309734513274336
"Pan troglodytes" 1 5 450 -1.67873546535566 0.0932036107857569 0.04
"Pan troglodytes" 1 6 449 -1.11510931242096 0.264803581365682 0.0489977728285078
"Pan troglodytes" 1 7 447 -0.944214212675118 0.345060193784234 0.0469798657718121
"Pan troglodytes" 1 8 447 -1.68235658078161 0.0924997155288545 0.0559284116331096
"Pan troglodytes" 1 9 447 -1.3991964489895 0.161754081154439 0.0626398210290828
"Pan troglodytes" 1 10 445 -1.43041181394883 0.152598859520689 0.0696629213483146
"Pan troglodytes" 1 11 440 -1.88515900766096 0.0594083733540191 0.0772727272727273
"Pan troglodytes" 1 12 439 -2.13213861554454 0.0329954529428636 0.082004555808656
"Pan troglodytes" 1 13 438 -2.24613509601783 0.0246953559563679 0.089041095890411
"Pan troglodytes" 1 14 436 -2.76536586147221 0.00568589845082757 0.0986238532110092
"Pan troglodytes" 1 15 436 -2.69895911566493 0.00695567209058465 0.103211009174312
"Pan troglodytes" 1 16 435 -2.79108994124565 0.00525308728325041 0.105747126436782
"Pan troglodytes" 1 17 435 -2.65971558413188 0.00782066617128795 0.114942528735632
"Pan troglodytes" 1 18 434 -2.7421539466736 0.00610377272992096 0.117511520737327
"Pan troglodytes" 1 19 432 -2.48790920830426 0.0128496532182883 0.122685185185185
"Pan troglodytes" 1 20 430 -2.12041463958345 0.0339710931865452 0.127906976744186
"Pan troglodytes" 1 21 429 -1.96642219856815 0.0492498612853093 0.130536130536131
"Pan troglodytes" 1 22 427 -1.92768406549779 0.0538944352789062 0.135831381733021
"Pan troglodytes" 1 23 426 -2.25871089144819 0.0239013745322399 0.143192488262911
"Pan troglodytes" 1 24 425 -2.30413348704434 0.021215151470871 0.150588235294118
"Pan troglodytes" 1 25 423 -2.36771430469067 0.0178983509815401 0.153664302600473
"Pan troglodytes" 1 26 422 -2.39118861119533 0.016793922997414 0.154028436018957
"Pan troglodytes" 1 27 422 -2.36273974385024 0.0181404038867282 0.158767772511848
"Pan troglodytes" 1 28 422 -2.33621655435546 0.0194799579470542 0.163507109004739
"Pan troglodytes" 1 29 422 -2.49680614632051 0.0125317443085982 0.165876777251185
"Pan troglodytes" 1 30 420 -3.00659787167488 0.00264188992769108 0.164285714285714
"Pan troglodytes" 1 31 419 -3.10214818415843 0.00192121760938127 0.164677804295943
"Pan troglodytes" 1 32 419 -3.16830305617024 0.00153331595480083 0.16945107398568
"Pan troglodytes" 1 33 415 -3.47797366274443 0.000505219562681022 0.178313253012048
"Pan troglodytes" 1 34 415 -3.44592353809298 0.000569111363479423 0.183132530120482
"Pan troglodytes" 1 35 413 -3.21658976005043 0.00129723946994546 0.184019370460048
"Pan troglodytes" 1 36 412 -3.29883926065656 0.00097085485952038 0.186893203883495
"Pan troglodytes" 1 37 410 -3.42271603071774 0.000619988100170525 0.18780487804878
"Pan troglodytes" 1 38 410 -3.40468368940024 0.000662407329249406 0.192682926829268
"Pan troglodytes" 1 39 409 -3.55945632431332 0.000371623327771805 0.19559902200489
"Pan troglodytes" 1 40 408 -3.55459442544582 0.00037856255015223 0.200980392156863
"Pan troglodytes" 1 41 407 -3.77195240588957 0.000161975156585428 0.206388206388206
"Pan troglodytes" 1 42 407 -3.76746711846323 0.000164912253748659 0.206388206388206
"Pan troglodytes" 1 43 405 -3.81638761816565 0.000135419711198818 0.207407407407407
"Pan troglodytes" 1 44 403 -3.71909126800063 0.000199940803195539 0.210918114143921
"Pan troglodytes" 1 45 402 -3.72254238230702 0.000197226789673903 0.216417910447761
"Pan troglodytes" 1 46 401 -3.66258894466977 0.000249679017295443 0.216957605985037
"Pan troglodytes" 1 47 398 -3.6031318761766 0.000314405910348591 0.221105527638191
"Pan troglodytes" 1 48 397 -3.62077234221786 0.00029372488642436 0.221662468513854
"Pan troglodytes" 1 49 395 -3.80870231511974 0.000139698018688798 0.227848101265823
"Pan troglodytes" 1 50 391 -3.77441417261544 0.000160384112473168 0.232736572890026
"Pan troglodytes" 1 51 388 -3.78864268819391 0.000151472585813973 0.234536082474227
"Pan troglodytes" 1 52 386 -3.96226136688721 7.42431994865653e-05 0.233160621761658
"Pan troglodytes" 1 53 382 -4.10065480856859 4.1198272016878e-05 0.238219895287958
"Pan troglodytes" 1 54 381 -3.969905173919 7.19012415293619e-05 0.241469816272966
"Pan troglodytes" 1 55 376 -3.96068836923816 7.47340120373049e-05 0.24468085106383
"Pan troglodytes" 1 56 373 -3.9500523247175 7.81341102700798e-05 0.246648793565684
"Pan troglodytes" 1 57 370 -4.01902601747011 5.84392182054993e-05 0.248648648648649
"Pan troglodytes" 1 58 366 -4.25014484196195 2.13632324818364e-05 0.248633879781421
"Pan troglodytes" 1 59 364 -4.27234782623746 1.93425549275636e-05 0.244505494505494
"Pan troglodytes" 1 60 361 -4.23179650816346 2.31832112158458e-05 0.243767313019391
"Pan troglodytes" 1 61 356 -4.17407554437037 2.99198471572966e-05 0.247191011235955
"Pan troglodytes" 1 62 351 -4.29658956492914 1.73445907389673e-05 0.253561253561254
"Pan troglodytes" 1 63 349 -4.24049852402597 2.23023901626079e-05 0.255014326647564
"Pan troglodytes" 1 64 341 -3.99536294570529 6.45952173165807e-05 0.269794721407625
"Pan troglodytes" 1 65 327 -4.06016908081026 4.90371923253355e-05 0.27217125382263
"Pan troglodytes" 1 66 320 -4.21852884181777 2.45901519901495e-05 0.275
"Pan troglodytes" 1 67 304 -4.63506109508141 3.56832074767533e-06 0.276315789473684
"Pan troglodytes" 1 68 296 -4.5121610134178 6.41704432974524e-06 0.283783783783784
"Pan troglodytes" 1 69 283 -4.10100486494023 4.11359910709335e-05 0.296819787985866
"Pan troglodytes" 1 70 272 -3.69957684624937 0.000215959243245178 0.297794117647059
"Pan troglodytes" 1 71 268 -3.88670257065948 0.000101615133209988 0.294776119402985
"Pan troglodytes" 1 72 249 -3.94622390637582 7.93933741118217e-05 0.317269076305221
"Pan troglodytes" 1 73 231 NA NA 0.341991341991342
"Pan troglodytes" 1 74 225 NA NA 0.346666666666667
"Pan troglodytes" 1 75 218 NA NA 0.339449541284404
"Pan troglodytes" 1 76 216 NA NA 0.342592592592593
"Pan troglodytes" 1 77 211 NA NA 0.345971563981043
"Pan troglodytes" 1 78 209 NA NA 0.349282296650718
"Pan troglodytes" 1 79 195 NA NA 0.358974358974359
"Pan troglodytes" 1 80 180 NA NA 0.355555555555556
"Pan troglodytes" 1 81 176 NA NA 0.363636363636364
"Pan troglodytes" 1 82 170 NA NA 0.370588235294118
"Pan troglodytes" 1 83 166 NA NA 0.367469879518072
"Pan troglodytes" 1 84 166 NA NA 0.367469879518072
"Pan troglodytes" 1 85 166 NA NA 0.367469879518072
"Pan troglodytes" 1 86 165 NA NA 0.36969696969697
"Pan troglodytes" 1 87 163 NA NA 0.361963190184049
"Pan troglodytes" 1 88 158 NA NA 0.360759493670886
"Pan troglodytes" 1 89 153 NA NA 0.359477124183007
"Pan troglodytes" 1 90 151 NA NA 0.357615894039735
"Pan troglodytes" 1 91 150 NA NA 0.353333333333333
"Pan troglodytes" 1 92 146 NA NA 0.356164383561644
"Pan troglodytes" 1 93 142 NA NA 0.352112676056338
"Pan troglodytes" 1 94 142 NA NA 0.352112676056338
"Pan troglodytes" 1 95 127 NA NA 0.330708661417323
"Pan troglodytes" 1 96 105 NA NA 0.314285714285714
"Pan troglodytes" 1 97 89 NA NA 0.292134831460674
"Pan troglodytes" 1 98 75 NA NA 0.293333333333333
"Pan troglodytes" 1 99 75 NA NA 0.293333333333333
"Pan troglodytes" 1 100 75 NA NA 0.293333333333333
"Pan troglodytes" 1 101 75 NA NA 0.293333333333333
"Pan troglodytes" 1 102 75 NA NA 0.293333333333333
"Pan troglodytes" 1 103 75 NA NA 0.293333333333333
"Pan troglodytes" 1 104 75 NA NA 0.306666666666667
"Pan troglodytes" 1 105 73 NA NA 0.315068493150685
"Pan troglodytes" 1 106 61 NA NA 0.295081967213115
"Pan troglodytes" 1 107 56 NA NA 0.303571428571429
"Pan troglodytes" 1 108 49 NA NA 0.346938775510204
"Pan troglodytes" 1 109 48 NA NA 0.354166666666667
"Pan troglodytes" 1 110 47 NA NA 0.361702127659574
"Pan troglodytes" 1 111 45 NA NA 0.355555555555556
"Pan troglodytes" 1 112 45 NA NA 0.355555555555556
"Pan troglodytes" 1 113 45 NA NA 0.355555555555556
"Pan troglodytes" 1 114 45 NA NA 0.355555555555556
"Pan troglodytes" 1 115 44 NA NA 0.363636363636364
"Pan troglodytes" 1 116 44 NA NA 0.363636363636364
"Pan troglodytes" 1 117 43 NA NA 0.372093023255814
"Pan troglodytes" 1 118 43 NA NA 0.372093023255814
"Pan troglodytes" 1 119 43 NA NA 0.372093023255814
"Pan troglodytes" 1 120 43 NA NA 0.395348837209302
"Pan troglodytes" 1 121 43 NA NA 0.395348837209302
"Pan troglodytes" 1 122 43 NA NA 0.395348837209302
"Pan troglodytes" 1 123 43 NA NA 0.395348837209302
"Pan troglodytes" 1 124 43 NA NA 0.395348837209302
"Pan troglodytes" 1 125 43 NA NA 0.395348837209302
"Pan troglodytes" 1 126 43 NA NA 0.395348837209302
"Pan troglodytes" 1 127 43 NA NA 0.395348837209302
"Pan troglodytes" 1 128 42 NA NA 0.404761904761905
"Pan troglodytes" 1 129 42 NA NA 0.428571428571429
"Pan troglodytes" 1 130 41 NA NA 0.414634146341463
"Pan troglodytes" 1 131 41 NA NA 0.414634146341463
"Pan troglodytes" 1 132 41 NA NA 0.414634146341463
"Pan troglodytes" 1 133 41 NA NA 0.414634146341463
"Pan troglodytes" 1 134 41 NA NA 0.414634146341463
"Pan troglodytes" 1 135 41 NA NA 0.414634146341463
"Pan troglodytes" 1 136 41 NA NA 0.414634146341463
"Pan troglodytes" 1 137 41 NA NA 0.414634146341463
"Pan troglodytes" 1 138 41 NA NA 0.414634146341463
"Pan troglodytes" 1 139 40 NA NA 0.425
"Pan troglodytes" 1 140 40 NA NA 0.425
"Pan troglodytes" 1 141 40 NA NA 0.425
"Pan troglodytes" 1 142 40 NA NA 0.425
"Pan troglodytes" 1 143 40 NA NA 0.425
"Pan troglodytes" 1 144 40 NA NA 0.425
"Pan troglodytes" 1 145 40 NA NA 0.425
"Pan troglodytes" 1 146 40 NA NA 0.425
"Pan troglodytes" 1 147 40 NA NA 0.425
"Pan troglodytes" 1 148 40 NA NA 0.425
"Pan troglodytes" 1 149 40 NA NA 0.425
"Pan troglodytes" 1 150 40 NA NA 0.425
"Pan troglodytes" 1 151 40 NA NA 0.425
"Pan troglodytes" 1 152 40 NA NA 0.425
"Pan troglodytes" 1 153 40 NA NA 0.425
"Pan troglodytes" 1 154 39 NA NA 0.41025641025641
"Pan troglodytes" 1 155 39 NA NA 0.41025641025641
"Pan troglodytes" 1 156 39 NA NA 0.41025641025641
"Pan troglodytes" 1 157 39 NA NA 0.41025641025641
"Pan troglodytes" 1 158 39 NA NA 0.41025641025641
"Pan troglodytes" 1 159 39 NA NA 0.41025641025641
"Pan troglodytes" 1 160 39 NA NA 0.41025641025641
"Pan troglodytes" 1 161 39 NA NA 0.41025641025641
"Pan troglodytes" 1 162 39 NA NA 0.41025641025641
"Pan troglodytes" 1 163 39 NA NA 0.41025641025641
"Pan troglodytes" 1 164 39 NA NA 0.41025641025641
"Pan troglodytes" 1 165 39 NA NA 0.41025641025641
"Pan troglodytes" 1 166 39 NA NA 0.41025641025641
"Pan troglodytes" 1 167 39 NA NA 0.41025641025641
"Pan troglodytes" 1 168 39 NA NA 0.41025641025641
"Pan troglodytes" 1 169 39 NA NA 0.41025641025641
"Pan troglodytes" 1 170 39 NA NA 0.41025641025641
"Pan troglodytes" 1 171 39 NA NA 0.41025641025641
"Pan troglodytes" 1 172 39 NA NA 0.41025641025641
"Pan troglodytes" 1 173 38 NA NA 0.421052631578947
"Pan troglodytes" 1 174 38 NA NA 0.421052631578947
"Pan troglodytes" 1 175 37 NA NA 0.432432432432432
"Pan troglodytes" 1 176 37 NA NA 0.432432432432432
"Pan troglodytes" 1 177 37 NA NA 0.432432432432432
"Pan troglodytes" 1 178 37 NA NA 0.432432432432432
"Pan troglodytes" 1 179 37 NA NA 0.432432432432432
"Pan troglodytes" 1 180 37 NA NA 0.432432432432432
"Pan troglodytes" 1 181 37 NA NA 0.432432432432432
"Pan troglodytes" 1 182 37 NA NA 0.432432432432432
"Pan troglodytes" 1 183 37 NA NA 0.432432432432432
"Pan troglodytes" 1 184 36 NA NA 0.444444444444444
"Pan troglodytes" 1 185 35 NA NA 0.457142857142857
"Pan troglodytes" 1 186 35 NA NA 0.457142857142857
"Pan troglodytes" 1 187 34 NA NA 0.441176470588235
"Pan troglodytes" 1 188 34 NA NA 0.441176470588235
"Pan troglodytes" 1 189 34 NA NA 0.441176470588235
"Pan troglodytes" 1 190 34 NA NA 0.441176470588235
"Pan troglodytes" 1 191 33 NA NA 0.454545454545455
"Pan troglodytes" 1 192 33 NA NA 0.454545454545455
"Pan troglodytes" 1 193 33 NA NA 0.454545454545455
"Pan troglodytes" 1 194 33 NA NA 0.454545454545455
"Pan troglodytes" 1 195 33 NA NA 0.454545454545455
"Pan troglodytes" 1 196 33 NA NA 0.454545454545455
"Pan troglodytes" 1 197 33 NA NA 0.454545454545455
"Pan troglodytes" 1 198 33 NA NA 0.454545454545455
"Pan troglodytes" 1 199 33 NA NA 0.454545454545455
"Pan troglodytes" 1 200 33 NA NA 0.454545454545455
"Pan troglodytes" 2 4 452 -1.97404297105803 0.0483768570372326 0.0309734513274336
"Pan troglodytes" 2 6 449 -1.16169027178454 0.245361298706061 0.0489977728285078
"Pan troglodytes" 2 8 447 -1.711667433071 0.0869579735245415 0.0559284116331096
"Pan troglodytes" 2 10 445 -1.48896229937784 0.136497296672706 0.0696629213483146
"Pan troglodytes" 2 12 439 -2.17082146698498 0.0299446705660862 0.082004555808656
"Pan troglodytes" 2 14 436 -2.78133807922592 0.0054135328459467 0.0986238532110092
"Pan troglodytes" 2 16 435 -2.8080425255562 0.00498436443565454 0.105747126436782
"Pan troglodytes" 2 18 434 -2.78563496710265 0.00534229946684505 0.117511520737327
"Pan troglodytes" 2 20 430 -2.22012931672375 0.0264099906578628 0.127906976744186
"Pan troglodytes" 2 22 427 -2.07589142614841 0.0379039938740351 0.135831381733021
"Pan troglodytes" 2 24 425 -2.45640996789913 0.0140332960934067 0.150588235294118
"Pan troglodytes" 2 26 422 -2.57907198729768 0.00990661396755908 0.154028436018957
"Pan troglodytes" 2 28 422 -2.52388183545575 0.011606693530863 0.163507109004739
"Pan troglodytes" 2 30 420 -3.0638507308502 0.00218507906029366 0.164285714285714
"Pan troglodytes" 2 32 419 -3.17002617896161 0.00152425204040214 0.16945107398568
"Pan troglodytes" 2 34 415 -3.45648025940512 0.0005472792918297 0.183132530120482
"Pan troglodytes" 2 36 412 -3.31672129388073 0.000910804251530055 0.186893203883495
"Pan troglodytes" 2 38 410 -3.3997910844062 0.0006743735738476 0.192682926829268
"Pan troglodytes" 2 40 408 -3.53893431222933 0.000401745809105536 0.200980392156863
"Pan troglodytes" 2 42 407 -3.74887172302049 0.000177631907007134 0.206388206388206
"Pan troglodytes" 2 44 403 -3.68692155893735 0.000226983285362143 0.210918114143921
"Pan troglodytes" 2 46 401 -3.6316519303253 0.000281612785864218 0.216957605985037
"Pan troglodytes" 2 48 397 -3.58535834262446 0.000336615681080463 0.221662468513854
"Pan troglodytes" 2 50 391 -3.73436891430842 0.000188186476358565 0.232736572890026
"Pan troglodytes" 2 52 386 -3.88683591781984 0.000101559352265551 0.233160621761658
"Pan troglodytes" 2 54 381 -3.88606274797535 0.000101883182306993 0.241469816272966
"Pan troglodytes" 2 56 373 -3.86167624091191 0.000112611733581356 0.246648793565684
"Pan troglodytes" 2 58 366 -4.15045670844893 3.31812525362466e-05 0.248633879781421
"Pan troglodytes" 2 60 361 -4.12549552695952 3.69937372908381e-05 0.243767313019391
"Pan troglodytes" 2 62 351 -4.16997067778302 3.046388322529e-05 0.253561253561254
"Pan troglodytes" 2 64 341 -3.86901566112077 0.000109275623759278 0.269794721407625
"Pan troglodytes" 2 66 320 -4.07137774843877 4.67358884425595e-05 0.275
"Pan troglodytes" 2 68 296 -4.35881370385941 1.30769370922794e-05 0.283783783783784
"Pan troglodytes" 2 70 272 -3.56219533549697 0.000367766580104181 0.297794117647059
"Pan troglodytes" 2 72 249 -3.81856087669817 0.000134232461503685 0.317269076305221
"Pan troglodytes" 2 74 225 NA NA 0.346666666666667
"Pan troglodytes" 2 76 216 NA NA 0.342592592592593
"Pan troglodytes" 2 78 209 NA NA 0.349282296650718
"Pan troglodytes" 2 80 180 NA NA 0.355555555555556
"Pan troglodytes" 2 82 170 NA NA 0.370588235294118
"Pan troglodytes" 2 84 166 NA NA 0.367469879518072
"Pan troglodytes" 2 86 165 NA NA 0.36969696969697
"Pan troglodytes" 2 88 158 NA NA 0.360759493670886
"Pan troglodytes" 2 90 151 NA NA 0.357615894039735
"Pan troglodytes" 2 92 146 NA NA 0.356164383561644
"Pan troglodytes" 2 94 142 NA NA 0.352112676056338
"Pan troglodytes" 2 96 105 NA NA 0.314285714285714
"Pan troglodytes" 2 98 75 NA NA 0.293333333333333
"Pan troglodytes" 2 100 75 NA NA 0.293333333333333
"Pan troglodytes" 2 102 75 NA NA 0.293333333333333
"Pan troglodytes" 2 104 75 NA NA 0.306666666666667
"Pan troglodytes" 2 106 61 NA NA 0.295081967213115
"Pan troglodytes" 2 108 49 NA NA 0.346938775510204
"Pan troglodytes" 2 110 47 NA NA 0.361702127659574
"Pan troglodytes" 2 112 45 NA NA 0.355555555555556
"Pan troglodytes" 2 114 45 NA NA 0.355555555555556
"Pan troglodytes" 2 116 44 NA NA 0.363636363636364
"Pan troglodytes" 2 118 43 NA NA 0.372093023255814
"Pan troglodytes" 2 120 43 NA NA 0.395348837209302
"Pan troglodytes" 2 122 43 NA NA 0.395348837209302
"Pan troglodytes" 2 124 43 NA NA 0.395348837209302
"Pan troglodytes" 2 126 43 NA NA 0.395348837209302
"Pan troglodytes" 2 128 42 NA NA 0.404761904761905
"Pan troglodytes" 2 130 41 NA NA 0.414634146341463
"Pan troglodytes" 2 132 41 NA NA 0.414634146341463
"Pan troglodytes" 2 134 41 NA NA 0.414634146341463
"Pan troglodytes" 2 136 41 NA NA 0.414634146341463
"Pan troglodytes" 2 138 41 NA NA 0.414634146341463
"Pan troglodytes" 2 140 40 NA NA 0.425
"Pan troglodytes" 2 142 40 NA NA 0.425
"Pan troglodytes" 2 144 40 NA NA 0.425
"Pan troglodytes" 2 146 40 NA NA 0.425
"Pan troglodytes" 2 148 40 NA NA 0.425
"Pan troglodytes" 2 150 40 NA NA 0.425
"Pan troglodytes" 2 152 40 NA NA 0.425
"Pan troglodytes" 2 154 39 NA NA 0.41025641025641
"Pan troglodytes" 2 156 39 NA NA 0.41025641025641
"Pan troglodytes" 2 158 39 NA NA 0.41025641025641
"Pan troglodytes" 2 160 39 NA NA 0.41025641025641
"Pan troglodytes" 2 162 39 NA NA 0.41025641025641
"Pan troglodytes" 2 164 39 NA NA 0.41025641025641
"Pan troglodytes" 2 166 39 NA NA 0.41025641025641
"Pan troglodytes" 2 168 39 NA NA 0.41025641025641
"Pan troglodytes" 2 170 39 NA NA 0.41025641025641
"Pan troglodytes" 2 172 39 NA NA 0.41025641025641
"Pan troglodytes" 2 174 38 NA NA 0.421052631578947
"Pan troglodytes" 2 176 37 NA NA 0.432432432432432
"Pan troglodytes" 2 178 37 NA NA 0.432432432432432
"Pan troglodytes" 2 180 37 NA NA 0.432432432432432
"Pan troglodytes" 2 182 37 NA NA 0.432432432432432
"Pan troglodytes" 2 184 36 NA NA 0.444444444444444
"Pan troglodytes" 2 186 35 NA NA 0.457142857142857
"Pan troglodytes" 2 188 34 NA NA 0.441176470588235
"Pan troglodytes" 2 190 34 NA NA 0.441176470588235
"Pan troglodytes" 2 192 33 NA NA 0.454545454545455
"Pan troglodytes" 2 194 33 NA NA 0.454545454545455
"Pan troglodytes" 2 196 33 NA NA 0.454545454545455
"Pan troglodytes" 2 198 33 NA NA 0.454545454545455
"Pan troglodytes" 2 200 33 NA NA 0.454545454545455
"Pan troglodytes" 3 6 449 -1.19460935766775 0.232239691444687 0.0489977728285078
"Pan troglodytes" 3 9 447 -1.47112350827648 0.141257718556487 0.0626398210290828
"Pan troglodytes" 3 12 439 -2.22463378753562 0.0261058325091551 0.082004555808656
"Pan troglodytes" 3 15 436 -2.76386845575603 0.00571205617740653 0.103211009174312
"Pan troglodytes" 3 18 434 -2.8788176300969 0.00399169089447621 0.117511520737327
"Pan troglodytes" 3 21 429 -2.19574795015953 0.0281099890271651 0.130536130536131
"Pan troglodytes" 3 24 425 -2.54694104290379 0.0108671791357663 0.150588235294118
"Pan troglodytes" 3 27 422 -2.64718860451923 0.00811640718059784 0.158767772511848
"Pan troglodytes" 3 30 420 -3.03105109844575 0.00243704001035996 0.164285714285714
"Pan troglodytes" 3 33 415 -3.45390455247874 0.00055253289258632 0.178313253012048
"Pan troglodytes" 3 36 412 -3.32201727357621 0.000893691611083912 0.186893203883495
"Pan troglodytes" 3 39 409 -3.56269085165845 0.000367072863435883 0.19559902200489
"Pan troglodytes" 3 42 407 -3.76210735430899 0.000168487693585971 0.206388206388206
"Pan troglodytes" 3 45 402 -3.70791592430632 0.000208972009048018 0.216417910447761
"Pan troglodytes" 3 48 397 -3.61076335975751 0.000305297121292106 0.221662468513854
"Pan troglodytes" 3 51 388 -3.76642371234853 0.000165602653924371 0.234536082474227
"Pan troglodytes" 3 54 381 -3.90526860149862 9.41207838108938e-05 0.241469816272966
"Pan troglodytes" 3 57 370 -3.937953453687 8.21795305654351e-05 0.248648648648649
"Pan troglodytes" 3 60 361 -4.12601699087354 3.69100010532902e-05 0.243767313019391
"Pan troglodytes" 3 63 349 -4.10612030993415 4.02359972352397e-05 0.255014326647564
"Pan troglodytes" 3 66 320 -4.05014786671228 5.1185279332383e-05 0.275
"Pan troglodytes" 3 69 283 -3.93027576900058 8.48484898752463e-05 0.296819787985866
"Pan troglodytes" 3 72 249 -3.79826769453148 0.000145710906344773 0.317269076305221
"Pan troglodytes" 3 75 218 NA NA 0.339449541284404
"Pan troglodytes" 3 78 209 NA NA 0.349282296650718
"Pan troglodytes" 3 81 176 NA NA 0.363636363636364
"Pan troglodytes" 3 84 166 NA NA 0.367469879518072
"Pan troglodytes" 3 87 163 NA NA 0.361963190184049
"Pan troglodytes" 3 90 151 NA NA 0.357615894039735
"Pan troglodytes" 3 93 142 NA NA 0.352112676056338
"Pan troglodytes" 3 96 105 NA NA 0.314285714285714
"Pan troglodytes" 3 99 75 NA NA 0.293333333333333
"Pan troglodytes" 3 102 75 NA NA 0.293333333333333
"Pan troglodytes" 3 105 73 NA NA 0.315068493150685
"Pan troglodytes" 3 108 49 NA NA 0.346938775510204
"Pan troglodytes" 3 111 45 NA NA 0.355555555555556
"Pan troglodytes" 3 114 45 NA NA 0.355555555555556
"Pan troglodytes" 3 117 43 NA NA 0.372093023255814
"Pan troglodytes" 3 120 43 NA NA 0.395348837209302
"Pan troglodytes" 3 123 43 NA NA 0.395348837209302
"Pan troglodytes" 3 126 43 NA NA 0.395348837209302
"Pan troglodytes" 3 129 42 NA NA 0.428571428571429
"Pan troglodytes" 3 132 41 NA NA 0.414634146341463
"Pan troglodytes" 3 135 41 NA NA 0.414634146341463
"Pan troglodytes" 3 138 41 NA NA 0.414634146341463
"Pan troglodytes" 3 141 40 NA NA 0.425
"Pan troglodytes" 3 144 40 NA NA 0.425
"Pan troglodytes" 3 147 40 NA NA 0.425
"Pan troglodytes" 3 150 40 NA NA 0.425
"Pan troglodytes" 3 153 40 NA NA 0.425
"Pan troglodytes" 3 156 39 NA NA 0.41025641025641
"Pan troglodytes" 3 159 39 NA NA 0.41025641025641
"Pan troglodytes" 3 162 39 NA NA 0.41025641025641
"Pan troglodytes" 3 165 39 NA NA 0.41025641025641
"Pan troglodytes" 3 168 39 NA NA 0.41025641025641
"Pan troglodytes" 3 171 39 NA NA 0.41025641025641
"Pan troglodytes" 3 174 38 NA NA 0.421052631578947
"Pan troglodytes" 3 177 37 NA NA 0.432432432432432
"Pan troglodytes" 3 180 37 NA NA 0.432432432432432
"Pan troglodytes" 3 183 37 NA NA 0.432432432432432
"Pan troglodytes" 3 186 35 NA NA 0.457142857142857
"Pan troglodytes" 3 189 34 NA NA 0.441176470588235
"Pan troglodytes" 3 192 33 NA NA 0.454545454545455
"Pan troglodytes" 3 195 33 NA NA 0.454545454545455
"Pan troglodytes" 3 198 33 NA NA 0.454545454545455
"Pan troglodytes" 4 8 447 -1.72020601255576 0.0853950004991171 0.0559284116331096
"Pan troglodytes" 4 12 439 -2.2266090071676 0.0259734164584472 0.082004555808656
"Pan troglodytes" 4 16 435 -2.85670924204658 0.00428057759346603 0.105747126436782
"Pan troglodytes" 4 20 430 -2.34784687222819 0.018882282288729 0.127906976744186
"Pan troglodytes" 4 24 425 -2.54621738412814 0.0108897350183101 0.150588235294118
"Pan troglodytes" 4 28 422 -2.62975016423166 0.00854476381067766 0.163507109004739
"Pan troglodytes" 4 32 419 -3.23919001226656 0.00119869687577296 0.16945107398568
"Pan troglodytes" 4 36 412 -3.38811744176529 0.000703741244079868 0.186893203883495
"Pan troglodytes" 4 40 408 -3.57418151639188 0.00035132515243269 0.200980392156863
"Pan troglodytes" 4 44 403 -3.72022231194122 0.000199047489663116 0.210918114143921
"Pan troglodytes" 4 48 397 -3.61931702048749 0.000295381590685086 0.221662468513854
"Pan troglodytes" 4 52 386 -3.90279155323069 9.50895904649113e-05 0.233160621761658
"Pan troglodytes" 4 56 373 -3.86206979920037 0.000112430432045383 0.246648793565684
"Pan troglodytes" 4 60 361 -4.10461647000441 4.04986197459811e-05 0.243767313019391
"Pan troglodytes" 4 64 341 -3.82761367424652 0.000129391631986874 0.269794721407625
"Pan troglodytes" 4 68 296 -4.31194372326084 1.61825627458784e-05 0.283783783783784
"Pan troglodytes" 4 72 249 -3.77382605252259 0.000160762872932461 0.317269076305221
"Pan troglodytes" 4 76 216 NA NA 0.342592592592593
"Pan troglodytes" 4 80 180 NA NA 0.355555555555556
"Pan troglodytes" 4 84 166 NA NA 0.367469879518072
"Pan troglodytes" 4 88 158 NA NA 0.360759493670886
"Pan troglodytes" 4 92 146 NA NA 0.356164383561644
"Pan troglodytes" 4 96 105 NA NA 0.314285714285714
"Pan troglodytes" 4 100 75 NA NA 0.293333333333333
"Pan troglodytes" 4 104 75 NA NA 0.306666666666667
"Pan troglodytes" 4 108 49 NA NA 0.346938775510204
"Pan troglodytes" 4 112 45 NA NA 0.355555555555556
"Pan troglodytes" 4 116 44 NA NA 0.363636363636364
"Pan troglodytes" 4 120 43 NA NA 0.395348837209302
"Pan troglodytes" 4 124 43 NA NA 0.395348837209302
"Pan troglodytes" 4 128 42 NA NA 0.404761904761905
"Pan troglodytes" 4 132 41 NA NA 0.414634146341463
"Pan troglodytes" 4 136 41 NA NA 0.414634146341463
"Pan troglodytes" 4 140 40 NA NA 0.425
"Pan troglodytes" 4 144 40 NA NA 0.425
"Pan troglodytes" 4 148 40 NA NA 0.425
"Pan troglodytes" 4 152 40 NA NA 0.425
"Pan troglodytes" 4 156 39 NA NA 0.41025641025641
"Pan troglodytes" 4 160 39 NA NA 0.41025641025641
"Pan troglodytes" 4 164 39 NA NA 0.41025641025641
"Pan troglodytes" 4 168 39 NA NA 0.41025641025641
"Pan troglodytes" 4 172 39 NA NA 0.41025641025641
"Pan troglodytes" 4 176 37 NA NA 0.432432432432432
"Pan troglodytes" 4 180 37 NA NA 0.432432432432432
"Pan troglodytes" 4 184 36 NA NA 0.444444444444444
"Pan troglodytes" 4 188 34 NA NA 0.441176470588235
"Pan troglodytes" 4 192 33 NA NA 0.454545454545455
"Pan troglodytes" 4 196 33 NA NA 0.454545454545455
"Pan troglodytes" 4 200 33 NA NA 0.454545454545455
"Pan troglodytes" 5 10 445 -1.55848409670365 0.119118535025235 0.0696629213483146
"Pan troglodytes" 5 15 436 -2.76987012371602 0.00560786489060435 0.103211009174312
"Pan troglodytes" 5 20 430 -2.39806653224004 0.016481871232644 0.127906976744186
"Pan troglodytes" 5 25 423 -2.71816927553095 0.00656442447427643 0.153664302600473
"Pan troglodytes" 5 30 420 -3.09379805315166 0.00197611947936527 0.164285714285714
"Pan troglodytes" 5 35 413 -3.32596144842468 0.000881141147894534 0.184019370460048
"Pan troglodytes" 5 40 408 -3.60996289122295 0.000306240813935133 0.200980392156863
"Pan troglodytes" 5 45 402 -3.76681944859829 0.000165340483989325 0.216417910447761
"Pan troglodytes" 5 50 391 -3.83759841981021 0.000124243444454339 0.232736572890026
"Pan troglodytes" 5 55 376 -3.94103462744188 8.11309120108385e-05 0.24468085106383
"Pan troglodytes" 5 60 361 -4.15014322301546 3.32267302311921e-05 0.243767313019391
"Pan troglodytes" 5 65 327 -3.92065488827845 8.83086549123357e-05 0.27217125382263
"Pan troglodytes" 5 70 272 -3.51848515798763 0.000434018092839467 0.297794117647059
"Pan troglodytes" 5 75 218 NA NA 0.339449541284404
"Pan troglodytes" 5 80 180 NA NA 0.355555555555556
"Pan troglodytes" 5 85 166 NA NA 0.367469879518072
"Pan troglodytes" 5 90 151 NA NA 0.357615894039735
"Pan troglodytes" 5 95 127 NA NA 0.330708661417323
"Pan troglodytes" 5 100 75 NA NA 0.293333333333333
"Pan troglodytes" 5 105 73 NA NA 0.315068493150685
"Pan troglodytes" 5 110 47 NA NA 0.361702127659574
"Pan troglodytes" 5 115 44 NA NA 0.363636363636364
"Pan troglodytes" 5 120 43 NA NA 0.395348837209302
"Pan troglodytes" 5 125 43 NA NA 0.395348837209302
"Pan troglodytes" 5 130 41 NA NA 0.414634146341463
"Pan troglodytes" 5 135 41 NA NA 0.414634146341463
"Pan troglodytes" 5 140 40 NA NA 0.425
"Pan troglodytes" 5 145 40 NA NA 0.425
"Pan troglodytes" 5 150 40 NA NA 0.425
"Pan troglodytes" 5 155 39 NA NA 0.41025641025641
"Pan troglodytes" 5 160 39 NA NA 0.41025641025641
"Pan troglodytes" 5 165 39 NA NA 0.41025641025641
"Pan troglodytes" 5 170 39 NA NA 0.41025641025641
"Pan troglodytes" 5 175 37 NA NA 0.432432432432432
"Pan troglodytes" 5 180 37 NA NA 0.432432432432432
"Pan troglodytes" 5 185 35 NA NA 0.457142857142857
"Pan troglodytes" 5 190 34 NA NA 0.441176470588235
"Pan troglodytes" 5 195 33 NA NA 0.454545454545455
"Pan troglodytes" 5 200 33 NA NA 0.454545454545455
"Pan troglodytes" 6 12 439 -2.23777060793333 0.0252360180586761 0.082004555808656
"Pan troglodytes" 6 18 434 -2.89558283378486 0.00378455133285182 0.117511520737327
"Pan troglodytes" 6 24 425 -2.58189058266619 0.00982607326865985 0.150588235294118
"Pan troglodytes" 6 30 420 -3.06446303965109 0.00218061116788018 0.164285714285714
"Pan troglodytes" 6 36 412 -3.36785039996231 0.000757566910201817 0.186893203883495
"Pan troglodytes" 6 42 407 -3.75660005215941 0.000172237428939819 0.206388206388206
"Pan troglodytes" 6 48 397 -3.57027116415954 0.000356611874258981 0.221662468513854
"Pan troglodytes" 6 54 381 -3.88108266842306 0.000103992481705752 0.241469816272966
"Pan troglodytes" 6 60 361 -4.08070616377794 4.48990852230823e-05 0.243767313019391
"Pan troglodytes" 6 66 320 -3.97700116692367 6.97898226775934e-05 0.275
"Pan troglodytes" 6 72 249 -3.74345131738773 0.000181509782565049 0.317269076305221
"Pan troglodytes" 6 78 209 NA NA 0.349282296650718
"Pan troglodytes" 6 84 166 NA NA 0.367469879518072
"Pan troglodytes" 6 90 151 NA NA 0.357615894039735
"Pan troglodytes" 6 96 105 NA NA 0.314285714285714
"Pan troglodytes" 6 102 75 NA NA 0.293333333333333
"Pan troglodytes" 6 108 49 NA NA 0.346938775510204
"Pan troglodytes" 6 114 45 NA NA 0.355555555555556
"Pan troglodytes" 6 120 43 NA NA 0.395348837209302
"Pan troglodytes" 6 126 43 NA NA 0.395348837209302
"Pan troglodytes" 6 132 41 NA NA 0.414634146341463
"Pan troglodytes" 6 138 41 NA NA 0.414634146341463
"Pan troglodytes" 6 144 40 NA NA 0.425
"Pan troglodytes" 6 150 40 NA NA 0.425
"Pan troglodytes" 6 156 39 NA NA 0.41025641025641
"Pan troglodytes" 6 162 39 NA NA 0.41025641025641
"Pan troglodytes" 6 168 39 NA NA 0.41025641025641
"Pan troglodytes" 6 174 38 NA NA 0.421052631578947
"Pan troglodytes" 6 180 37 NA NA 0.432432432432432
"Pan troglodytes" 6 186 35 NA NA 0.457142857142857
"Pan troglodytes" 6 192 33 NA NA 0.454545454545455
"Pan troglodytes" 6 198 33 NA NA 0.454545454545455
"Pan troglodytes" 7 14 436 -2.81730113368625 0.00484290953716114 0.0986238532110092
"Pan troglodytes" 7 21 429 -2.23900911287088 0.025155323224888 0.130536130536131
"Pan troglodytes" 7 28 422 -2.72084771055885 0.00651147515079544 0.163507109004739
"Pan troglodytes" 7 35 413 -3.30720709000455 0.00094231201417205 0.184019370460048
"Pan troglodytes" 7 42 407 -3.7754774003202 0.000159701504122494 0.206388206388206
"Pan troglodytes" 7 49 395 -3.80970089579093 0.00013913501228971 0.227848101265823
"Pan troglodytes" 7 56 373 -3.84865639691091 0.000118767460270569 0.246648793565684
"Pan troglodytes" 7 63 349 -4.04945430261781 5.13372007624207e-05 0.255014326647564
"Pan troglodytes" 7 70 272 -3.41671208014333 0.000633822739731778 0.297794117647059
"Pan troglodytes" 7 77 211 NA NA 0.345971563981043
"Pan troglodytes" 7 84 166 NA NA 0.367469879518072
"Pan troglodytes" 7 91 150 NA NA 0.353333333333333
"Pan troglodytes" 7 98 75 NA NA 0.293333333333333
"Pan troglodytes" 7 105 73 NA NA 0.315068493150685
"Pan troglodytes" 7 112 45 NA NA 0.355555555555556
"Pan troglodytes" 7 119 43 NA NA 0.372093023255814
"Pan troglodytes" 7 126 43 NA NA 0.395348837209302
"Pan troglodytes" 7 133 41 NA NA 0.414634146341463
"Pan troglodytes" 7 140 40 NA NA 0.425
"Pan troglodytes" 7 147 40 NA NA 0.425
"Pan troglodytes" 7 154 39 NA NA 0.41025641025641
"Pan troglodytes" 7 161 39 NA NA 0.41025641025641
"Pan troglodytes" 7 168 39 NA NA 0.41025641025641
"Pan troglodytes" 7 175 37 NA NA 0.432432432432432
"Pan troglodytes" 7 182 37 NA NA 0.432432432432432
"Pan troglodytes" 7 189 34 NA NA 0.441176470588235
"Pan troglodytes" 7 196 33 NA NA 0.454545454545455
"Pan troglodytes" 8 16 435 -2.89879509626353 0.00374599614496209 0.105747126436782
"Pan troglodytes" 8 24 425 -2.6477188115595 0.00810368978584474 0.150588235294118
"Pan troglodytes" 8 32 419 -3.28400833981302 0.00102341893848401 0.16945107398568
"Pan troglodytes" 8 40 408 -3.64301678712769 0.00026946125714187 0.200980392156863
"Pan troglodytes" 8 48 397 -3.67167393399728 0.000240966996567021 0.221662468513854
"Pan troglodytes" 8 56 373 -3.92805993205709 8.56338735413638e-05 0.246648793565684
"Pan troglodytes" 8 64 341 -3.86444424659538 0.000111342417497419 0.269794721407625
"Pan troglodytes" 8 72 249 -3.77713840180254 0.000158640585145498 0.317269076305221
"Pan troglodytes" 8 80 180 NA NA 0.355555555555556
"Pan troglodytes" 8 88 158 NA NA 0.360759493670886
"Pan troglodytes" 8 96 105 NA NA 0.314285714285714
"Pan troglodytes" 8 104 75 NA NA 0.306666666666667
"Pan troglodytes" 8 112 45 NA NA 0.355555555555556
"Pan troglodytes" 8 120 43 NA NA 0.395348837209302
"Pan troglodytes" 8 128 42 NA NA 0.404761904761905
"Pan troglodytes" 8 136 41 NA NA 0.414634146341463
"Pan troglodytes" 8 144 40 NA NA 0.425
"Pan troglodytes" 8 152 40 NA NA 0.425
"Pan troglodytes" 8 160 39 NA NA 0.41025641025641
"Pan troglodytes" 8 168 39 NA NA 0.41025641025641
"Pan troglodytes" 8 176 37 NA NA 0.432432432432432
"Pan troglodytes" 8 184 36 NA NA 0.444444444444444
"Pan troglodytes" 8 192 33 NA NA 0.454545454545455
"Pan troglodytes" 8 200 33 NA NA 0.454545454545455
"Pan troglodytes" 9 18 434 -2.90580498699864 0.00366309669118319 0.117511520737327
"Pan troglodytes" 9 27 422 -2.70590092323554 0.00681193659496664 0.158767772511848
"Pan troglodytes" 9 36 412 -3.35747967149098 0.000786565271271547 0.186893203883495
"Pan troglodytes" 9 45 402 -3.734473227573 0.000188108499500141 0.216417910447761
"Pan troglodytes" 9 54 381 -3.99021669516635 6.60129565855672e-05 0.241469816272966
"Pan troglodytes" 9 63 349 -4.13297306385735 3.58100707815677e-05 0.255014326647564
"Pan troglodytes" 9 72 249 -3.82182207616841 0.000132469255834236 0.317269076305221
"Pan troglodytes" 9 81 176 NA NA 0.363636363636364
"Pan troglodytes" 9 90 151 NA NA 0.357615894039735
"Pan troglodytes" 9 99 75 NA NA 0.293333333333333
"Pan troglodytes" 9 108 49 NA NA 0.346938775510204
"Pan troglodytes" 9 117 43 NA NA 0.372093023255814
"Pan troglodytes" 9 126 43 NA NA 0.395348837209302
"Pan troglodytes" 9 135 41 NA NA 0.414634146341463
"Pan troglodytes" 9 144 40 NA NA 0.425
"Pan troglodytes" 9 153 40 NA NA 0.425
"Pan troglodytes" 9 162 39 NA NA 0.41025641025641
"Pan troglodytes" 9 171 39 NA NA 0.41025641025641
"Pan troglodytes" 9 180 37 NA NA 0.432432432432432
"Pan troglodytes" 9 189 34 NA NA 0.441176470588235
"Pan troglodytes" 9 198 33 NA NA 0.454545454545455
"Pan troglodytes" 10 20 430 -2.37491797355094 0.0175528504205923 0.127906976744186
"Pan troglodytes" 10 30 420 -3.09555963236038 0.0019644186801338 0.164285714285714
"Pan troglodytes" 10 40 408 -3.56421217767332 0.000364950661839847 0.200980392156863
"Pan troglodytes" 10 50 391 -3.79514858574053 0.0001475550597823 0.232736572890026
"Pan troglodytes" 10 60 361 -4.11346166060551 3.89769799558353e-05 0.243767313019391
"Pan troglodytes" 10 70 272 -3.51219429878433 0.000444422959149278 0.297794117647059
"Pan troglodytes" 10 80 180 NA NA 0.355555555555556
"Pan troglodytes" 10 90 151 NA NA 0.357615894039735
"Pan troglodytes" 10 100 75 NA NA 0.293333333333333
"Pan troglodytes" 10 110 47 NA NA 0.361702127659574
"Pan troglodytes" 10 120 43 NA NA 0.395348837209302
"Pan troglodytes" 10 130 41 NA NA 0.414634146341463
"Pan troglodytes" 10 140 40 NA NA 0.425
"Pan troglodytes" 10 150 40 NA NA 0.425
"Pan troglodytes" 10 160 39 NA NA 0.41025641025641
"Pan troglodytes" 10 170 39 NA NA 0.41025641025641
"Pan troglodytes" 10 180 37 NA NA 0.432432432432432
"Pan troglodytes" 10 190 34 NA NA 0.441176470588235
"Pan troglodytes" 10 200 33 NA NA 0.454545454545455
"Pan troglodytes" 11 22 427 -2.32622939385658 0.0200063163718625 0.135831381733021
"Pan troglodytes" 11 33 415 -3.59180403328684 0.000328396761108083 0.178313253012048
"Pan troglodytes" 11 44 403 -3.8014238812179 0.000143866937826316 0.210918114143921
"Pan troglodytes" 11 55 376 -4.06600699733556 4.78255003415643e-05 0.24468085106383
"Pan troglodytes" 11 66 320 -4.17967644542729 2.91924143371285e-05 0.275
"Pan troglodytes" 11 77 211 NA NA 0.345971563981043
"Pan troglodytes" 11 88 158 NA NA 0.360759493670886
"Pan troglodytes" 11 99 75 NA NA 0.293333333333333
"Pan troglodytes" 11 110 47 NA NA 0.361702127659574
"Pan troglodytes" 11 121 43 NA NA 0.395348837209302
"Pan troglodytes" 11 132 41 NA NA 0.414634146341463
"Pan troglodytes" 11 143 40 NA NA 0.425
"Pan troglodytes" 11 154 39 NA NA 0.41025641025641
"Pan troglodytes" 11 165 39 NA NA 0.41025641025641
"Pan troglodytes" 11 176 37 NA NA 0.432432432432432
"Pan troglodytes" 11 187 34 NA NA 0.441176470588235
"Pan troglodytes" 11 198 33 NA NA 0.454545454545455
"Pan troglodytes" 12 24 425 -2.71809142392737 0.00656596927797495 0.150588235294118
"Pan troglodytes" 12 36 412 -3.58084397201063 0.000342486139965879 0.186893203883495
"Pan troglodytes" 12 48 397 -3.86529776899042 0.000110953750792404 0.221662468513854
"Pan troglodytes" 12 60 361 -4.34399884905129 1.39912247998626e-05 0.243767313019391
"Pan troglodytes" 12 72 249 -3.9666869835889 7.28786042836847e-05 0.317269076305221
"Pan troglodytes" 12 84 166 NA NA 0.367469879518072
"Pan troglodytes" 12 96 105 NA NA 0.314285714285714
"Pan troglodytes" 12 108 49 NA NA 0.346938775510204
"Pan troglodytes" 12 120 43 NA NA 0.395348837209302
"Pan troglodytes" 12 132 41 NA NA 0.414634146341463
"Pan troglodytes" 12 144 40 NA NA 0.425
"Pan troglodytes" 12 156 39 NA NA 0.41025641025641
"Pan troglodytes" 12 168 39 NA NA 0.41025641025641
"Pan troglodytes" 12 180 37 NA NA 0.432432432432432
"Pan troglodytes" 12 192 33 NA NA 0.454545454545455
"Pan troglodytes" 13 26 422 -2.8833130900908 0.00393516101908309 0.154028436018957
"Pan troglodytes" 13 39 409 -3.71102826135448 0.000206419054386646 0.19559902200489
"Pan troglodytes" 13 52 386 -4.07481575888357 4.6050790886284e-05 0.233160621761658
"Pan troglodytes" 13 65 327 -4.06071212842411 4.89232636989969e-05 0.27217125382263
"Pan troglodytes" 13 78 209 NA NA 0.349282296650718
"Pan troglodytes" 13 91 150 NA NA 0.353333333333333
"Pan troglodytes" 13 104 75 NA NA 0.306666666666667
"Pan troglodytes" 13 117 43 NA NA 0.372093023255814
"Pan troglodytes" 13 130 41 NA NA 0.414634146341463
"Pan troglodytes" 13 143 40 NA NA 0.425
"Pan troglodytes" 13 156 39 NA NA 0.41025641025641
"Pan troglodytes" 13 169 39 NA NA 0.41025641025641
"Pan troglodytes" 13 182 37 NA NA 0.432432432432432
"Pan troglodytes" 13 195 33 NA NA 0.454545454545455
"Pan troglodytes" 14 28 422 -2.85344675112846 0.00432477751012747 0.163507109004739
"Pan troglodytes" 14 42 407 -3.85479440587104 0.000115826924564469 0.206388206388206
"Pan troglodytes" 14 56 373 -4.0458679744657 5.21296084238742e-05 0.246648793565684
"Pan troglodytes" 14 70 272 -3.6649778825435 0.00024735995877661 0.297794117647059
"Pan troglodytes" 14 84 166 NA NA 0.367469879518072
"Pan troglodytes" 14 98 75 NA NA 0.293333333333333
"Pan troglodytes" 14 112 45 NA NA 0.355555555555556
"Pan troglodytes" 14 126 43 NA NA 0.395348837209302
"Pan troglodytes" 14 140 40 NA NA 0.425
"Pan troglodytes" 14 154 39 NA NA 0.41025641025641
"Pan troglodytes" 14 168 39 NA NA 0.41025641025641
"Pan troglodytes" 14 182 37 NA NA 0.432432432432432
"Pan troglodytes" 14 196 33 NA NA 0.454545454545455
"Pan troglodytes" 15 30 420 -3.25246956976635 0.00114406845385024 0.164285714285714
"Pan troglodytes" 15 45 402 -3.9393492299492 8.17029275421587e-05 0.216417910447761
"Pan troglodytes" 15 60 361 -4.39903397318071 1.08733805622023e-05 0.243767313019391
"Pan troglodytes" 15 75 218 NA NA 0.339449541284404
"Pan troglodytes" 15 90 151 NA NA 0.357615894039735
"Pan troglodytes" 15 105 73 NA NA 0.315068493150685
"Pan troglodytes" 15 120 43 NA NA 0.395348837209302
"Pan troglodytes" 15 135 41 NA NA 0.414634146341463
"Pan troglodytes" 15 150 40 NA NA 0.425
"Pan troglodytes" 15 165 39 NA NA 0.41025641025641
"Pan troglodytes" 15 180 37 NA NA 0.432432432432432
"Pan troglodytes" 15 195 33 NA NA 0.454545454545455
"Pan troglodytes" 16 32 419 -3.30080930099124 0.000964063851410724 0.16945107398568
"Pan troglodytes" 16 48 397 -3.85948546021117 0.000113626017048678 0.221662468513854
"Pan troglodytes" 16 64 341 -4.08253593880068 4.45469204372478e-05 0.269794721407625
"Pan troglodytes" 16 80 180 NA NA 0.355555555555556
"Pan troglodytes" 16 96 105 NA NA 0.314285714285714
"Pan troglodytes" 16 112 45 NA NA 0.355555555555556
"Pan troglodytes" 16 128 42 NA NA 0.404761904761905
"Pan troglodytes" 16 144 40 NA NA 0.425
"Pan troglodytes" 16 160 39 NA NA 0.41025641025641
"Pan troglodytes" 16 176 37 NA NA 0.432432432432432
"Pan troglodytes" 16 192 33 NA NA 0.454545454545455
"Pan troglodytes" 17 34 415 -3.64003619645237 0.000272599717549594 0.183132530120482
"Pan troglodytes" 17 51 388 -4.00416329873511 6.22373638803608e-05 0.234536082474227
"Pan troglodytes" 17 68 296 -4.51907382757055 6.21107355610993e-06 0.283783783783784
"Pan troglodytes" 17 85 166 NA NA 0.367469879518072
"Pan troglodytes" 17 102 75 NA NA 0.293333333333333
"Pan troglodytes" 17 119 43 NA NA 0.372093023255814
"Pan troglodytes" 17 136 41 NA NA 0.414634146341463
"Pan troglodytes" 17 153 40 NA NA 0.425
"Pan troglodytes" 17 170 39 NA NA 0.41025641025641
"Pan troglodytes" 17 187 34 NA NA 0.441176470588235
"Pan troglodytes" 18 36 412 -3.56624206890897 0.000362136889846159 0.186893203883495
"Pan troglodytes" 18 54 381 -4.22496755149349 2.38975209096122e-05 0.241469816272966
"Pan troglodytes" 18 72 249 -4.11561182976774 3.86153713312987e-05 0.317269076305221
"Pan troglodytes" 18 90 151 NA NA 0.357615894039735
"Pan troglodytes" 18 108 49 NA NA 0.346938775510204
"Pan troglodytes" 18 126 43 NA NA 0.395348837209302
"Pan troglodytes" 18 144 40 NA NA 0.425
"Pan troglodytes" 18 162 39 NA NA 0.41025641025641
"Pan troglodytes" 18 180 37 NA NA 0.432432432432432
"Pan troglodytes" 18 198 33 NA NA 0.454545454545455
"Pan troglodytes" 19 38 410 -3.53412517542703 0.000409127268062327 0.192682926829268
"Pan troglodytes" 19 57 370 -4.25846524387978 2.05835214416034e-05 0.248648648648649
"Pan troglodytes" 19 76 216 NA NA 0.342592592592593
"Pan troglodytes" 19 95 127 NA NA 0.330708661417323
"Pan troglodytes" 19 114 45 NA NA 0.355555555555556
"Pan troglodytes" 19 133 41 NA NA 0.414634146341463
"Pan troglodytes" 19 152 40 NA NA 0.425
"Pan troglodytes" 19 171 39 NA NA 0.41025641025641
"Pan troglodytes" 19 190 34 NA NA 0.441176470588235
"Pan troglodytes" 20 40 408 -3.65415400487455 0.000258031361915159 0.200980392156863
"Pan troglodytes" 20 60 361 -4.35833346101571 1.31056594019971e-05 0.243767313019391
"Pan troglodytes" 20 80 180 NA NA 0.355555555555556
"Pan troglodytes" 20 100 75 NA NA 0.293333333333333
"Pan troglodytes" 20 120 43 NA NA 0.395348837209302
"Pan troglodytes" 20 140 40 NA NA 0.425
"Pan troglodytes" 20 160 39 NA NA 0.41025641025641
"Pan troglodytes" 20 180 37 NA NA 0.432432432432432
"Pan troglodytes" 20 200 33 NA NA 0.454545454545455
"Pan troglodytes" 21 42 407 -3.83753014002956 0.00012427798479078 0.206388206388206
"Pan troglodytes" 21 63 349 -4.26570740430834 1.99269796405827e-05 0.255014326647564
"Pan troglodytes" 21 84 166 NA NA 0.367469879518072
"Pan troglodytes" 21 105 73 NA NA 0.315068493150685
"Pan troglodytes" 21 126 43 NA NA 0.395348837209302
"Pan troglodytes" 21 147 40 NA NA 0.425
"Pan troglodytes" 21 168 39 NA NA 0.41025641025641
"Pan troglodytes" 21 189 34 NA NA 0.441176470588235
"Pan troglodytes" 22 44 403 -3.86140538794298 0.00011273666830146 0.210918114143921
"Pan troglodytes" 22 66 320 -4.44070873941948 8.96630835917589e-06 0.275
"Pan troglodytes" 22 88 158 NA NA 0.360759493670886
"Pan troglodytes" 22 110 47 NA NA 0.361702127659574
"Pan troglodytes" 22 132 41 NA NA 0.414634146341463
"Pan troglodytes" 22 154 39 NA NA 0.41025641025641
"Pan troglodytes" 22 176 37 NA NA 0.432432432432432
"Pan troglodytes" 22 198 33 NA NA 0.454545454545455
"Pan troglodytes" 23 46 401 -3.94770029923103 7.89054950935581e-05 0.216957605985037
"Pan troglodytes" 23 69 283 -4.35495229697869 1.3309589896473e-05 0.296819787985866
"Pan troglodytes" 23 92 146 NA NA 0.356164383561644
"Pan troglodytes" 23 115 44 NA NA 0.363636363636364
"Pan troglodytes" 23 138 41 NA NA 0.414634146341463
"Pan troglodytes" 23 161 39 NA NA 0.41025641025641
"Pan troglodytes" 23 184 36 NA NA 0.444444444444444
"Pan troglodytes" 24 48 397 -3.92632251782581 8.62544839319454e-05 0.221662468513854
"Pan troglodytes" 24 72 249 -4.18161587800794 2.894446707542e-05 0.317269076305221
"Pan troglodytes" 24 96 105 NA NA 0.314285714285714
"Pan troglodytes" 24 120 43 NA NA 0.395348837209302
"Pan troglodytes" 24 144 40 NA NA 0.425
"Pan troglodytes" 24 168 39 NA NA 0.41025641025641
"Pan troglodytes" 24 192 33 NA NA 0.454545454545455
"Pan troglodytes" 25 50 391 -4.05687493207188 4.97336963331053e-05 0.232736572890026
"Pan troglodytes" 25 75 218 NA NA 0.339449541284404
"Pan troglodytes" 25 100 75 NA NA 0.293333333333333
"Pan troglodytes" 25 125 43 NA NA 0.395348837209302
"Pan troglodytes" 25 150 40 NA NA 0.425
"Pan troglodytes" 25 175 37 NA NA 0.432432432432432
"Pan troglodytes" 25 200 33 NA NA 0.454545454545455
"Pan troglodytes" 26 52 386 -4.11931078231304 3.8000732898594e-05 0.233160621761658
"Pan troglodytes" 26 78 209 NA NA 0.349282296650718
"Pan troglodytes" 26 104 75 NA NA 0.306666666666667
"Pan troglodytes" 26 130 41 NA NA 0.414634146341463
"Pan troglodytes" 26 156 39 NA NA 0.41025641025641
"Pan troglodytes" 26 182 37 NA NA 0.432432432432432
"Pan troglodytes" 27 54 381 -4.11447471591882 3.8806208937255e-05 0.241469816272966
"Pan troglodytes" 27 81 176 NA NA 0.363636363636364
"Pan troglodytes" 27 108 49 NA NA 0.346938775510204
"Pan troglodytes" 27 135 41 NA NA 0.414634146341463
"Pan troglodytes" 27 162 39 NA NA 0.41025641025641
"Pan troglodytes" 27 189 34 NA NA 0.441176470588235
"Pan troglodytes" 28 56 373 -4.1248300357879 3.7100863279664e-05 0.246648793565684
"Pan troglodytes" 28 84 166 NA NA 0.367469879518072
"Pan troglodytes" 28 112 45 NA NA 0.355555555555556
"Pan troglodytes" 28 140 40 NA NA 0.425
"Pan troglodytes" 28 168 39 NA NA 0.41025641025641
"Pan troglodytes" 28 196 33 NA NA 0.454545454545455
"Pan troglodytes" 29 58 366 -4.49483789840716 6.96229647752336e-06 0.248633879781421
"Pan troglodytes" 29 87 163 NA NA 0.361963190184049
"Pan troglodytes" 29 116 44 NA NA 0.363636363636364
"Pan troglodytes" 29 145 40 NA NA 0.425
"Pan troglodytes" 29 174 38 NA NA 0.421052631578947
"Pan troglodytes" 30 60 361 -4.45165021223817 8.52128922804367e-06 0.243767313019391
"Pan troglodytes" 30 90 151 NA NA 0.357615894039735
"Pan troglodytes" 30 120 43 NA NA 0.395348837209302
"Pan troglodytes" 30 150 40 NA NA 0.425
"Pan troglodytes" 30 180 37 NA NA 0.432432432432432
"Pan troglodytes" 31 62 351 -4.43751251954751 9.1004430430465e-06 0.253561253561254
"Pan troglodytes" 31 93 142 NA NA 0.352112676056338
"Pan troglodytes" 31 124 43 NA NA 0.395348837209302
"Pan troglodytes" 31 155 39 NA NA 0.41025641025641
"Pan troglodytes" 31 186 35 NA NA 0.457142857142857
"Pan troglodytes" 32 64 341 -4.18518497125278 2.84933982304281e-05 0.269794721407625
"Pan troglodytes" 32 96 105 NA NA 0.314285714285714
"Pan troglodytes" 32 128 42 NA NA 0.404761904761905
"Pan troglodytes" 32 160 39 NA NA 0.41025641025641
"Pan troglodytes" 32 192 33 NA NA 0.454545454545455
"Pan troglodytes" 33 66 320 -4.3429982908377 1.40551228019627e-05 0.275
"Pan troglodytes" 33 99 75 NA NA 0.293333333333333
"Pan troglodytes" 33 132 41 NA NA 0.414634146341463
"Pan troglodytes" 33 165 39 NA NA 0.41025641025641
"Pan troglodytes" 33 198 33 NA NA 0.454545454545455
"Pan troglodytes" 34 68 296 -4.62276684544279 3.78655242059729e-06 0.283783783783784
"Pan troglodytes" 34 102 75 NA NA 0.293333333333333
"Pan troglodytes" 34 136 41 NA NA 0.414634146341463
"Pan troglodytes" 34 170 39 NA NA 0.41025641025641
"Pan troglodytes" 35 70 272 -3.79211821907173 0.000149367774343729 0.297794117647059
"Pan troglodytes" 35 105 73 NA NA 0.315068493150685
"Pan troglodytes" 35 140 40 NA NA 0.425
"Pan troglodytes" 35 175 37 NA NA 0.432432432432432
"Pan troglodytes" 36 72 249 -4.06613079193723 4.78001160748261e-05 0.317269076305221
"Pan troglodytes" 36 108 49 NA NA 0.346938775510204
"Pan troglodytes" 36 144 40 NA NA 0.425
"Pan troglodytes" 36 180 37 NA NA 0.432432432432432
"Pan troglodytes" 37 74 225 NA NA 0.346666666666667
"Pan troglodytes" 37 111 45 NA NA 0.355555555555556
"Pan troglodytes" 37 148 40 NA NA 0.425
"Pan troglodytes" 37 185 35 NA NA 0.457142857142857
"Pan troglodytes" 38 76 216 NA NA 0.342592592592593
"Pan troglodytes" 38 114 45 NA NA 0.355555555555556
"Pan troglodytes" 38 152 40 NA NA 0.425
"Pan troglodytes" 38 190 34 NA NA 0.441176470588235
"Pan troglodytes" 39 78 209 NA NA 0.349282296650718
"Pan troglodytes" 39 117 43 NA NA 0.372093023255814
"Pan troglodytes" 39 156 39 NA NA 0.41025641025641
"Pan troglodytes" 39 195 33 NA NA 0.454545454545455
"Pan troglodytes" 40 80 180 NA NA 0.355555555555556
"Pan troglodytes" 40 120 43 NA NA 0.395348837209302
"Pan troglodytes" 40 160 39 NA NA 0.41025641025641
"Pan troglodytes" 40 200 33 NA NA 0.454545454545455
"Pan troglodytes" 41 82 170 NA NA 0.370588235294118
"Pan troglodytes" 41 123 43 NA NA 0.395348837209302
"Pan troglodytes" 41 164 39 NA NA 0.41025641025641
"Pan troglodytes" 42 84 166 NA NA 0.367469879518072
"Pan troglodytes" 42 126 43 NA NA 0.395348837209302
"Pan troglodytes" 42 168 39 NA NA 0.41025641025641
"Pan troglodytes" 43 86 165 NA NA 0.36969696969697
"Pan troglodytes" 43 129 42 NA NA 0.428571428571429
"Pan troglodytes" 43 172 39 NA NA 0.41025641025641
"Pan troglodytes" 44 88 158 NA NA 0.360759493670886
"Pan troglodytes" 44 132 41 NA NA 0.414634146341463
"Pan troglodytes" 44 176 37 NA NA 0.432432432432432
"Pan troglodytes" 45 90 151 NA NA 0.357615894039735
"Pan troglodytes" 45 135 41 NA NA 0.414634146341463
"Pan troglodytes" 45 180 37 NA NA 0.432432432432432
"Pan troglodytes" 46 92 146 NA NA 0.356164383561644
"Pan troglodytes" 46 138 41 NA NA 0.414634146341463
"Pan troglodytes" 46 184 36 NA NA 0.444444444444444
"Pan troglodytes" 47 94 142 NA NA 0.352112676056338
"Pan troglodytes" 47 141 40 NA NA 0.425
"Pan troglodytes" 47 188 34 NA NA 0.441176470588235
"Pan troglodytes" 48 96 105 NA NA 0.314285714285714
"Pan troglodytes" 48 144 40 NA NA 0.425
"Pan troglodytes" 48 192 33 NA NA 0.454545454545455
"Pan troglodytes" 49 98 75 NA NA 0.293333333333333
"Pan troglodytes" 49 147 40 NA NA 0.425
"Pan troglodytes" 49 196 33 NA NA 0.454545454545455
"Pan troglodytes" 50 100 75 NA NA 0.293333333333333
"Pan troglodytes" 50 150 40 NA NA 0.425
"Pan troglodytes" 50 200 33 NA NA 0.454545454545455
"Pan troglodytes" 51 102 75 NA NA 0.293333333333333
"Pan troglodytes" 51 153 40 NA NA 0.425
"Pan troglodytes" 52 104 75 NA NA 0.306666666666667
"Pan troglodytes" 52 156 39 NA NA 0.41025641025641
"Pan troglodytes" 53 106 61 NA NA 0.295081967213115
"Pan troglodytes" 53 159 39 NA NA 0.41025641025641
"Pan troglodytes" 54 108 49 NA NA 0.346938775510204
"Pan troglodytes" 54 162 39 NA NA 0.41025641025641
"Pan troglodytes" 55 110 47 NA NA 0.361702127659574
"Pan troglodytes" 55 165 39 NA NA 0.41025641025641
"Pan troglodytes" 56 112 45 NA NA 0.355555555555556
"Pan troglodytes" 56 168 39 NA NA 0.41025641025641
"Pan troglodytes" 57 114 45 NA NA 0.355555555555556
"Pan troglodytes" 57 171 39 NA NA 0.41025641025641
"Pan troglodytes" 58 116 44 NA NA 0.363636363636364
"Pan troglodytes" 58 174 38 NA NA 0.421052631578947
"Pan troglodytes" 59 118 43 NA NA 0.372093023255814
"Pan troglodytes" 59 177 37 NA NA 0.432432432432432
"Pan troglodytes" 60 120 43 NA NA 0.395348837209302
"Pan troglodytes" 60 180 37 NA NA 0.432432432432432
"Pan troglodytes" 61 122 43 NA NA 0.395348837209302
"Pan troglodytes" 61 183 37 NA NA 0.432432432432432
"Pan troglodytes" 62 124 43 NA NA 0.395348837209302
"Pan troglodytes" 62 186 35 NA NA 0.457142857142857
"Pan troglodytes" 63 126 43 NA NA 0.395348837209302
"Pan troglodytes" 63 189 34 NA NA 0.441176470588235
"Pan troglodytes" 64 128 42 NA NA 0.404761904761905
"Pan troglodytes" 64 192 33 NA NA 0.454545454545455
"Pan troglodytes" 65 130 41 NA NA 0.414634146341463
"Pan troglodytes" 65 195 33 NA NA 0.454545454545455
"Pan troglodytes" 66 132 41 NA NA 0.414634146341463
"Pan troglodytes" 66 198 33 NA NA 0.454545454545455
"Pan troglodytes" 67 134 41 NA NA 0.414634146341463
"Pan troglodytes" 68 136 41 NA NA 0.414634146341463
"Pan troglodytes" 69 138 41 NA NA 0.414634146341463
"Pan troglodytes" 70 140 40 NA NA 0.425
"Pan troglodytes" 71 142 40 NA NA 0.425
"Pan troglodytes" 72 144 40 NA NA 0.425
"Pan troglodytes" 73 146 40 NA NA 0.425
"Pan troglodytes" 74 148 40 NA NA 0.425
"Pan troglodytes" 75 150 40 NA NA 0.425
"Pan troglodytes" 76 152 40 NA NA 0.425
"Pan troglodytes" 77 154 39 NA NA 0.41025641025641
"Pan troglodytes" 78 156 39 NA NA 0.41025641025641
"Pan troglodytes" 79 158 39 NA NA 0.41025641025641
"Pan troglodytes" 80 160 39 NA NA 0.41025641025641
"Pan troglodytes" 81 162 39 NA NA 0.41025641025641
"Pan troglodytes" 82 164 39 NA NA 0.41025641025641
"Pan troglodytes" 83 166 39 NA NA 0.41025641025641
"Pan troglodytes" 84 168 39 NA NA 0.41025641025641
"Pan troglodytes" 85 170 39 NA NA 0.41025641025641
"Pan troglodytes" 86 172 39 NA NA 0.41025641025641
"Pan troglodytes" 87 174 38 NA NA 0.421052631578947
"Pan troglodytes" 88 176 37 NA NA 0.432432432432432
"Pan troglodytes" 89 178 37 NA NA 0.432432432432432
"Pan troglodytes" 90 180 37 NA NA 0.432432432432432
"Pan troglodytes" 91 182 37 NA NA 0.432432432432432
"Pan troglodytes" 92 184 36 NA NA 0.444444444444444
"Pan troglodytes" 93 186 35 NA NA 0.457142857142857
"Pan troglodytes" 94 188 34 NA NA 0.441176470588235
"Pan troglodytes" 95 190 34 NA NA 0.441176470588235
"Pan troglodytes" 96 192 33 NA NA 0.454545454545455
"Pan troglodytes" 97 194 33 NA NA 0.454545454545455
"Pan troglodytes" 98 196 33 NA NA 0.454545454545455
"Pan troglodytes" 99 198 33 NA NA 0.454545454545455
"Pan troglodytes" 100 200 33 NA NA 0.454545454545455
