"species" "time_interval" "study_duration" "n_cams" "z" "P" "p_presence"
"Phataginus tricuspis" 1 2 454 0.933494725793971 0.350564592347925 0.0110132158590308
"Phataginus tricuspis" 1 3 454 0.987881927011219 0.323210477635569 0.0110132158590308
"Phataginus tricuspis" 1 4 452 1.38836013377937 0.165027409498519 0.0154867256637168
"Phataginus tricuspis" 1 5 450 NA NA 0.0177777777777778
"Phataginus tricuspis" 1 6 449 NA NA 0.0178173719376392
"Phataginus tricuspis" 1 7 447 NA NA 0.0178970917225951
"Phataginus tricuspis" 1 8 447 NA NA 0.0268456375838926
"Phataginus tricuspis" 1 9 447 NA NA 0.0268456375838926
"Phataginus tricuspis" 1 10 445 NA NA 0.0314606741573034
"Phataginus tricuspis" 1 11 440 NA NA 0.0295454545454545
"Phataginus tricuspis" 1 12 439 NA NA 0.0296127562642369
"Phataginus tricuspis" 1 13 438 NA NA 0.0342465753424658
"Phataginus tricuspis" 1 14 436 NA NA 0.0344036697247706
"Phataginus tricuspis" 1 15 436 0.154034274779173 0.87758271070866 0.0389908256880734
"Phataginus tricuspis" 1 16 435 0.510038344625924 0.610024598435616 0.0459770114942529
"Phataginus tricuspis" 1 17 435 0.554742724144481 0.579070648549916 0.0505747126436782
"Phataginus tricuspis" 1 18 434 0.547935588452072 0.583736131239629 0.0506912442396313
"Phataginus tricuspis" 1 19 432 0.79504513461108 0.426587247909283 0.0532407407407407
"Phataginus tricuspis" 1 20 430 0.79599033239334 0.426037654581599 0.0581395348837209
"Phataginus tricuspis" 1 21 429 1.36348308509726 0.172730311786608 0.0652680652680653
"Phataginus tricuspis" 1 22 427 1.35479187686709 0.17548387540586 0.0702576112412178
"Phataginus tricuspis" 1 23 426 1.36860122111323 0.171123962108733 0.0704225352112676
"Phataginus tricuspis" 1 24 425 1.80451185840752 0.0711511018617545 0.0752941176470588
"Phataginus tricuspis" 1 25 423 1.52744568258324 0.126650224214353 0.0756501182033097
"Phataginus tricuspis" 1 26 422 1.49668855951996 0.1344743144788 0.0829383886255924
"Phataginus tricuspis" 1 27 422 0.760012139315285 0.447247328695944 0.0924170616113744
"Phataginus tricuspis" 1 28 422 1.15375741082388 0.248599639314807 0.0971563981042654
"Phataginus tricuspis" 1 29 422 1.16141364962401 0.245473720712305 0.0971563981042654
"Phataginus tricuspis" 1 30 420 1.12492962459097 0.260618857265375 0.0976190476190476
"Phataginus tricuspis" 1 31 419 1.447447708965 0.147771571841922 0.102625298329356
"Phataginus tricuspis" 1 32 419 1.32683404583025 0.184563585551624 0.105011933174224
"Phataginus tricuspis" 1 33 415 1.1959878485654 0.231701301052338 0.101204819277108
"Phataginus tricuspis" 1 34 415 1.25105950408515 0.210912768679373 0.101204819277108
"Phataginus tricuspis" 1 35 413 1.24649235934776 0.212583692560122 0.101694915254237
"Phataginus tricuspis" 1 36 412 1.03532915934547 0.300515216559682 0.106796116504854
"Phataginus tricuspis" 1 37 410 1.0351228703028 0.300611533142321 0.107317073170732
"Phataginus tricuspis" 1 38 410 0.889505423432464 0.373731509783124 0.109756097560976
"Phataginus tricuspis" 1 39 409 0.697873683447013 0.485256193587965 0.112469437652812
"Phataginus tricuspis" 1 40 408 0.64227232725617 0.520696378657618 0.112745098039216
"Phataginus tricuspis" 1 41 407 0.584998346690394 0.558548828447687 0.115479115479115
"Phataginus tricuspis" 1 42 407 0.93749520562083 0.348503888786198 0.125307125307125
"Phataginus tricuspis" 1 43 405 0.878610717223713 0.3796123828609 0.128395061728395
"Phataginus tricuspis" 1 44 403 0.993558330941858 0.320437939051081 0.13151364764268
"Phataginus tricuspis" 1 45 402 0.849563077222353 0.395568047207998 0.134328358208955
"Phataginus tricuspis" 1 46 401 0.987616619316502 0.323340443859206 0.134663341645885
"Phataginus tricuspis" 1 47 398 1.00630095344402 0.31427082198457 0.135678391959799
"Phataginus tricuspis" 1 48 397 0.787827174171193 0.430797803753538 0.138539042821159
"Phataginus tricuspis" 1 49 395 0.710284392164489 0.477527796555009 0.139240506329114
"Phataginus tricuspis" 1 50 391 0.479035092364663 0.63191366394156 0.138107416879795
"Phataginus tricuspis" 1 51 388 0.661599297721584 0.508228057744365 0.141752577319588
"Phataginus tricuspis" 1 52 386 0.961175766671838 0.336463798850244 0.142487046632124
"Phataginus tricuspis" 1 53 382 0.899388166824155 0.368445939902313 0.143979057591623
"Phataginus tricuspis" 1 54 381 0.637843837330351 0.5235753401668 0.146981627296588
"Phataginus tricuspis" 1 55 376 0.638520514539882 0.523134904338718 0.148936170212766
"Phataginus tricuspis" 1 56 373 0.442945307453316 0.65780529491163 0.14745308310992
"Phataginus tricuspis" 1 57 370 0.77501055736726 0.438333421235091 0.148648648648649
"Phataginus tricuspis" 1 58 366 0.763839484167803 0.444962903967157 0.150273224043716
"Phataginus tricuspis" 1 59 364 0.80700956179837 0.419660974300081 0.151098901098901
"Phataginus tricuspis" 1 60 361 0.854711527678702 0.392710867160848 0.157894736842105
"Phataginus tricuspis" 1 61 356 0.734110279917562 0.46288152875789 0.157303370786517
"Phataginus tricuspis" 1 62 351 0.866172984668947 0.386395305905954 0.156695156695157
"Phataginus tricuspis" 1 63 349 1.10425148945524 0.269484059727183 0.160458452722063
"Phataginus tricuspis" 1 64 341 0.898186806132354 0.369085966200287 0.158357771260997
"Phataginus tricuspis" 1 65 327 -0.15898367719517 0.873681733971768 0.146788990825688
"Phataginus tricuspis" 1 66 320 -0.761949886367802 0.446089914337746 0.14375
"Phataginus tricuspis" 1 67 304 -1.38763431233902 0.16524842758926 0.138157894736842
"Phataginus tricuspis" 1 68 296 -1.35807830479858 0.174438838514691 0.141891891891892
"Phataginus tricuspis" 1 69 283 -2.23280404704049 0.0255618692937102 0.137809187279152
"Phataginus tricuspis" 1 70 272 -2.23039705113137 0.0257210951765751 0.143382352941176
"Phataginus tricuspis" 1 71 268 -2.17212826360803 0.0298459896611533 0.145522388059701
"Phataginus tricuspis" 1 72 249 -2.1887115823384 0.02861780961218 0.144578313253012
"Phataginus tricuspis" 1 73 231 NA NA 0.142857142857143
"Phataginus tricuspis" 1 74 225 NA NA 0.146666666666667
"Phataginus tricuspis" 1 75 218 NA NA 0.151376146788991
"Phataginus tricuspis" 1 76 216 NA NA 0.152777777777778
"Phataginus tricuspis" 1 77 211 NA NA 0.161137440758294
"Phataginus tricuspis" 1 78 209 NA NA 0.162679425837321
"Phataginus tricuspis" 1 79 195 NA NA 0.138461538461538
"Phataginus tricuspis" 1 80 180 NA NA 0.127777777777778
"Phataginus tricuspis" 1 81 176 NA NA 0.130681818181818
"Phataginus tricuspis" 1 82 170 NA NA 0.129411764705882
"Phataginus tricuspis" 1 83 166 NA NA 0.132530120481928
"Phataginus tricuspis" 1 84 166 NA NA 0.132530120481928
"Phataginus tricuspis" 1 85 166 NA NA 0.132530120481928
"Phataginus tricuspis" 1 86 165 NA NA 0.133333333333333
"Phataginus tricuspis" 1 87 163 NA NA 0.134969325153374
"Phataginus tricuspis" 1 88 158 NA NA 0.132911392405063
"Phataginus tricuspis" 1 89 153 NA NA 0.130718954248366
"Phataginus tricuspis" 1 90 151 NA NA 0.132450331125828
"Phataginus tricuspis" 1 91 150 NA NA 0.133333333333333
"Phataginus tricuspis" 1 92 146 NA NA 0.136986301369863
"Phataginus tricuspis" 1 93 142 NA NA 0.133802816901408
"Phataginus tricuspis" 1 94 142 NA NA 0.133802816901408
"Phataginus tricuspis" 1 95 127 NA NA 0.149606299212598
"Phataginus tricuspis" 1 96 105 NA NA 0.171428571428571
"Phataginus tricuspis" 1 97 89 NA NA 0.191011235955056
"Phataginus tricuspis" 1 98 75 NA NA 0.213333333333333
"Phataginus tricuspis" 1 99 75 NA NA 0.213333333333333
"Phataginus tricuspis" 1 100 75 NA NA 0.213333333333333
"Phataginus tricuspis" 1 101 75 NA NA 0.213333333333333
"Phataginus tricuspis" 1 102 75 NA NA 0.213333333333333
"Phataginus tricuspis" 1 103 75 NA NA 0.213333333333333
"Phataginus tricuspis" 1 104 75 NA NA 0.226666666666667
"Phataginus tricuspis" 1 105 73 NA NA 0.232876712328767
"Phataginus tricuspis" 1 106 61 NA NA 0.262295081967213
"Phataginus tricuspis" 1 107 56 NA NA 0.267857142857143
"Phataginus tricuspis" 1 108 49 NA NA 0.285714285714286
"Phataginus tricuspis" 1 109 48 NA NA 0.291666666666667
"Phataginus tricuspis" 1 110 47 NA NA 0.297872340425532
"Phataginus tricuspis" 1 111 45 NA NA 0.288888888888889
"Phataginus tricuspis" 1 112 45 NA NA 0.288888888888889
"Phataginus tricuspis" 1 113 45 NA NA 0.288888888888889
"Phataginus tricuspis" 1 114 45 NA NA 0.288888888888889
"Phataginus tricuspis" 1 115 44 NA NA 0.295454545454545
"Phataginus tricuspis" 1 116 44 NA NA 0.295454545454545
"Phataginus tricuspis" 1 117 43 NA NA 0.302325581395349
"Phataginus tricuspis" 1 118 43 NA NA 0.302325581395349
"Phataginus tricuspis" 1 119 43 NA NA 0.302325581395349
"Phataginus tricuspis" 1 120 43 NA NA 0.302325581395349
"Phataginus tricuspis" 1 121 43 NA NA 0.302325581395349
"Phataginus tricuspis" 1 122 43 NA NA 0.302325581395349
"Phataginus tricuspis" 1 123 43 NA NA 0.302325581395349
"Phataginus tricuspis" 1 124 43 NA NA 0.302325581395349
"Phataginus tricuspis" 1 125 43 NA NA 0.302325581395349
"Phataginus tricuspis" 1 126 43 NA NA 0.302325581395349
"Phataginus tricuspis" 1 127 43 NA NA 0.302325581395349
"Phataginus tricuspis" 1 128 42 NA NA 0.30952380952381
"Phataginus tricuspis" 1 129 42 NA NA 0.30952380952381
"Phataginus tricuspis" 1 130 41 NA NA 0.292682926829268
"Phataginus tricuspis" 1 131 41 NA NA 0.292682926829268
"Phataginus tricuspis" 1 132 41 NA NA 0.292682926829268
"Phataginus tricuspis" 1 133 41 NA NA 0.292682926829268
"Phataginus tricuspis" 1 134 41 NA NA 0.292682926829268
"Phataginus tricuspis" 1 135 41 NA NA 0.292682926829268
"Phataginus tricuspis" 1 136 41 NA NA 0.292682926829268
"Phataginus tricuspis" 1 137 41 NA NA 0.292682926829268
"Phataginus tricuspis" 1 138 41 NA NA 0.292682926829268
"Phataginus tricuspis" 1 139 40 NA NA 0.275
"Phataginus tricuspis" 1 140 40 NA NA 0.275
"Phataginus tricuspis" 1 141 40 NA NA 0.275
"Phataginus tricuspis" 1 142 40 NA NA 0.275
"Phataginus tricuspis" 1 143 40 NA NA 0.275
"Phataginus tricuspis" 1 144 40 NA NA 0.275
"Phataginus tricuspis" 1 145 40 NA NA 0.275
"Phataginus tricuspis" 1 146 40 NA NA 0.275
"Phataginus tricuspis" 1 147 40 NA NA 0.275
"Phataginus tricuspis" 1 148 40 NA NA 0.275
"Phataginus tricuspis" 1 149 40 NA NA 0.275
"Phataginus tricuspis" 1 150 40 NA NA 0.275
"Phataginus tricuspis" 1 151 40 NA NA 0.275
"Phataginus tricuspis" 1 152 40 NA NA 0.275
"Phataginus tricuspis" 1 153 40 NA NA 0.275
"Phataginus tricuspis" 1 154 39 NA NA 0.256410256410256
"Phataginus tricuspis" 1 155 39 NA NA 0.256410256410256
"Phataginus tricuspis" 1 156 39 NA NA 0.256410256410256
"Phataginus tricuspis" 1 157 39 NA NA 0.256410256410256
"Phataginus tricuspis" 1 158 39 NA NA 0.256410256410256
"Phataginus tricuspis" 1 159 39 NA NA 0.256410256410256
"Phataginus tricuspis" 1 160 39 NA NA 0.256410256410256
"Phataginus tricuspis" 1 161 39 NA NA 0.256410256410256
"Phataginus tricuspis" 1 162 39 NA NA 0.256410256410256
"Phataginus tricuspis" 1 163 39 NA NA 0.256410256410256
"Phataginus tricuspis" 1 164 39 NA NA 0.256410256410256
"Phataginus tricuspis" 1 165 39 NA NA 0.256410256410256
"Phataginus tricuspis" 1 166 39 NA NA 0.256410256410256
"Phataginus tricuspis" 1 167 39 NA NA 0.256410256410256
"Phataginus tricuspis" 1 168 39 NA NA 0.256410256410256
"Phataginus tricuspis" 1 169 39 NA NA 0.256410256410256
"Phataginus tricuspis" 1 170 39 NA NA 0.256410256410256
"Phataginus tricuspis" 1 171 39 NA NA 0.256410256410256
"Phataginus tricuspis" 1 172 39 NA NA 0.256410256410256
"Phataginus tricuspis" 1 173 38 NA NA 0.263157894736842
"Phataginus tricuspis" 1 174 38 NA NA 0.263157894736842
"Phataginus tricuspis" 1 175 37 NA NA 0.243243243243243
"Phataginus tricuspis" 1 176 37 NA NA 0.243243243243243
"Phataginus tricuspis" 1 177 37 NA NA 0.243243243243243
"Phataginus tricuspis" 1 178 37 NA NA 0.243243243243243
"Phataginus tricuspis" 1 179 37 NA NA 0.243243243243243
"Phataginus tricuspis" 1 180 37 NA NA 0.243243243243243
"Phataginus tricuspis" 1 181 37 NA NA 0.243243243243243
"Phataginus tricuspis" 1 182 37 NA NA 0.243243243243243
"Phataginus tricuspis" 1 183 37 NA NA 0.243243243243243
"Phataginus tricuspis" 1 184 36 NA NA 0.25
"Phataginus tricuspis" 1 185 35 NA NA 0.257142857142857
"Phataginus tricuspis" 1 186 35 NA NA 0.257142857142857
"Phataginus tricuspis" 1 187 34 NA NA 0.235294117647059
"Phataginus tricuspis" 1 188 34 NA NA 0.235294117647059
"Phataginus tricuspis" 1 189 34 NA NA 0.235294117647059
"Phataginus tricuspis" 1 190 34 NA NA 0.235294117647059
"Phataginus tricuspis" 1 191 33 NA NA 0.212121212121212
"Phataginus tricuspis" 1 192 33 NA NA 0.212121212121212
"Phataginus tricuspis" 1 193 33 NA NA 0.212121212121212
"Phataginus tricuspis" 1 194 33 NA NA 0.212121212121212
"Phataginus tricuspis" 1 195 33 NA NA 0.212121212121212
"Phataginus tricuspis" 1 196 33 NA NA 0.212121212121212
"Phataginus tricuspis" 1 197 33 NA NA 0.212121212121212
"Phataginus tricuspis" 1 198 33 NA NA 0.212121212121212
"Phataginus tricuspis" 1 199 33 NA NA 0.212121212121212
"Phataginus tricuspis" 1 200 33 NA NA 0.212121212121212
"Phataginus tricuspis" 2 4 452 1.30126080735078 0.193169197668674 0.0154867256637168
"Phataginus tricuspis" 2 6 449 NA NA 0.0178173719376392
"Phataginus tricuspis" 2 8 447 NA NA 0.0268456375838926
"Phataginus tricuspis" 2 10 445 NA NA 0.0314606741573034
"Phataginus tricuspis" 2 12 439 NA NA 0.0296127562642369
"Phataginus tricuspis" 2 14 436 NA NA 0.0344036697247706
"Phataginus tricuspis" 2 16 435 0.485738812884397 0.627152361284364 0.0459770114942529
"Phataginus tricuspis" 2 18 434 0.517195944738448 0.605019382603387 0.0506912442396313
"Phataginus tricuspis" 2 20 430 0.755705522307533 0.449825772379801 0.0581395348837209
"Phataginus tricuspis" 2 22 427 1.30964275553524 0.190316717359572 0.0702576112412178
"Phataginus tricuspis" 2 24 425 1.76336727617287 0.0778385652530743 0.0752941176470588
"Phataginus tricuspis" 2 26 422 1.43445033096456 0.1514437934773 0.0829383886255924
"Phataginus tricuspis" 2 28 422 1.08756559764107 0.276786924984144 0.0971563981042654
"Phataginus tricuspis" 2 30 420 1.05258472729422 0.292531359917603 0.0976190476190476
"Phataginus tricuspis" 2 32 419 1.23882714017585 0.215409520671943 0.105011933174224
"Phataginus tricuspis" 2 34 415 1.17912348888968 0.238349006676526 0.101204819277108
"Phataginus tricuspis" 2 36 412 0.944639657482549 0.344842873385594 0.106796116504854
"Phataginus tricuspis" 2 38 410 0.798100918065095 0.424811928738089 0.109756097560976
"Phataginus tricuspis" 2 40 408 0.549757572280564 0.582485662854263 0.112745098039216
"Phataginus tricuspis" 2 42 407 0.812011573606687 0.416784990515749 0.125307125307125
"Phataginus tricuspis" 2 44 403 0.83930947442533 0.401295667941083 0.13151364764268
"Phataginus tricuspis" 2 46 401 0.813133434637851 0.416141558861121 0.134663341645885
"Phataginus tricuspis" 2 48 397 0.624787896092334 0.532110275771391 0.138539042821159
"Phataginus tricuspis" 2 50 391 0.353852027012483 0.723449780760644 0.138107416879795
"Phataginus tricuspis" 2 52 386 0.836768740690715 0.402722571432201 0.142487046632124
"Phataginus tricuspis" 2 54 381 0.518346719658527 0.604216381676104 0.146981627296588
"Phataginus tricuspis" 2 56 373 0.324605330454432 0.745479792409569 0.14745308310992
"Phataginus tricuspis" 2 58 366 0.629102855091288 0.529281721431931 0.150273224043716
"Phataginus tricuspis" 2 60 361 0.71513405909008 0.474526210084258 0.157894736842105
"Phataginus tricuspis" 2 62 351 0.755397577611869 0.450010466265123 0.156695156695157
"Phataginus tricuspis" 2 64 341 0.746130436526983 0.455588624830425 0.158357771260997
"Phataginus tricuspis" 2 66 320 -0.83153185173818 0.405673242284572 0.14375
"Phataginus tricuspis" 2 68 296 -1.40398578075025 0.160323083821183 0.141891891891892
"Phataginus tricuspis" 2 70 272 -2.26443249207668 0.0235475274400638 0.143382352941176
"Phataginus tricuspis" 2 72 249 -2.22589631515918 0.0260211272512613 0.144578313253012
"Phataginus tricuspis" 2 74 225 NA NA 0.146666666666667
"Phataginus tricuspis" 2 76 216 NA NA 0.152777777777778
"Phataginus tricuspis" 2 78 209 NA NA 0.162679425837321
"Phataginus tricuspis" 2 80 180 NA NA 0.127777777777778
"Phataginus tricuspis" 2 82 170 NA NA 0.129411764705882
"Phataginus tricuspis" 2 84 166 NA NA 0.132530120481928
"Phataginus tricuspis" 2 86 165 NA NA 0.133333333333333
"Phataginus tricuspis" 2 88 158 NA NA 0.132911392405063
"Phataginus tricuspis" 2 90 151 NA NA 0.132450331125828
"Phataginus tricuspis" 2 92 146 NA NA 0.136986301369863
"Phataginus tricuspis" 2 94 142 NA NA 0.133802816901408
"Phataginus tricuspis" 2 96 105 NA NA 0.171428571428571
"Phataginus tricuspis" 2 98 75 NA NA 0.213333333333333
"Phataginus tricuspis" 2 100 75 NA NA 0.213333333333333
"Phataginus tricuspis" 2 102 75 NA NA 0.213333333333333
"Phataginus tricuspis" 2 104 75 NA NA 0.226666666666667
"Phataginus tricuspis" 2 106 61 NA NA 0.262295081967213
"Phataginus tricuspis" 2 108 49 NA NA 0.285714285714286
"Phataginus tricuspis" 2 110 47 NA NA 0.297872340425532
"Phataginus tricuspis" 2 112 45 NA NA 0.288888888888889
"Phataginus tricuspis" 2 114 45 NA NA 0.288888888888889
"Phataginus tricuspis" 2 116 44 NA NA 0.295454545454545
"Phataginus tricuspis" 2 118 43 NA NA 0.302325581395349
"Phataginus tricuspis" 2 120 43 NA NA 0.302325581395349
"Phataginus tricuspis" 2 122 43 NA NA 0.302325581395349
"Phataginus tricuspis" 2 124 43 NA NA 0.302325581395349
"Phataginus tricuspis" 2 126 43 NA NA 0.302325581395349
"Phataginus tricuspis" 2 128 42 NA NA 0.30952380952381
"Phataginus tricuspis" 2 130 41 NA NA 0.292682926829268
"Phataginus tricuspis" 2 132 41 NA NA 0.292682926829268
"Phataginus tricuspis" 2 134 41 NA NA 0.292682926829268
"Phataginus tricuspis" 2 136 41 NA NA 0.292682926829268
"Phataginus tricuspis" 2 138 41 NA NA 0.292682926829268
"Phataginus tricuspis" 2 140 40 NA NA 0.275
"Phataginus tricuspis" 2 142 40 NA NA 0.275
"Phataginus tricuspis" 2 144 40 NA NA 0.275
"Phataginus tricuspis" 2 146 40 NA NA 0.275
"Phataginus tricuspis" 2 148 40 NA NA 0.275
"Phataginus tricuspis" 2 150 40 NA NA 0.275
"Phataginus tricuspis" 2 152 40 NA NA 0.275
"Phataginus tricuspis" 2 154 39 NA NA 0.256410256410256
"Phataginus tricuspis" 2 156 39 NA NA 0.256410256410256
"Phataginus tricuspis" 2 158 39 NA NA 0.256410256410256
"Phataginus tricuspis" 2 160 39 NA NA 0.256410256410256
"Phataginus tricuspis" 2 162 39 NA NA 0.256410256410256
"Phataginus tricuspis" 2 164 39 NA NA 0.256410256410256
"Phataginus tricuspis" 2 166 39 NA NA 0.256410256410256
"Phataginus tricuspis" 2 168 39 NA NA 0.256410256410256
"Phataginus tricuspis" 2 170 39 NA NA 0.256410256410256
"Phataginus tricuspis" 2 172 39 NA NA 0.256410256410256
"Phataginus tricuspis" 2 174 38 NA NA 0.263157894736842
"Phataginus tricuspis" 2 176 37 NA NA 0.243243243243243
"Phataginus tricuspis" 2 178 37 NA NA 0.243243243243243
"Phataginus tricuspis" 2 180 37 NA NA 0.243243243243243
"Phataginus tricuspis" 2 182 37 NA NA 0.243243243243243
"Phataginus tricuspis" 2 184 36 NA NA 0.25
"Phataginus tricuspis" 2 186 35 NA NA 0.257142857142857
"Phataginus tricuspis" 2 188 34 NA NA 0.235294117647059
"Phataginus tricuspis" 2 190 34 NA NA 0.235294117647059
"Phataginus tricuspis" 2 192 33 NA NA 0.212121212121212
"Phataginus tricuspis" 2 194 33 NA NA 0.212121212121212
"Phataginus tricuspis" 2 196 33 NA NA 0.212121212121212
"Phataginus tricuspis" 2 198 33 NA NA 0.212121212121212
"Phataginus tricuspis" 2 200 33 NA NA 0.212121212121212
"Phataginus tricuspis" 3 6 449 NA NA 0.0178173719376392
"Phataginus tricuspis" 3 9 447 NA NA 0.0268456375838926
"Phataginus tricuspis" 3 12 439 NA NA 0.0296127562642369
"Phataginus tricuspis" 3 15 436 0.189330744497167 0.84983360044048 0.0389908256880734
"Phataginus tricuspis" 3 18 434 0.543107645665442 0.587055688772026 0.0506912442396313
"Phataginus tricuspis" 3 21 429 1.32775611268143 0.184258689687785 0.0652680652680653
"Phataginus tricuspis" 3 24 425 1.68683844202954 0.0916344213899387 0.0752941176470588
"Phataginus tricuspis" 3 27 422 0.609764619652052 0.542017741612303 0.0924170616113744
"Phataginus tricuspis" 3 30 420 0.963061386286304 0.335516718144068 0.0976190476190476
"Phataginus tricuspis" 3 33 415 1.04164073225171 0.297578276616298 0.101204819277108
"Phataginus tricuspis" 3 36 412 0.851617313220146 0.394426527147968 0.106796116504854
"Phataginus tricuspis" 3 39 409 0.590903860976547 0.554584838876839 0.112469437652812
"Phataginus tricuspis" 3 42 407 0.778759279797697 0.436121528868575 0.125307125307125
"Phataginus tricuspis" 3 45 402 0.64587513555387 0.518360223532228 0.134328358208955
"Phataginus tricuspis" 3 48 397 0.571273526913132 0.567814243879654 0.138539042821159
"Phataginus tricuspis" 3 51 388 0.504672382051219 0.61378896197963 0.141752577319588
"Phataginus tricuspis" 3 54 381 0.487651723507104 0.625796552239382 0.146981627296588
"Phataginus tricuspis" 3 57 370 0.608268495452761 0.54300941239607 0.148648648648649
"Phataginus tricuspis" 3 60 361 0.679588884020452 0.496764810096317 0.157894736842105
"Phataginus tricuspis" 3 63 349 0.95850471736769 0.337808313875314 0.160458452722063
"Phataginus tricuspis" 3 66 320 -0.848277054037246 0.396283693416531 0.14375
"Phataginus tricuspis" 3 69 283 -2.26839287593885 0.0233052715999993 0.137809187279152
"Phataginus tricuspis" 3 72 249 -2.23077221184839 0.0256962215197545 0.144578313253012
"Phataginus tricuspis" 3 75 218 NA NA 0.151376146788991
"Phataginus tricuspis" 3 78 209 NA NA 0.162679425837321
"Phataginus tricuspis" 3 81 176 NA NA 0.130681818181818
"Phataginus tricuspis" 3 84 166 NA NA 0.132530120481928
"Phataginus tricuspis" 3 87 163 NA NA 0.134969325153374
"Phataginus tricuspis" 3 90 151 NA NA 0.132450331125828
"Phataginus tricuspis" 3 93 142 NA NA 0.133802816901408
"Phataginus tricuspis" 3 96 105 NA NA 0.171428571428571
"Phataginus tricuspis" 3 99 75 NA NA 0.213333333333333
"Phataginus tricuspis" 3 102 75 NA NA 0.213333333333333
"Phataginus tricuspis" 3 105 73 NA NA 0.232876712328767
"Phataginus tricuspis" 3 108 49 NA NA 0.285714285714286
"Phataginus tricuspis" 3 111 45 NA NA 0.288888888888889
"Phataginus tricuspis" 3 114 45 NA NA 0.288888888888889
"Phataginus tricuspis" 3 117 43 NA NA 0.302325581395349
"Phataginus tricuspis" 3 120 43 NA NA 0.302325581395349
"Phataginus tricuspis" 3 123 43 NA NA 0.302325581395349
"Phataginus tricuspis" 3 126 43 NA NA 0.302325581395349
"Phataginus tricuspis" 3 129 42 NA NA 0.30952380952381
"Phataginus tricuspis" 3 132 41 NA NA 0.292682926829268
"Phataginus tricuspis" 3 135 41 NA NA 0.292682926829268
"Phataginus tricuspis" 3 138 41 NA NA 0.292682926829268
"Phataginus tricuspis" 3 141 40 NA NA 0.275
"Phataginus tricuspis" 3 144 40 NA NA 0.275
"Phataginus tricuspis" 3 147 40 NA NA 0.275
"Phataginus tricuspis" 3 150 40 NA NA 0.275
"Phataginus tricuspis" 3 153 40 NA NA 0.275
"Phataginus tricuspis" 3 156 39 NA NA 0.256410256410256
"Phataginus tricuspis" 3 159 39 NA NA 0.256410256410256
"Phataginus tricuspis" 3 162 39 NA NA 0.256410256410256
"Phataginus tricuspis" 3 165 39 NA NA 0.256410256410256
"Phataginus tricuspis" 3 168 39 NA NA 0.256410256410256
"Phataginus tricuspis" 3 171 39 NA NA 0.256410256410256
"Phataginus tricuspis" 3 174 38 NA NA 0.263157894736842
"Phataginus tricuspis" 3 177 37 NA NA 0.243243243243243
"Phataginus tricuspis" 3 180 37 NA NA 0.243243243243243
"Phataginus tricuspis" 3 183 37 NA NA 0.243243243243243
"Phataginus tricuspis" 3 186 35 NA NA 0.257142857142857
"Phataginus tricuspis" 3 189 34 NA NA 0.235294117647059
"Phataginus tricuspis" 3 192 33 NA NA 0.212121212121212
"Phataginus tricuspis" 3 195 33 NA NA 0.212121212121212
"Phataginus tricuspis" 3 198 33 NA NA 0.212121212121212
"Phataginus tricuspis" 4 8 447 0.781728914848494 0.434373904879894 0.0268456375838926
"Phataginus tricuspis" 4 12 439 0.0562316577441423 0.955157261820012 0.0296127562642369
"Phataginus tricuspis" 4 16 435 0.454271728903611 0.649633261591035 0.0459770114942529
"Phataginus tricuspis" 4 20 430 0.71796567659728 0.472778450493396 0.0581395348837209
"Phataginus tricuspis" 4 24 425 1.6286015317029 0.103397399812887 0.0752941176470588
"Phataginus tricuspis" 4 28 422 0.934696767003734 0.349944593508094 0.0971563981042654
"Phataginus tricuspis" 4 32 419 1.07001718416896 0.284611573847082 0.105011933174224
"Phataginus tricuspis" 4 36 412 0.783562397919608 0.43329692689509 0.106796116504854
"Phataginus tricuspis" 4 40 408 0.46344940519922 0.643042272595234 0.112745098039216
"Phataginus tricuspis" 4 44 403 0.699308728001051 0.484359113678902 0.13151364764268
"Phataginus tricuspis" 4 48 397 0.480762510224091 0.630685297919803 0.138539042821159
"Phataginus tricuspis" 4 52 386 0.722933306563015 0.469720859722211 0.142487046632124
"Phataginus tricuspis" 4 56 373 0.220227159181047 0.825694245847734 0.14745308310992
"Phataginus tricuspis" 4 60 361 0.602014633194672 0.547164396872762 0.157894736842105
"Phataginus tricuspis" 4 64 341 0.630579584947581 0.528315450776237 0.158357771260997
"Phataginus tricuspis" 4 68 296 -1.46303168980525 0.143458707845815 0.141891891891892
"Phataginus tricuspis" 4 72 249 -2.27429174748312 0.0229484510205969 0.144578313253012
"Phataginus tricuspis" 4 76 216 NA NA 0.152777777777778
"Phataginus tricuspis" 4 80 180 NA NA 0.127777777777778
"Phataginus tricuspis" 4 84 166 NA NA 0.132530120481928
"Phataginus tricuspis" 4 88 158 NA NA 0.132911392405063
"Phataginus tricuspis" 4 92 146 NA NA 0.136986301369863
"Phataginus tricuspis" 4 96 105 NA NA 0.171428571428571
"Phataginus tricuspis" 4 100 75 NA NA 0.213333333333333
"Phataginus tricuspis" 4 104 75 NA NA 0.226666666666667
"Phataginus tricuspis" 4 108 49 NA NA 0.285714285714286
"Phataginus tricuspis" 4 112 45 NA NA 0.288888888888889
"Phataginus tricuspis" 4 116 44 NA NA 0.295454545454545
"Phataginus tricuspis" 4 120 43 NA NA 0.302325581395349
"Phataginus tricuspis" 4 124 43 NA NA 0.302325581395349
"Phataginus tricuspis" 4 128 42 NA NA 0.30952380952381
"Phataginus tricuspis" 4 132 41 NA NA 0.292682926829268
"Phataginus tricuspis" 4 136 41 NA NA 0.292682926829268
"Phataginus tricuspis" 4 140 40 NA NA 0.275
"Phataginus tricuspis" 4 144 40 NA NA 0.275
"Phataginus tricuspis" 4 148 40 NA NA 0.275
"Phataginus tricuspis" 4 152 40 NA NA 0.275
"Phataginus tricuspis" 4 156 39 NA NA 0.256410256410256
"Phataginus tricuspis" 4 160 39 NA NA 0.256410256410256
"Phataginus tricuspis" 4 164 39 NA NA 0.256410256410256
"Phataginus tricuspis" 4 168 39 NA NA 0.256410256410256
"Phataginus tricuspis" 4 172 39 NA NA 0.256410256410256
"Phataginus tricuspis" 4 176 37 NA NA 0.243243243243243
"Phataginus tricuspis" 4 180 37 NA NA 0.243243243243243
"Phataginus tricuspis" 4 184 36 NA NA 0.25
"Phataginus tricuspis" 4 188 34 NA NA 0.235294117647059
"Phataginus tricuspis" 4 192 33 NA NA 0.212121212121212
"Phataginus tricuspis" 4 196 33 NA NA 0.212121212121212
"Phataginus tricuspis" 4 200 33 NA NA 0.212121212121212
"Phataginus tricuspis" 5 10 445 0.278777145362245 0.780415854757426 0.0314606741573034
"Phataginus tricuspis" 5 15 436 -0.0161501478663645 0.98711460650886 0.0389908256880734
"Phataginus tricuspis" 5 20 430 0.568300772479705 0.569830754581368 0.0581395348837209
"Phataginus tricuspis" 5 25 423 1.29597456383615 0.194984248335384 0.0756501182033097
"Phataginus tricuspis" 5 30 420 0.850107021113997 0.395265588447359 0.0976190476190476
"Phataginus tricuspis" 5 35 413 1.01970639552566 0.307867727600251 0.101694915254237
"Phataginus tricuspis" 5 40 408 0.4512816851437 0.651786543183809 0.112745098039216
"Phataginus tricuspis" 5 45 402 0.535154193986769 0.592543237791191 0.134328358208955
"Phataginus tricuspis" 5 50 391 0.224488479675668 0.822377230072831 0.138107416879795
"Phataginus tricuspis" 5 55 376 0.388696322213767 0.697500803302148 0.148936170212766
"Phataginus tricuspis" 5 60 361 0.579179018177803 0.562468386777777 0.157894736842105
"Phataginus tricuspis" 5 65 327 -0.359441148048763 0.71926509692799 0.146788990825688
"Phataginus tricuspis" 5 70 272 -2.31641065440242 0.0205358575746772 0.143382352941176
"Phataginus tricuspis" 5 75 218 NA NA 0.151376146788991
"Phataginus tricuspis" 5 80 180 NA NA 0.127777777777778
"Phataginus tricuspis" 5 85 166 NA NA 0.132530120481928
"Phataginus tricuspis" 5 90 151 NA NA 0.132450331125828
"Phataginus tricuspis" 5 95 127 NA NA 0.149606299212598
"Phataginus tricuspis" 5 100 75 NA NA 0.213333333333333
"Phataginus tricuspis" 5 105 73 NA NA 0.232876712328767
"Phataginus tricuspis" 5 110 47 NA NA 0.297872340425532
"Phataginus tricuspis" 5 115 44 NA NA 0.295454545454545
"Phataginus tricuspis" 5 120 43 NA NA 0.302325581395349
"Phataginus tricuspis" 5 125 43 NA NA 0.302325581395349
"Phataginus tricuspis" 5 130 41 NA NA 0.292682926829268
"Phataginus tricuspis" 5 135 41 NA NA 0.292682926829268
"Phataginus tricuspis" 5 140 40 NA NA 0.275
"Phataginus tricuspis" 5 145 40 NA NA 0.275
"Phataginus tricuspis" 5 150 40 NA NA 0.275
"Phataginus tricuspis" 5 155 39 NA NA 0.256410256410256
"Phataginus tricuspis" 5 160 39 NA NA 0.256410256410256
"Phataginus tricuspis" 5 165 39 NA NA 0.256410256410256
"Phataginus tricuspis" 5 170 39 NA NA 0.256410256410256
"Phataginus tricuspis" 5 175 37 NA NA 0.243243243243243
"Phataginus tricuspis" 5 180 37 NA NA 0.243243243243243
"Phataginus tricuspis" 5 185 35 NA NA 0.257142857142857
"Phataginus tricuspis" 5 190 34 NA NA 0.235294117647059
"Phataginus tricuspis" 5 195 33 NA NA 0.212121212121212
"Phataginus tricuspis" 5 200 33 NA NA 0.212121212121212
"Phataginus tricuspis" 6 12 439 -0.0291676471604574 0.97673088407559 0.0296127562642369
"Phataginus tricuspis" 6 18 434 0.39962005277021 0.689436384478316 0.0506912442396313
"Phataginus tricuspis" 6 24 425 1.52670215285767 0.126835091843091 0.0752941176470588
"Phataginus tricuspis" 6 30 420 0.80901583881612 0.418506035793147 0.0976190476190476
"Phataginus tricuspis" 6 36 412 0.68287106719794 0.49468831780687 0.106796116504854
"Phataginus tricuspis" 6 42 407 0.580257400815501 0.561741049970532 0.125307125307125
"Phataginus tricuspis" 6 48 397 0.347181134570883 0.728455242852643 0.138539042821159
"Phataginus tricuspis" 6 54 381 0.293018462883079 0.769508039433401 0.146981627296588
"Phataginus tricuspis" 6 60 361 0.482407639237416 0.629516395416364 0.157894736842105
"Phataginus tricuspis" 6 66 320 -0.967810777317278 0.333138880372737 0.14375
"Phataginus tricuspis" 6 72 249 -2.31412906956745 0.0206606432801351 0.144578313253012
"Phataginus tricuspis" 6 78 209 NA NA 0.162679425837321
"Phataginus tricuspis" 6 84 166 NA NA 0.132530120481928
"Phataginus tricuspis" 6 90 151 NA NA 0.132450331125828
"Phataginus tricuspis" 6 96 105 NA NA 0.171428571428571
"Phataginus tricuspis" 6 102 75 NA NA 0.213333333333333
"Phataginus tricuspis" 6 108 49 NA NA 0.285714285714286
"Phataginus tricuspis" 6 114 45 NA NA 0.288888888888889
"Phataginus tricuspis" 6 120 43 NA NA 0.302325581395349
"Phataginus tricuspis" 6 126 43 NA NA 0.302325581395349
"Phataginus tricuspis" 6 132 41 NA NA 0.292682926829268
"Phataginus tricuspis" 6 138 41 NA NA 0.292682926829268
"Phataginus tricuspis" 6 144 40 NA NA 0.275
"Phataginus tricuspis" 6 150 40 NA NA 0.275
"Phataginus tricuspis" 6 156 39 NA NA 0.256410256410256
"Phataginus tricuspis" 6 162 39 NA NA 0.256410256410256
"Phataginus tricuspis" 6 168 39 NA NA 0.256410256410256
"Phataginus tricuspis" 6 174 38 NA NA 0.263157894736842
"Phataginus tricuspis" 6 180 37 NA NA 0.243243243243243
"Phataginus tricuspis" 6 186 35 NA NA 0.257142857142857
"Phataginus tricuspis" 6 192 33 NA NA 0.212121212121212
"Phataginus tricuspis" 6 198 33 NA NA 0.212121212121212
"Phataginus tricuspis" 7 14 436 0.0202485377308497 0.983845108299695 0.0344036697247706
"Phataginus tricuspis" 7 21 429 1.13346583807785 0.257018679411181 0.0652680652680653
"Phataginus tricuspis" 7 28 422 0.795162722555356 0.426518852887976 0.0971563981042654
"Phataginus tricuspis" 7 35 413 0.890979264714658 0.372940294337693 0.101694915254237
"Phataginus tricuspis" 7 42 407 0.536258885691533 0.591779641345248 0.125307125307125
"Phataginus tricuspis" 7 49 395 0.217698704049648 0.827663873483039 0.139240506329114
"Phataginus tricuspis" 7 56 373 0.0637432841212228 0.949174639060728 0.14745308310992
"Phataginus tricuspis" 7 63 349 0.806465803240974 0.419974318140371 0.160458452722063
"Phataginus tricuspis" 7 70 272 -2.3747496315275 0.0175608572001029 0.143382352941176
"Phataginus tricuspis" 7 77 211 NA NA 0.161137440758294
"Phataginus tricuspis" 7 84 166 NA NA 0.132530120481928
"Phataginus tricuspis" 7 91 150 NA NA 0.133333333333333
"Phataginus tricuspis" 7 98 75 NA NA 0.213333333333333
"Phataginus tricuspis" 7 105 73 NA NA 0.232876712328767
"Phataginus tricuspis" 7 112 45 NA NA 0.288888888888889
"Phataginus tricuspis" 7 119 43 NA NA 0.302325581395349
"Phataginus tricuspis" 7 126 43 NA NA 0.302325581395349
"Phataginus tricuspis" 7 133 41 NA NA 0.292682926829268
"Phataginus tricuspis" 7 140 40 NA NA 0.275
"Phataginus tricuspis" 7 147 40 NA NA 0.275
"Phataginus tricuspis" 7 154 39 NA NA 0.256410256410256
"Phataginus tricuspis" 7 161 39 NA NA 0.256410256410256
"Phataginus tricuspis" 7 168 39 NA NA 0.256410256410256
"Phataginus tricuspis" 7 175 37 NA NA 0.243243243243243
"Phataginus tricuspis" 7 182 37 NA NA 0.243243243243243
"Phataginus tricuspis" 7 189 34 NA NA 0.235294117647059
"Phataginus tricuspis" 7 196 33 NA NA 0.212121212121212
"Phataginus tricuspis" 8 16 435 0.289624333044858 0.772103649419131 0.0459770114942529
"Phataginus tricuspis" 8 24 425 1.45715924174086 0.145072428507512 0.0752941176470588
"Phataginus tricuspis" 8 32 419 0.896011220561705 0.37024677052147 0.105011933174224
"Phataginus tricuspis" 8 40 408 0.285504519925261 0.775257642049549 0.112745098039216
"Phataginus tricuspis" 8 48 397 0.254777757076496 0.798894755752164 0.138539042821159
"Phataginus tricuspis" 8 56 373 0.0202795201007248 0.983820393020065 0.14745308310992
"Phataginus tricuspis" 8 64 341 0.494314443270662 0.621084126362562 0.158357771260997
"Phataginus tricuspis" 8 72 249 -2.32685933321516 0.0199727532486401 0.144578313253012
"Phataginus tricuspis" 8 80 180 NA NA 0.127777777777778
"Phataginus tricuspis" 8 88 158 NA NA 0.132911392405063
"Phataginus tricuspis" 8 96 105 NA NA 0.171428571428571
"Phataginus tricuspis" 8 104 75 NA NA 0.226666666666667
"Phataginus tricuspis" 8 112 45 NA NA 0.288888888888889
"Phataginus tricuspis" 8 120 43 NA NA 0.302325581395349
"Phataginus tricuspis" 8 128 42 NA NA 0.30952380952381
"Phataginus tricuspis" 8 136 41 NA NA 0.292682926829268
"Phataginus tricuspis" 8 144 40 NA NA 0.275
"Phataginus tricuspis" 8 152 40 NA NA 0.275
"Phataginus tricuspis" 8 160 39 NA NA 0.256410256410256
"Phataginus tricuspis" 8 168 39 NA NA 0.256410256410256
"Phataginus tricuspis" 8 176 37 NA NA 0.243243243243243
"Phataginus tricuspis" 8 184 36 NA NA 0.25
"Phataginus tricuspis" 8 192 33 NA NA 0.212121212121212
"Phataginus tricuspis" 8 200 33 NA NA 0.212121212121212
"Phataginus tricuspis" 9 18 434 0.310551775929485 0.75614139276095 0.0506912442396313
"Phataginus tricuspis" 9 27 422 0.294639466532536 0.768269309867006 0.0924170616113744
"Phataginus tricuspis" 9 36 412 0.520887405757105 0.60244520933456 0.106796116504854
"Phataginus tricuspis" 9 45 402 0.225165526791068 0.821850506488301 0.134328358208955
"Phataginus tricuspis" 9 54 381 0.11363399785619 0.90952793550832 0.146981627296588
"Phataginus tricuspis" 9 63 349 0.680548953863075 0.496156935992762 0.160458452722063
"Phataginus tricuspis" 9 72 249 -2.4042413123506 0.0162060715843534 0.144578313253012
"Phataginus tricuspis" 9 81 176 NA NA 0.130681818181818
"Phataginus tricuspis" 9 90 151 NA NA 0.132450331125828
"Phataginus tricuspis" 9 99 75 NA NA 0.213333333333333
"Phataginus tricuspis" 9 108 49 NA NA 0.285714285714286
"Phataginus tricuspis" 9 117 43 NA NA 0.302325581395349
"Phataginus tricuspis" 9 126 43 NA NA 0.302325581395349
"Phataginus tricuspis" 9 135 41 NA NA 0.292682926829268
"Phataginus tricuspis" 9 144 40 NA NA 0.275
"Phataginus tricuspis" 9 153 40 NA NA 0.275
"Phataginus tricuspis" 9 162 39 NA NA 0.256410256410256
"Phataginus tricuspis" 9 171 39 NA NA 0.256410256410256
"Phataginus tricuspis" 9 180 37 NA NA 0.243243243243243
"Phataginus tricuspis" 9 189 34 NA NA 0.235294117647059
"Phataginus tricuspis" 9 198 33 NA NA 0.212121212121212
"Phataginus tricuspis" 10 20 430 0.394266988128736 0.693383933120643 0.0581395348837209
"Phataginus tricuspis" 10 30 420 0.633562675377222 0.52636626587079 0.0976190476190476
"Phataginus tricuspis" 10 40 408 0.18901558304103 0.850080603436724 0.112745098039216
"Phataginus tricuspis" 10 50 391 -0.0668005203319062 0.946740509171466 0.138107416879795
"Phataginus tricuspis" 10 60 361 0.293935923793665 0.768806866775807 0.157894736842105
"Phataginus tricuspis" 10 70 272 -2.45619116241633 0.0140418439926732 0.143382352941176
"Phataginus tricuspis" 10 80 180 NA NA 0.127777777777778
"Phataginus tricuspis" 10 90 151 NA NA 0.132450331125828
"Phataginus tricuspis" 10 100 75 NA NA 0.213333333333333
"Phataginus tricuspis" 10 110 47 NA NA 0.297872340425532
"Phataginus tricuspis" 10 120 43 NA NA 0.302325581395349
"Phataginus tricuspis" 10 130 41 NA NA 0.292682926829268
"Phataginus tricuspis" 10 140 40 NA NA 0.275
"Phataginus tricuspis" 10 150 40 NA NA 0.275
"Phataginus tricuspis" 10 160 39 NA NA 0.256410256410256
"Phataginus tricuspis" 10 170 39 NA NA 0.256410256410256
"Phataginus tricuspis" 10 180 37 NA NA 0.243243243243243
"Phataginus tricuspis" 10 190 34 NA NA 0.235294117647059
"Phataginus tricuspis" 10 200 33 NA NA 0.212121212121212
"Phataginus tricuspis" 11 22 427 0.883783542662662 0.376813072035567 0.0702576112412178
"Phataginus tricuspis" 11 33 415 0.683120163655904 0.49453091512987 0.101204819277108
"Phataginus tricuspis" 11 44 403 0.316329336695951 0.751752546056518 0.13151364764268
"Phataginus tricuspis" 11 55 376 0.0491778851162459 0.960777535058748 0.148936170212766
"Phataginus tricuspis" 11 66 320 -1.0311553934904 0.302467954786677 0.14375
"Phataginus tricuspis" 11 77 211 NA NA 0.161137440758294
"Phataginus tricuspis" 11 88 158 NA NA 0.132911392405063
"Phataginus tricuspis" 11 99 75 NA NA 0.213333333333333
"Phataginus tricuspis" 11 110 47 NA NA 0.297872340425532
"Phataginus tricuspis" 11 121 43 NA NA 0.302325581395349
"Phataginus tricuspis" 11 132 41 NA NA 0.292682926829268
"Phataginus tricuspis" 11 143 40 NA NA 0.275
"Phataginus tricuspis" 11 154 39 NA NA 0.256410256410256
"Phataginus tricuspis" 11 165 39 NA NA 0.256410256410256
"Phataginus tricuspis" 11 176 37 NA NA 0.243243243243243
"Phataginus tricuspis" 11 187 34 NA NA 0.235294117647059
"Phataginus tricuspis" 11 198 33 NA NA 0.212121212121212
"Phataginus tricuspis" 12 24 425 1.33052477161329 0.183345430179999 0.0752941176470588
"Phataginus tricuspis" 12 36 412 0.44495917566442 0.656349256878564 0.106796116504854
"Phataginus tricuspis" 12 48 397 0.0485753959340409 0.96125767801238 0.138539042821159
"Phataginus tricuspis" 12 60 361 0.218325529195842 0.827175484776634 0.157894736842105
"Phataginus tricuspis" 12 72 249 -2.46788715099611 0.0135913159610461 0.144578313253012
"Phataginus tricuspis" 12 84 166 NA NA 0.132530120481928
"Phataginus tricuspis" 12 96 105 NA NA 0.171428571428571
"Phataginus tricuspis" 12 108 49 NA NA 0.285714285714286
"Phataginus tricuspis" 12 120 43 NA NA 0.302325581395349
"Phataginus tricuspis" 12 132 41 NA NA 0.292682926829268
"Phataginus tricuspis" 12 144 40 NA NA 0.275
"Phataginus tricuspis" 12 156 39 NA NA 0.256410256410256
"Phataginus tricuspis" 12 168 39 NA NA 0.256410256410256
"Phataginus tricuspis" 12 180 37 NA NA 0.243243243243243
"Phataginus tricuspis" 12 192 33 NA NA 0.212121212121212
"Phataginus tricuspis" 13 26 422 0.800791314374474 0.423252468123156 0.0829383886255924
"Phataginus tricuspis" 13 39 409 0.121337345687899 0.90342384094985 0.112469437652812
"Phataginus tricuspis" 13 52 386 0.293389798319403 0.769224222307986 0.142487046632124
"Phataginus tricuspis" 13 65 327 -0.546038350256107 0.585039575794041 0.146788990825688
"Phataginus tricuspis" 13 78 209 NA NA 0.162679425837321
"Phataginus tricuspis" 13 91 150 NA NA 0.133333333333333
"Phataginus tricuspis" 13 104 75 NA NA 0.226666666666667
"Phataginus tricuspis" 13 117 43 NA NA 0.302325581395349
"Phataginus tricuspis" 13 130 41 NA NA 0.292682926829268
"Phataginus tricuspis" 13 143 40 NA NA 0.275
"Phataginus tricuspis" 13 156 39 NA NA 0.256410256410256
"Phataginus tricuspis" 13 169 39 NA NA 0.256410256410256
"Phataginus tricuspis" 13 182 37 NA NA 0.243243243243243
"Phataginus tricuspis" 13 195 33 NA NA 0.212121212121212
"Phataginus tricuspis" 14 28 422 0.504372999241362 0.613999288278069 0.0971563981042654
"Phataginus tricuspis" 14 42 407 0.201798312004893 0.840074401227949 0.125307125307125
"Phataginus tricuspis" 14 56 373 -0.224353838671781 0.822481986532484 0.14745308310992
"Phataginus tricuspis" 14 70 272 -2.48070733859353 0.0131121980825071 0.143382352941176
"Phataginus tricuspis" 14 84 166 NA NA 0.132530120481928
"Phataginus tricuspis" 14 98 75 NA NA 0.213333333333333
"Phataginus tricuspis" 14 112 45 NA NA 0.288888888888889
"Phataginus tricuspis" 14 126 43 NA NA 0.302325581395349
"Phataginus tricuspis" 14 140 40 NA NA 0.275
"Phataginus tricuspis" 14 154 39 NA NA 0.256410256410256
"Phataginus tricuspis" 14 168 39 NA NA 0.256410256410256
"Phataginus tricuspis" 14 182 37 NA NA 0.243243243243243
"Phataginus tricuspis" 14 196 33 NA NA 0.212121212121212
"Phataginus tricuspis" 15 30 420 0.498384245536668 0.618213238888507 0.0976190476190476
"Phataginus tricuspis" 15 45 402 0.0576223110923391 0.954049477516289 0.134328358208955
"Phataginus tricuspis" 15 60 361 0.148951042248079 0.881592264522975 0.157894736842105
"Phataginus tricuspis" 15 75 218 NA NA 0.151376146788991
"Phataginus tricuspis" 15 90 151 NA NA 0.132450331125828
"Phataginus tricuspis" 15 105 73 NA NA 0.232876712328767
"Phataginus tricuspis" 15 120 43 NA NA 0.302325581395349
"Phataginus tricuspis" 15 135 41 NA NA 0.292682926829268
"Phataginus tricuspis" 15 150 40 NA NA 0.275
"Phataginus tricuspis" 15 165 39 NA NA 0.256410256410256
"Phataginus tricuspis" 15 180 37 NA NA 0.243243243243243
"Phataginus tricuspis" 15 195 33 NA NA 0.212121212121212
"Phataginus tricuspis" 16 32 419 0.639686472910091 0.522376451485304 0.105011933174224
"Phataginus tricuspis" 16 48 397 -0.041894966513038 0.966582429017549 0.138539042821159
"Phataginus tricuspis" 16 64 341 0.304733002584704 0.760569511917674 0.158357771260997
"Phataginus tricuspis" 16 80 180 NA NA 0.127777777777778
"Phataginus tricuspis" 16 96 105 NA NA 0.171428571428571
"Phataginus tricuspis" 16 112 45 NA NA 0.288888888888889
"Phataginus tricuspis" 16 128 42 NA NA 0.30952380952381
"Phataginus tricuspis" 16 144 40 NA NA 0.275
"Phataginus tricuspis" 16 160 39 NA NA 0.256410256410256
"Phataginus tricuspis" 16 176 37 NA NA 0.243243243243243
"Phataginus tricuspis" 16 192 33 NA NA 0.212121212121212
"Phataginus tricuspis" 17 34 415 0.619812391957187 0.535381309238185 0.101204819277108
"Phataginus tricuspis" 17 51 388 -0.0744920636347018 0.940618855925129 0.141752577319588
"Phataginus tricuspis" 17 68 296 -1.56413712202476 0.117785369765725 0.141891891891892
"Phataginus tricuspis" 17 85 166 NA NA 0.132530120481928
"Phataginus tricuspis" 17 102 75 NA NA 0.213333333333333
"Phataginus tricuspis" 17 119 43 NA NA 0.302325581395349
"Phataginus tricuspis" 17 136 41 NA NA 0.292682926829268
"Phataginus tricuspis" 17 153 40 NA NA 0.275
"Phataginus tricuspis" 17 170 39 NA NA 0.256410256410256
"Phataginus tricuspis" 17 187 34 NA NA 0.235294117647059
"Phataginus tricuspis" 18 36 412 0.343408292604932 0.731291321839962 0.106796116504854
"Phataginus tricuspis" 18 54 381 -0.0602428754712689 0.951962198016513 0.146981627296588
"Phataginus tricuspis" 18 72 249 -2.37332348033931 0.01762881717135 0.144578313253012
"Phataginus tricuspis" 18 90 151 NA NA 0.132450331125828
"Phataginus tricuspis" 18 108 49 NA NA 0.285714285714286
"Phataginus tricuspis" 18 126 43 NA NA 0.302325581395349
"Phataginus tricuspis" 18 144 40 NA NA 0.275
"Phataginus tricuspis" 18 162 39 NA NA 0.256410256410256
"Phataginus tricuspis" 18 180 37 NA NA 0.243243243243243
"Phataginus tricuspis" 18 198 33 NA NA 0.212121212121212
"Phataginus tricuspis" 19 38 410 0.217367978885944 0.827921583754486 0.109756097560976
"Phataginus tricuspis" 19 57 370 0.0894849793059882 0.928696490468056 0.148648648648649
"Phataginus tricuspis" 19 76 216 NA NA 0.152777777777778
"Phataginus tricuspis" 19 95 127 NA NA 0.149606299212598
"Phataginus tricuspis" 19 114 45 NA NA 0.288888888888889
"Phataginus tricuspis" 19 133 41 NA NA 0.292682926829268
"Phataginus tricuspis" 19 152 40 NA NA 0.275
"Phataginus tricuspis" 19 171 39 NA NA 0.256410256410256
"Phataginus tricuspis" 19 190 34 NA NA 0.235294117647059
"Phataginus tricuspis" 20 40 408 0.108652810861459 0.913477871653909 0.112745098039216
"Phataginus tricuspis" 20 60 361 0.155852576368662 0.876149226983375 0.157894736842105
"Phataginus tricuspis" 20 80 180 NA NA 0.127777777777778
"Phataginus tricuspis" 20 100 75 NA NA 0.213333333333333
"Phataginus tricuspis" 20 120 43 NA NA 0.302325581395349
"Phataginus tricuspis" 20 140 40 NA NA 0.275
"Phataginus tricuspis" 20 160 39 NA NA 0.256410256410256
"Phataginus tricuspis" 20 180 37 NA NA 0.243243243243243
"Phataginus tricuspis" 20 200 33 NA NA 0.212121212121212
"Phataginus tricuspis" 21 42 407 0.341410894787073 0.732794274446984 0.125307125307125
"Phataginus tricuspis" 21 63 349 0.71534115934285 0.474398261408025 0.160458452722063
"Phataginus tricuspis" 21 84 166 NA NA 0.132530120481928
"Phataginus tricuspis" 21 105 73 NA NA 0.232876712328767
"Phataginus tricuspis" 21 126 43 NA NA 0.302325581395349
"Phataginus tricuspis" 21 147 40 NA NA 0.275
"Phataginus tricuspis" 21 168 39 NA NA 0.256410256410256
"Phataginus tricuspis" 21 189 34 NA NA 0.235294117647059
"Phataginus tricuspis" 22 44 403 0.352784905705666 0.72424970063928 0.13151364764268
"Phataginus tricuspis" 22 66 320 -0.938401791995194 0.348037965378691 0.14375
"Phataginus tricuspis" 22 88 158 NA NA 0.132911392405063
"Phataginus tricuspis" 22 110 47 NA NA 0.297872340425532
"Phataginus tricuspis" 22 132 41 NA NA 0.292682926829268
"Phataginus tricuspis" 22 154 39 NA NA 0.256410256410256
"Phataginus tricuspis" 22 176 37 NA NA 0.243243243243243
"Phataginus tricuspis" 22 198 33 NA NA 0.212121212121212
"Phataginus tricuspis" 23 46 401 0.24708434708239 0.804842947452761 0.134663341645885
"Phataginus tricuspis" 23 69 283 -2.36841917228246 0.0178642833171554 0.137809187279152
"Phataginus tricuspis" 23 92 146 NA NA 0.136986301369863
"Phataginus tricuspis" 23 115 44 NA NA 0.295454545454545
"Phataginus tricuspis" 23 138 41 NA NA 0.292682926829268
"Phataginus tricuspis" 23 161 39 NA NA 0.256410256410256
"Phataginus tricuspis" 23 184 36 NA NA 0.25
"Phataginus tricuspis" 24 48 397 0.0585636812041406 0.953299639209569 0.138539042821159
"Phataginus tricuspis" 24 72 249 -2.34949651407284 0.0187988201352107 0.144578313253012
"Phataginus tricuspis" 24 96 105 NA NA 0.171428571428571
"Phataginus tricuspis" 24 120 43 NA NA 0.302325581395349
"Phataginus tricuspis" 24 144 40 NA NA 0.275
"Phataginus tricuspis" 24 168 39 NA NA 0.256410256410256
"Phataginus tricuspis" 24 192 33 NA NA 0.212121212121212
"Phataginus tricuspis" 25 50 391 -0.29799937563406 0.765703640159423 0.138107416879795
"Phataginus tricuspis" 25 75 218 NA NA 0.151376146788991
"Phataginus tricuspis" 25 100 75 NA NA 0.213333333333333
"Phataginus tricuspis" 25 125 43 NA NA 0.302325581395349
"Phataginus tricuspis" 25 150 40 NA NA 0.275
"Phataginus tricuspis" 25 175 37 NA NA 0.243243243243243
"Phataginus tricuspis" 25 200 33 NA NA 0.212121212121212
"Phataginus tricuspis" 26 52 386 0.178694315995733 0.858177732528234 0.142487046632124
"Phataginus tricuspis" 26 78 209 NA NA 0.162679425837321
"Phataginus tricuspis" 26 104 75 NA NA 0.226666666666667
"Phataginus tricuspis" 26 130 41 NA NA 0.292682926829268
"Phataginus tricuspis" 26 156 39 NA NA 0.256410256410256
"Phataginus tricuspis" 26 182 37 NA NA 0.243243243243243
"Phataginus tricuspis" 27 54 381 -0.103448311884798 0.917607170451925 0.146981627296588
"Phataginus tricuspis" 27 81 176 NA NA 0.130681818181818
"Phataginus tricuspis" 27 108 49 NA NA 0.285714285714286
"Phataginus tricuspis" 27 135 41 NA NA 0.292682926829268
"Phataginus tricuspis" 27 162 39 NA NA 0.256410256410256
"Phataginus tricuspis" 27 189 34 NA NA 0.235294117647059
"Phataginus tricuspis" 28 56 373 -0.294954428338076 0.768028692639633 0.14745308310992
"Phataginus tricuspis" 28 84 166 NA NA 0.132530120481928
"Phataginus tricuspis" 28 112 45 NA NA 0.288888888888889
"Phataginus tricuspis" 28 140 40 NA NA 0.275
"Phataginus tricuspis" 28 168 39 NA NA 0.256410256410256
"Phataginus tricuspis" 28 196 33 NA NA 0.212121212121212
"Phataginus tricuspis" 29 58 366 -0.0400677153902781 0.968039140509028 0.150273224043716
"Phataginus tricuspis" 29 87 163 NA NA 0.134969325153374
"Phataginus tricuspis" 29 116 44 NA NA 0.295454545454545
"Phataginus tricuspis" 29 145 40 NA NA 0.275
"Phataginus tricuspis" 29 174 38 NA NA 0.263157894736842
"Phataginus tricuspis" 30 60 361 0.00861861327873344 0.993123426662018 0.157894736842105
"Phataginus tricuspis" 30 90 151 NA NA 0.132450331125828
"Phataginus tricuspis" 30 120 43 NA NA 0.302325581395349
"Phataginus tricuspis" 30 150 40 NA NA 0.275
"Phataginus tricuspis" 30 180 37 NA NA 0.243243243243243
"Phataginus tricuspis" 31 62 351 0.233072864741906 0.815704825487411 0.156695156695157
"Phataginus tricuspis" 31 93 142 NA NA 0.133802816901408
"Phataginus tricuspis" 31 124 43 NA NA 0.302325581395349
"Phataginus tricuspis" 31 155 39 NA NA 0.256410256410256
"Phataginus tricuspis" 31 186 35 NA NA 0.257142857142857
"Phataginus tricuspis" 32 64 341 0.153366231251611 0.878109473364013 0.158357771260997
"Phataginus tricuspis" 32 96 105 NA NA 0.171428571428571
"Phataginus tricuspis" 32 128 42 NA NA 0.30952380952381
"Phataginus tricuspis" 32 160 39 NA NA 0.256410256410256
"Phataginus tricuspis" 32 192 33 NA NA 0.212121212121212
"Phataginus tricuspis" 33 66 320 -1.02819871073482 0.303856364779966 0.14375
"Phataginus tricuspis" 33 99 75 NA NA 0.213333333333333
"Phataginus tricuspis" 33 132 41 NA NA 0.292682926829268
"Phataginus tricuspis" 33 165 39 NA NA 0.256410256410256
"Phataginus tricuspis" 33 198 33 NA NA 0.212121212121212
"Phataginus tricuspis" 34 68 296 -1.55326480041329 0.120359885888685 0.141891891891892
"Phataginus tricuspis" 34 102 75 NA NA 0.213333333333333
"Phataginus tricuspis" 34 136 41 NA NA 0.292682926829268
"Phataginus tricuspis" 34 170 39 NA NA 0.256410256410256
"Phataginus tricuspis" 35 70 272 -2.38543988749903 0.0170587100138424 0.143382352941176
"Phataginus tricuspis" 35 105 73 NA NA 0.232876712328767
"Phataginus tricuspis" 35 140 40 NA NA 0.275
"Phataginus tricuspis" 35 175 37 NA NA 0.243243243243243
"Phataginus tricuspis" 36 72 249 -2.3508564041482 0.0187302605345272 0.144578313253012
"Phataginus tricuspis" 36 108 49 NA NA 0.285714285714286
"Phataginus tricuspis" 36 144 40 NA NA 0.275
"Phataginus tricuspis" 36 180 37 NA NA 0.243243243243243
"Phataginus tricuspis" 37 74 225 NA NA 0.146666666666667
"Phataginus tricuspis" 37 111 45 NA NA 0.288888888888889
"Phataginus tricuspis" 37 148 40 NA NA 0.275
"Phataginus tricuspis" 37 185 35 NA NA 0.257142857142857
"Phataginus tricuspis" 38 76 216 NA NA 0.152777777777778
"Phataginus tricuspis" 38 114 45 NA NA 0.288888888888889
"Phataginus tricuspis" 38 152 40 NA NA 0.275
"Phataginus tricuspis" 38 190 34 NA NA 0.235294117647059
"Phataginus tricuspis" 39 78 209 NA NA 0.162679425837321
"Phataginus tricuspis" 39 117 43 NA NA 0.302325581395349
"Phataginus tricuspis" 39 156 39 NA NA 0.256410256410256
"Phataginus tricuspis" 39 195 33 NA NA 0.212121212121212
"Phataginus tricuspis" 40 80 180 NA NA 0.127777777777778
"Phataginus tricuspis" 40 120 43 NA NA 0.302325581395349
"Phataginus tricuspis" 40 160 39 NA NA 0.256410256410256
"Phataginus tricuspis" 40 200 33 NA NA 0.212121212121212
"Phataginus tricuspis" 41 82 170 NA NA 0.129411764705882
"Phataginus tricuspis" 41 123 43 NA NA 0.302325581395349
"Phataginus tricuspis" 41 164 39 NA NA 0.256410256410256
"Phataginus tricuspis" 42 84 166 NA NA 0.132530120481928
"Phataginus tricuspis" 42 126 43 NA NA 0.302325581395349
"Phataginus tricuspis" 42 168 39 NA NA 0.256410256410256
"Phataginus tricuspis" 43 86 165 NA NA 0.133333333333333
"Phataginus tricuspis" 43 129 42 NA NA 0.30952380952381
"Phataginus tricuspis" 43 172 39 NA NA 0.256410256410256
"Phataginus tricuspis" 44 88 158 NA NA 0.132911392405063
"Phataginus tricuspis" 44 132 41 NA NA 0.292682926829268
"Phataginus tricuspis" 44 176 37 NA NA 0.243243243243243
"Phataginus tricuspis" 45 90 151 NA NA 0.132450331125828
"Phataginus tricuspis" 45 135 41 NA NA 0.292682926829268
"Phataginus tricuspis" 45 180 37 NA NA 0.243243243243243
"Phataginus tricuspis" 46 92 146 NA NA 0.136986301369863
"Phataginus tricuspis" 46 138 41 NA NA 0.292682926829268
"Phataginus tricuspis" 46 184 36 NA NA 0.25
"Phataginus tricuspis" 47 94 142 NA NA 0.133802816901408
"Phataginus tricuspis" 47 141 40 NA NA 0.275
"Phataginus tricuspis" 47 188 34 NA NA 0.235294117647059
"Phataginus tricuspis" 48 96 105 NA NA 0.171428571428571
"Phataginus tricuspis" 48 144 40 NA NA 0.275
"Phataginus tricuspis" 48 192 33 NA NA 0.212121212121212
"Phataginus tricuspis" 49 98 75 NA NA 0.213333333333333
"Phataginus tricuspis" 49 147 40 NA NA 0.275
"Phataginus tricuspis" 49 196 33 NA NA 0.212121212121212
"Phataginus tricuspis" 50 100 75 NA NA 0.213333333333333
"Phataginus tricuspis" 50 150 40 NA NA 0.275
"Phataginus tricuspis" 50 200 33 NA NA 0.212121212121212
"Phataginus tricuspis" 51 102 75 NA NA 0.213333333333333
"Phataginus tricuspis" 51 153 40 NA NA 0.275
"Phataginus tricuspis" 52 104 75 NA NA 0.226666666666667
"Phataginus tricuspis" 52 156 39 NA NA 0.256410256410256
"Phataginus tricuspis" 53 106 61 NA NA 0.262295081967213
"Phataginus tricuspis" 53 159 39 NA NA 0.256410256410256
"Phataginus tricuspis" 54 108 49 NA NA 0.285714285714286
"Phataginus tricuspis" 54 162 39 NA NA 0.256410256410256
"Phataginus tricuspis" 55 110 47 NA NA 0.297872340425532
"Phataginus tricuspis" 55 165 39 NA NA 0.256410256410256
"Phataginus tricuspis" 56 112 45 NA NA 0.288888888888889
"Phataginus tricuspis" 56 168 39 NA NA 0.256410256410256
"Phataginus tricuspis" 57 114 45 NA NA 0.288888888888889
"Phataginus tricuspis" 57 171 39 NA NA 0.256410256410256
"Phataginus tricuspis" 58 116 44 NA NA 0.295454545454545
"Phataginus tricuspis" 58 174 38 NA NA 0.263157894736842
"Phataginus tricuspis" 59 118 43 NA NA 0.302325581395349
"Phataginus tricuspis" 59 177 37 NA NA 0.243243243243243
"Phataginus tricuspis" 60 120 43 NA NA 0.302325581395349
"Phataginus tricuspis" 60 180 37 NA NA 0.243243243243243
"Phataginus tricuspis" 61 122 43 NA NA 0.302325581395349
"Phataginus tricuspis" 61 183 37 NA NA 0.243243243243243
"Phataginus tricuspis" 62 124 43 NA NA 0.302325581395349
"Phataginus tricuspis" 62 186 35 NA NA 0.257142857142857
"Phataginus tricuspis" 63 126 43 NA NA 0.302325581395349
"Phataginus tricuspis" 63 189 34 NA NA 0.235294117647059
"Phataginus tricuspis" 64 128 42 NA NA 0.30952380952381
"Phataginus tricuspis" 64 192 33 NA NA 0.212121212121212
"Phataginus tricuspis" 65 130 41 NA NA 0.292682926829268
"Phataginus tricuspis" 65 195 33 NA NA 0.212121212121212
"Phataginus tricuspis" 66 132 41 NA NA 0.292682926829268
"Phataginus tricuspis" 66 198 33 NA NA 0.212121212121212
"Phataginus tricuspis" 67 134 41 NA NA 0.292682926829268
"Phataginus tricuspis" 68 136 41 NA NA 0.292682926829268
"Phataginus tricuspis" 69 138 41 NA NA 0.292682926829268
"Phataginus tricuspis" 70 140 40 NA NA 0.275
"Phataginus tricuspis" 71 142 40 NA NA 0.275
"Phataginus tricuspis" 72 144 40 NA NA 0.275
"Phataginus tricuspis" 73 146 40 NA NA 0.275
"Phataginus tricuspis" 74 148 40 NA NA 0.275
"Phataginus tricuspis" 75 150 40 NA NA 0.275
"Phataginus tricuspis" 76 152 40 NA NA 0.275
"Phataginus tricuspis" 77 154 39 NA NA 0.256410256410256
"Phataginus tricuspis" 78 156 39 NA NA 0.256410256410256
"Phataginus tricuspis" 79 158 39 NA NA 0.256410256410256
"Phataginus tricuspis" 80 160 39 NA NA 0.256410256410256
"Phataginus tricuspis" 81 162 39 NA NA 0.256410256410256
"Phataginus tricuspis" 82 164 39 NA NA 0.256410256410256
"Phataginus tricuspis" 83 166 39 NA NA 0.256410256410256
"Phataginus tricuspis" 84 168 39 NA NA 0.256410256410256
"Phataginus tricuspis" 85 170 39 NA NA 0.256410256410256
"Phataginus tricuspis" 86 172 39 NA NA 0.256410256410256
"Phataginus tricuspis" 87 174 38 NA NA 0.263157894736842
"Phataginus tricuspis" 88 176 37 NA NA 0.243243243243243
"Phataginus tricuspis" 89 178 37 NA NA 0.243243243243243
"Phataginus tricuspis" 90 180 37 NA NA 0.243243243243243
"Phataginus tricuspis" 91 182 37 NA NA 0.243243243243243
"Phataginus tricuspis" 92 184 36 NA NA 0.25
"Phataginus tricuspis" 93 186 35 NA NA 0.257142857142857
"Phataginus tricuspis" 94 188 34 NA NA 0.235294117647059
"Phataginus tricuspis" 95 190 34 NA NA 0.235294117647059
"Phataginus tricuspis" 96 192 33 NA NA 0.212121212121212
"Phataginus tricuspis" 97 194 33 NA NA 0.212121212121212
"Phataginus tricuspis" 98 196 33 NA NA 0.212121212121212
"Phataginus tricuspis" 99 198 33 NA NA 0.212121212121212
"Phataginus tricuspis" 100 200 33 NA NA 0.212121212121212
