"species" "time_interval" "study_duration" "n_cams" "z" "P" "p_presence"
"Atherurus africanus" 1 2 454 -2.06252896009496 0.0391574033085989 0.0903083700440529
"Atherurus africanus" 1 3 454 -2.05338280892954 0.0400354652542968 0.145374449339207
"Atherurus africanus" 1 4 452 -1.64713361077234 0.0995305859819515 0.194690265486726
"Atherurus africanus" 1 5 450 -0.833069667446788 0.404805439347899 0.253333333333333
"Atherurus africanus" 1 6 449 -0.830849599736762 0.406058598724209 0.273942093541203
"Atherurus africanus" 1 7 447 -0.902712180794218 0.36667866999131 0.288590604026846
"Atherurus africanus" 1 8 447 -0.718204011808735 0.472631504686431 0.322147651006711
"Atherurus africanus" 1 9 447 -0.827690208966195 0.407845965470395 0.342281879194631
"Atherurus africanus" 1 10 445 -0.960136564455623 0.336986488094191 0.375280898876404
"Atherurus africanus" 1 11 440 -1.19223398262632 0.233169512098227 0.384090909090909
"Atherurus africanus" 1 12 439 -0.960201797360966 0.336953662443463 0.403189066059225
"Atherurus africanus" 1 13 438 -1.06526441970293 0.286756289068401 0.429223744292237
"Atherurus africanus" 1 14 436 -0.953433241795885 0.340370605503073 0.440366972477064
"Atherurus africanus" 1 15 436 -0.70822040393235 0.47880839720183 0.467889908256881
"Atherurus africanus" 1 16 435 -0.916007425505903 0.359663000278265 0.482758620689655
"Atherurus africanus" 1 17 435 -0.512636883223306 0.608205347994104 0.494252873563218
"Atherurus africanus" 1 18 434 -0.772786667242834 0.439648645249552 0.518433179723502
"Atherurus africanus" 1 19 432 -0.973138956418534 0.330484244778326 0.518518518518518
"Atherurus africanus" 1 20 430 -1.18735088834431 0.235089243216385 0.525581395348837
"Atherurus africanus" 1 21 429 -1.32254121034378 0.185987996043314 0.536130536130536
"Atherurus africanus" 1 22 427 -1.27283219451551 0.203077594247623 0.536299765807963
"Atherurus africanus" 1 23 426 -1.18265286748005 0.236946750875772 0.546948356807512
"Atherurus africanus" 1 24 425 -1.27334924874886 0.202894137958885 0.552941176470588
"Atherurus africanus" 1 25 423 -1.17176529806419 0.241291298584164 0.557919621749409
"Atherurus africanus" 1 26 422 -1.22890000384339 0.219109300035211 0.566350710900474
"Atherurus africanus" 1 27 422 -1.16670974248487 0.24332760706873 0.566350710900474
"Atherurus africanus" 1 28 422 -0.994245768916469 0.320103230682407 0.571090047393365
"Atherurus africanus" 1 29 422 -0.728191162859047 0.466496574726052 0.578199052132701
"Atherurus africanus" 1 30 420 -0.670845119331647 0.502319200916942 0.583333333333333
"Atherurus africanus" 1 31 419 -0.71072861554118 0.477252423584865 0.594272076372315
"Atherurus africanus" 1 32 419 -0.527169435118893 0.598075931951283 0.599045346062053
"Atherurus africanus" 1 33 415 -0.233095626785238 0.815687150705072 0.604819277108434
"Atherurus africanus" 1 34 415 -0.0876690394195844 0.930139727811112 0.609638554216868
"Atherurus africanus" 1 35 413 -0.157200343154127 0.87508695786598 0.617433414043584
"Atherurus africanus" 1 36 412 0.0769827603798659 0.938637259487955 0.62621359223301
"Atherurus africanus" 1 37 410 0.437020413855492 0.662096543503626 0.639024390243902
"Atherurus africanus" 1 38 410 0.429122462685483 0.667834106073157 0.639024390243902
"Atherurus africanus" 1 39 409 0.850242335477735 0.395190368921697 0.643031784841076
"Atherurus africanus" 1 40 408 0.86406549478311 0.387551912725681 0.647058823529412
"Atherurus africanus" 1 41 407 0.79738550260021 0.425227176337951 0.653562653562654
"Atherurus africanus" 1 42 407 0.9071149329284 0.364346022094329 0.656019656019656
"Atherurus africanus" 1 43 405 0.997465128677239 0.318538791962774 0.661728395061728
"Atherurus africanus" 1 44 403 0.896747267128405 0.369853792315328 0.667493796526055
"Atherurus africanus" 1 45 402 0.972824917402534 0.330640326379561 0.671641791044776
"Atherurus africanus" 1 46 401 1.12523887685868 0.260487823019625 0.670822942643391
"Atherurus africanus" 1 47 398 1.29102920587361 0.196693550372024 0.670854271356784
"Atherurus africanus" 1 48 397 1.48258259557748 0.138185344082742 0.680100755667506
"Atherurus africanus" 1 49 395 1.62128714651448 0.104956070344293 0.681012658227848
"Atherurus africanus" 1 50 391 1.63118747328104 0.102850767694665 0.680306905370844
"Atherurus africanus" 1 51 388 1.63587685475085 0.101865362934684 0.685567010309278
"Atherurus africanus" 1 52 386 1.63539815719414 0.10196560848008 0.691709844559586
"Atherurus africanus" 1 53 382 1.72325683474943 0.0848420899313344 0.696335078534031
"Atherurus africanus" 1 54 381 1.62049462602168 0.105126067791615 0.698162729658793
"Atherurus africanus" 1 55 376 1.51287363150464 0.130311760971962 0.702127659574468
"Atherurus africanus" 1 56 373 1.60342802062872 0.10884018880275 0.718498659517426
"Atherurus africanus" 1 57 370 1.51841244279155 0.128910456867756 0.721621621621622
"Atherurus africanus" 1 58 366 1.29113248881712 0.196657740055718 0.726775956284153
"Atherurus africanus" 1 59 364 1.24097073968956 0.214616558299901 0.730769230769231
"Atherurus africanus" 1 60 361 0.855311647844614 0.39237864093255 0.728531855955679
"Atherurus africanus" 1 61 356 0.741571498660074 0.458346997247988 0.730337078651685
"Atherurus africanus" 1 62 351 0.589724128816996 0.555375615880911 0.729344729344729
"Atherurus africanus" 1 63 349 0.643804603078239 0.519702148496029 0.730659025787966
"Atherurus africanus" 1 64 341 0.655809293706146 0.511946835920629 0.730205278592375
"Atherurus africanus" 1 65 327 0.748126514371436 0.454383850499753 0.72782874617737
"Atherurus africanus" 1 66 320 0.904492878642072 0.365734108798834 0.734375
"Atherurus africanus" 1 67 304 0.20357549748851 0.838685242330264 0.730263157894737
"Atherurus africanus" 1 68 296 0.549447716342129 0.582698235668729 0.733108108108108
"Atherurus africanus" 1 69 283 0.192431954355349 0.847403864150957 0.731448763250883
"Atherurus africanus" 1 70 272 0.84854739369641 0.396133189943433 0.727941176470588
"Atherurus africanus" 1 71 268 0.475510919676991 0.634422851946483 0.723880597014925
"Atherurus africanus" 1 72 249 0.42990512370348 0.667264658197434 0.72289156626506
"Atherurus africanus" 1 73 231 NA NA 0.718614718614719
"Atherurus africanus" 1 74 225 NA NA 0.715555555555556
"Atherurus africanus" 1 75 218 NA NA 0.715596330275229
"Atherurus africanus" 1 76 216 NA NA 0.722222222222222
"Atherurus africanus" 1 77 211 NA NA 0.725118483412322
"Atherurus africanus" 1 78 209 NA NA 0.722488038277512
"Atherurus africanus" 1 79 195 NA NA 0.728205128205128
"Atherurus africanus" 1 80 180 NA NA 0.744444444444444
"Atherurus africanus" 1 81 176 NA NA 0.75
"Atherurus africanus" 1 82 170 NA NA 0.752941176470588
"Atherurus africanus" 1 83 166 NA NA 0.746987951807229
"Atherurus africanus" 1 84 166 NA NA 0.746987951807229
"Atherurus africanus" 1 85 166 NA NA 0.753012048192771
"Atherurus africanus" 1 86 165 NA NA 0.757575757575758
"Atherurus africanus" 1 87 163 NA NA 0.754601226993865
"Atherurus africanus" 1 88 158 NA NA 0.759493670886076
"Atherurus africanus" 1 89 153 NA NA 0.77124183006536
"Atherurus africanus" 1 90 151 NA NA 0.781456953642384
"Atherurus africanus" 1 91 150 NA NA 0.78
"Atherurus africanus" 1 92 146 NA NA 0.780821917808219
"Atherurus africanus" 1 93 142 NA NA 0.78169014084507
"Atherurus africanus" 1 94 142 NA NA 0.78169014084507
"Atherurus africanus" 1 95 127 NA NA 0.78740157480315
"Atherurus africanus" 1 96 105 NA NA 0.79047619047619
"Atherurus africanus" 1 97 89 NA NA 0.820224719101124
"Atherurus africanus" 1 98 75 NA NA 0.826666666666667
"Atherurus africanus" 1 99 75 NA NA 0.826666666666667
"Atherurus africanus" 1 100 75 NA NA 0.826666666666667
"Atherurus africanus" 1 101 75 NA NA 0.826666666666667
"Atherurus africanus" 1 102 75 NA NA 0.826666666666667
"Atherurus africanus" 1 103 75 NA NA 0.826666666666667
"Atherurus africanus" 1 104 75 NA NA 0.84
"Atherurus africanus" 1 105 73 NA NA 0.835616438356164
"Atherurus africanus" 1 106 61 NA NA 0.852459016393443
"Atherurus africanus" 1 107 56 NA NA 0.875
"Atherurus africanus" 1 108 49 NA NA 0.877551020408163
"Atherurus africanus" 1 109 48 NA NA 0.875
"Atherurus africanus" 1 110 47 NA NA 0.872340425531915
"Atherurus africanus" 1 111 45 NA NA 0.866666666666667
"Atherurus africanus" 1 112 45 NA NA 0.866666666666667
"Atherurus africanus" 1 113 45 NA NA 0.866666666666667
"Atherurus africanus" 1 114 45 NA NA 0.866666666666667
"Atherurus africanus" 1 115 44 NA NA 0.863636363636364
"Atherurus africanus" 1 116 44 NA NA 0.863636363636364
"Atherurus africanus" 1 117 43 NA NA 0.86046511627907
"Atherurus africanus" 1 118 43 NA NA 0.86046511627907
"Atherurus africanus" 1 119 43 NA NA 0.86046511627907
"Atherurus africanus" 1 120 43 NA NA 0.86046511627907
"Atherurus africanus" 1 121 43 NA NA 0.86046511627907
"Atherurus africanus" 1 122 43 NA NA 0.86046511627907
"Atherurus africanus" 1 123 43 NA NA 0.86046511627907
"Atherurus africanus" 1 124 43 NA NA 0.86046511627907
"Atherurus africanus" 1 125 43 NA NA 0.86046511627907
"Atherurus africanus" 1 126 43 NA NA 0.86046511627907
"Atherurus africanus" 1 127 43 NA NA 0.86046511627907
"Atherurus africanus" 1 128 42 NA NA 0.857142857142857
"Atherurus africanus" 1 129 42 NA NA 0.857142857142857
"Atherurus africanus" 1 130 41 NA NA 0.853658536585366
"Atherurus africanus" 1 131 41 NA NA 0.853658536585366
"Atherurus africanus" 1 132 41 NA NA 0.853658536585366
"Atherurus africanus" 1 133 41 NA NA 0.853658536585366
"Atherurus africanus" 1 134 41 NA NA 0.853658536585366
"Atherurus africanus" 1 135 41 NA NA 0.853658536585366
"Atherurus africanus" 1 136 41 NA NA 0.853658536585366
"Atherurus africanus" 1 137 41 NA NA 0.853658536585366
"Atherurus africanus" 1 138 41 NA NA 0.853658536585366
"Atherurus africanus" 1 139 40 NA NA 0.85
"Atherurus africanus" 1 140 40 NA NA 0.85
"Atherurus africanus" 1 141 40 NA NA 0.85
"Atherurus africanus" 1 142 40 NA NA 0.85
"Atherurus africanus" 1 143 40 NA NA 0.85
"Atherurus africanus" 1 144 40 NA NA 0.85
"Atherurus africanus" 1 145 40 NA NA 0.85
"Atherurus africanus" 1 146 40 NA NA 0.85
"Atherurus africanus" 1 147 40 NA NA 0.85
"Atherurus africanus" 1 148 40 NA NA 0.85
"Atherurus africanus" 1 149 40 NA NA 0.85
"Atherurus africanus" 1 150 40 NA NA 0.85
"Atherurus africanus" 1 151 40 NA NA 0.85
"Atherurus africanus" 1 152 40 NA NA 0.85
"Atherurus africanus" 1 153 40 NA NA 0.85
"Atherurus africanus" 1 154 39 NA NA 0.846153846153846
"Atherurus africanus" 1 155 39 NA NA 0.846153846153846
"Atherurus africanus" 1 156 39 NA NA 0.846153846153846
"Atherurus africanus" 1 157 39 NA NA 0.846153846153846
"Atherurus africanus" 1 158 39 NA NA 0.846153846153846
"Atherurus africanus" 1 159 39 NA NA 0.846153846153846
"Atherurus africanus" 1 160 39 NA NA 0.846153846153846
"Atherurus africanus" 1 161 39 NA NA 0.846153846153846
"Atherurus africanus" 1 162 39 NA NA 0.846153846153846
"Atherurus africanus" 1 163 39 NA NA 0.846153846153846
"Atherurus africanus" 1 164 39 NA NA 0.846153846153846
"Atherurus africanus" 1 165 39 NA NA 0.846153846153846
"Atherurus africanus" 1 166 39 NA NA 0.846153846153846
"Atherurus africanus" 1 167 39 NA NA 0.846153846153846
"Atherurus africanus" 1 168 39 NA NA 0.846153846153846
"Atherurus africanus" 1 169 39 NA NA 0.846153846153846
"Atherurus africanus" 1 170 39 NA NA 0.846153846153846
"Atherurus africanus" 1 171 39 NA NA 0.846153846153846
"Atherurus africanus" 1 172 39 NA NA 0.846153846153846
"Atherurus africanus" 1 173 38 NA NA 0.842105263157895
"Atherurus africanus" 1 174 38 NA NA 0.842105263157895
"Atherurus africanus" 1 175 37 NA NA 0.837837837837838
"Atherurus africanus" 1 176 37 NA NA 0.837837837837838
"Atherurus africanus" 1 177 37 NA NA 0.837837837837838
"Atherurus africanus" 1 178 37 NA NA 0.837837837837838
"Atherurus africanus" 1 179 37 NA NA 0.837837837837838
"Atherurus africanus" 1 180 37 NA NA 0.837837837837838
"Atherurus africanus" 1 181 37 NA NA 0.837837837837838
"Atherurus africanus" 1 182 37 NA NA 0.837837837837838
"Atherurus africanus" 1 183 37 NA NA 0.837837837837838
"Atherurus africanus" 1 184 36 NA NA 0.833333333333333
"Atherurus africanus" 1 185 35 NA NA 0.828571428571429
"Atherurus africanus" 1 186 35 NA NA 0.828571428571429
"Atherurus africanus" 1 187 34 NA NA 0.823529411764706
"Atherurus africanus" 1 188 34 NA NA 0.823529411764706
"Atherurus africanus" 1 189 34 NA NA 0.823529411764706
"Atherurus africanus" 1 190 34 NA NA 0.823529411764706
"Atherurus africanus" 1 191 33 NA NA 0.818181818181818
"Atherurus africanus" 1 192 33 NA NA 0.818181818181818
"Atherurus africanus" 1 193 33 NA NA 0.818181818181818
"Atherurus africanus" 1 194 33 NA NA 0.818181818181818
"Atherurus africanus" 1 195 33 NA NA 0.818181818181818
"Atherurus africanus" 1 196 33 NA NA 0.818181818181818
"Atherurus africanus" 1 197 33 NA NA 0.818181818181818
"Atherurus africanus" 1 198 33 NA NA 0.818181818181818
"Atherurus africanus" 1 199 33 NA NA 0.818181818181818
"Atherurus africanus" 1 200 33 NA NA 0.848484848484849
"Atherurus africanus" 2 4 452 -1.52315931570865 0.127718851909766 0.194690265486726
"Atherurus africanus" 2 6 449 -0.623030016581229 0.533264796882124 0.273942093541203
"Atherurus africanus" 2 8 447 -0.504449212144187 0.613945743185955 0.322147651006711
"Atherurus africanus" 2 10 445 -0.806382867218414 0.420022122557371 0.375280898876404
"Atherurus africanus" 2 12 439 -0.847381451124534 0.396782539976871 0.403189066059225
"Atherurus africanus" 2 14 436 -0.790173860663191 0.429426239358917 0.440366972477064
"Atherurus africanus" 2 16 435 -0.785780689139398 0.431995981754369 0.482758620689655
"Atherurus africanus" 2 18 434 -0.64818904835245 0.51686268437744 0.518433179723502
"Atherurus africanus" 2 20 430 -0.977913723418157 0.328116997111345 0.525581395348837
"Atherurus africanus" 2 22 427 -1.03979004167395 0.298437456692385 0.536299765807963
"Atherurus africanus" 2 24 425 -1.04563331097385 0.295730363589732 0.552941176470588
"Atherurus africanus" 2 26 422 -1.04309703541051 0.296903353602623 0.566350710900474
"Atherurus africanus" 2 28 422 -0.901247989699893 0.367456480403635 0.571090047393365
"Atherurus africanus" 2 30 420 -0.604231044101708 0.545690044068199 0.583333333333333
"Atherurus africanus" 2 32 419 -0.476262752827195 0.633887197687742 0.599045346062053
"Atherurus africanus" 2 34 415 -0.0448014690881501 0.96426555410732 0.609638554216868
"Atherurus africanus" 2 36 412 0.140490196313648 0.88827269787919 0.62621359223301
"Atherurus africanus" 2 38 410 0.45657525571124 0.647976367970153 0.639024390243902
"Atherurus africanus" 2 40 408 0.749773933999855 0.453390870165201 0.647058823529412
"Atherurus africanus" 2 42 407 0.77855801302059 0.436240120423802 0.656019656019656
"Atherurus africanus" 2 44 403 0.72609462417592 0.467780764387794 0.667493796526055
"Atherurus africanus" 2 46 401 0.884358390249231 0.376502777225336 0.670822942643391
"Atherurus africanus" 2 48 397 1.14713651328734 0.251325205204031 0.680100755667506
"Atherurus africanus" 2 50 391 1.29076216949125 0.196786159501173 0.680306905370844
"Atherurus africanus" 2 52 386 1.28867332340954 0.197511680425879 0.691709844559586
"Atherurus africanus" 2 54 381 1.27686993209286 0.201648171078316 0.698162729658793
"Atherurus africanus" 2 56 373 1.23536876011295 0.21669329384361 0.718498659517426
"Atherurus africanus" 2 58 366 0.994200352096062 0.320125336734697 0.726775956284153
"Atherurus africanus" 2 60 361 0.625589019460403 0.531584542876185 0.728531855955679
"Atherurus africanus" 2 62 351 0.43809990299636 0.661313864736689 0.729344729344729
"Atherurus africanus" 2 64 341 0.515562567100725 0.606159960247092 0.730205278592375
"Atherurus africanus" 2 66 320 0.831009006338805 0.405968541519411 0.734375
"Atherurus africanus" 2 68 296 0.611571105241584 0.540821560306478 0.733108108108108
"Atherurus africanus" 2 70 272 0.98457851760429 0.324831146102389 0.727941176470588
"Atherurus africanus" 2 72 249 0.651942005817667 0.514438585398457 0.72289156626506
"Atherurus africanus" 2 74 225 NA NA 0.715555555555556
"Atherurus africanus" 2 76 216 NA NA 0.722222222222222
"Atherurus africanus" 2 78 209 NA NA 0.722488038277512
"Atherurus africanus" 2 80 180 NA NA 0.744444444444444
"Atherurus africanus" 2 82 170 NA NA 0.752941176470588
"Atherurus africanus" 2 84 166 NA NA 0.746987951807229
"Atherurus africanus" 2 86 165 NA NA 0.757575757575758
"Atherurus africanus" 2 88 158 NA NA 0.759493670886076
"Atherurus africanus" 2 90 151 NA NA 0.781456953642384
"Atherurus africanus" 2 92 146 NA NA 0.780821917808219
"Atherurus africanus" 2 94 142 NA NA 0.78169014084507
"Atherurus africanus" 2 96 105 NA NA 0.79047619047619
"Atherurus africanus" 2 98 75 NA NA 0.826666666666667
"Atherurus africanus" 2 100 75 NA NA 0.826666666666667
"Atherurus africanus" 2 102 75 NA NA 0.826666666666667
"Atherurus africanus" 2 104 75 NA NA 0.84
"Atherurus africanus" 2 106 61 NA NA 0.852459016393443
"Atherurus africanus" 2 108 49 NA NA 0.877551020408163
"Atherurus africanus" 2 110 47 NA NA 0.872340425531915
"Atherurus africanus" 2 112 45 NA NA 0.866666666666667
"Atherurus africanus" 2 114 45 NA NA 0.866666666666667
"Atherurus africanus" 2 116 44 NA NA 0.863636363636364
"Atherurus africanus" 2 118 43 NA NA 0.86046511627907
"Atherurus africanus" 2 120 43 NA NA 0.86046511627907
"Atherurus africanus" 2 122 43 NA NA 0.86046511627907
"Atherurus africanus" 2 124 43 NA NA 0.86046511627907
"Atherurus africanus" 2 126 43 NA NA 0.86046511627907
"Atherurus africanus" 2 128 42 NA NA 0.857142857142857
"Atherurus africanus" 2 130 41 NA NA 0.853658536585366
"Atherurus africanus" 2 132 41 NA NA 0.853658536585366
"Atherurus africanus" 2 134 41 NA NA 0.853658536585366
"Atherurus africanus" 2 136 41 NA NA 0.853658536585366
"Atherurus africanus" 2 138 41 NA NA 0.853658536585366
"Atherurus africanus" 2 140 40 NA NA 0.85
"Atherurus africanus" 2 142 40 NA NA 0.85
"Atherurus africanus" 2 144 40 NA NA 0.85
"Atherurus africanus" 2 146 40 NA NA 0.85
"Atherurus africanus" 2 148 40 NA NA 0.85
"Atherurus africanus" 2 150 40 NA NA 0.85
"Atherurus africanus" 2 152 40 NA NA 0.85
"Atherurus africanus" 2 154 39 NA NA 0.846153846153846
"Atherurus africanus" 2 156 39 NA NA 0.846153846153846
"Atherurus africanus" 2 158 39 NA NA 0.846153846153846
"Atherurus africanus" 2 160 39 NA NA 0.846153846153846
"Atherurus africanus" 2 162 39 NA NA 0.846153846153846
"Atherurus africanus" 2 164 39 NA NA 0.846153846153846
"Atherurus africanus" 2 166 39 NA NA 0.846153846153846
"Atherurus africanus" 2 168 39 NA NA 0.846153846153846
"Atherurus africanus" 2 170 39 NA NA 0.846153846153846
"Atherurus africanus" 2 172 39 NA NA 0.846153846153846
"Atherurus africanus" 2 174 38 NA NA 0.842105263157895
"Atherurus africanus" 2 176 37 NA NA 0.837837837837838
"Atherurus africanus" 2 178 37 NA NA 0.837837837837838
"Atherurus africanus" 2 180 37 NA NA 0.837837837837838
"Atherurus africanus" 2 182 37 NA NA 0.837837837837838
"Atherurus africanus" 2 184 36 NA NA 0.833333333333333
"Atherurus africanus" 2 186 35 NA NA 0.828571428571429
"Atherurus africanus" 2 188 34 NA NA 0.823529411764706
"Atherurus africanus" 2 190 34 NA NA 0.823529411764706
"Atherurus africanus" 2 192 33 NA NA 0.818181818181818
"Atherurus africanus" 2 194 33 NA NA 0.818181818181818
"Atherurus africanus" 2 196 33 NA NA 0.818181818181818
"Atherurus africanus" 2 198 33 NA NA 0.818181818181818
"Atherurus africanus" 2 200 33 NA NA 0.848484848484849
"Atherurus africanus" 3 6 449 -0.707240062848263 0.479417305782037 0.273942093541203
"Atherurus africanus" 3 9 447 -0.648928961946792 0.516384293727724 0.342281879194631
"Atherurus africanus" 3 12 439 -0.760838829136749 0.446753338961374 0.403189066059225
"Atherurus africanus" 3 15 436 -0.487781960302664 0.625704290541083 0.467889908256881
"Atherurus africanus" 3 18 434 -0.54927461326017 0.582817006644847 0.518433179723502
"Atherurus africanus" 3 21 429 -0.973822988921294 0.330144436531222 0.536130536130536
"Atherurus africanus" 3 24 425 -0.914512199911238 0.360447770327328 0.552941176470588
"Atherurus africanus" 3 27 422 -0.902593827263249 0.366741503819563 0.566350710900474
"Atherurus africanus" 3 30 420 -0.491690965126608 0.622937826230261 0.583333333333333
"Atherurus africanus" 3 33 415 0.0370460959568006 0.970448251687644 0.604819277108434
"Atherurus africanus" 3 36 412 0.308277206219539 0.757871408809022 0.62621359223301
"Atherurus africanus" 3 39 409 0.817426830310575 0.413684548047797 0.643031784841076
"Atherurus africanus" 3 42 407 0.883382730682555 0.377029518124806 0.656019656019656
"Atherurus africanus" 3 45 402 0.916886970436125 0.359201872326174 0.671641791044776
"Atherurus africanus" 3 48 397 1.2951870855932 0.195255698772464 0.680100755667506
"Atherurus africanus" 3 51 388 1.43629981567905 0.150917046484085 0.685567010309278
"Atherurus africanus" 3 54 381 1.46389892372867 0.143221567514934 0.698162729658793
"Atherurus africanus" 3 57 370 1.36048775576043 0.173675624976983 0.721621621621622
"Atherurus africanus" 3 60 361 0.831207043682051 0.405856676385142 0.728531855955679
"Atherurus africanus" 3 63 349 0.649609195705644 0.51594469164075 0.730659025787966
"Atherurus africanus" 3 66 320 0.86295877375199 0.388160134105904 0.734375
"Atherurus africanus" 3 69 283 0.532438089375766 0.594422610381615 0.731448763250883
"Atherurus africanus" 3 72 249 0.803829609755418 0.421495386788806 0.72289156626506
"Atherurus africanus" 3 75 218 NA NA 0.715596330275229
"Atherurus africanus" 3 78 209 NA NA 0.722488038277512
"Atherurus africanus" 3 81 176 NA NA 0.75
"Atherurus africanus" 3 84 166 NA NA 0.746987951807229
"Atherurus africanus" 3 87 163 NA NA 0.754601226993865
"Atherurus africanus" 3 90 151 NA NA 0.781456953642384
"Atherurus africanus" 3 93 142 NA NA 0.78169014084507
"Atherurus africanus" 3 96 105 NA NA 0.79047619047619
"Atherurus africanus" 3 99 75 NA NA 0.826666666666667
"Atherurus africanus" 3 102 75 NA NA 0.826666666666667
"Atherurus africanus" 3 105 73 NA NA 0.835616438356164
"Atherurus africanus" 3 108 49 NA NA 0.877551020408163
"Atherurus africanus" 3 111 45 NA NA 0.866666666666667
"Atherurus africanus" 3 114 45 NA NA 0.866666666666667
"Atherurus africanus" 3 117 43 NA NA 0.86046511627907
"Atherurus africanus" 3 120 43 NA NA 0.86046511627907
"Atherurus africanus" 3 123 43 NA NA 0.86046511627907
"Atherurus africanus" 3 126 43 NA NA 0.86046511627907
"Atherurus africanus" 3 129 42 NA NA 0.857142857142857
"Atherurus africanus" 3 132 41 NA NA 0.853658536585366
"Atherurus africanus" 3 135 41 NA NA 0.853658536585366
"Atherurus africanus" 3 138 41 NA NA 0.853658536585366
"Atherurus africanus" 3 141 40 NA NA 0.85
"Atherurus africanus" 3 144 40 NA NA 0.85
"Atherurus africanus" 3 147 40 NA NA 0.85
"Atherurus africanus" 3 150 40 NA NA 0.85
"Atherurus africanus" 3 153 40 NA NA 0.85
"Atherurus africanus" 3 156 39 NA NA 0.846153846153846
"Atherurus africanus" 3 159 39 NA NA 0.846153846153846
"Atherurus africanus" 3 162 39 NA NA 0.846153846153846
"Atherurus africanus" 3 165 39 NA NA 0.846153846153846
"Atherurus africanus" 3 168 39 NA NA 0.846153846153846
"Atherurus africanus" 3 171 39 NA NA 0.846153846153846
"Atherurus africanus" 3 174 38 NA NA 0.842105263157895
"Atherurus africanus" 3 177 37 NA NA 0.837837837837838
"Atherurus africanus" 3 180 37 NA NA 0.837837837837838
"Atherurus africanus" 3 183 37 NA NA 0.837837837837838
"Atherurus africanus" 3 186 35 NA NA 0.828571428571429
"Atherurus africanus" 3 189 34 NA NA 0.823529411764706
"Atherurus africanus" 3 192 33 NA NA 0.818181818181818
"Atherurus africanus" 3 195 33 NA NA 0.818181818181818
"Atherurus africanus" 3 198 33 NA NA 0.818181818181818
"Atherurus africanus" 4 8 447 -0.574443982790605 0.565667397045354 0.322147651006711
"Atherurus africanus" 4 12 439 -0.898794820837489 0.368761959290788 0.403189066059225
"Atherurus africanus" 4 16 435 -0.850782304994538 0.394890292936025 0.482758620689655
"Atherurus africanus" 4 20 430 -1.14368645259964 0.252753693702201 0.525581395348837
"Atherurus africanus" 4 24 425 -1.16808232959033 0.242773557276963 0.552941176470588
"Atherurus africanus" 4 28 422 -1.0604680817444 0.288931703391175 0.571090047393365
"Atherurus africanus" 4 32 419 -0.665697064304909 0.505604750335942 0.599045346062053
"Atherurus africanus" 4 36 412 -0.0995557407277788 0.920697032968658 0.62621359223301
"Atherurus africanus" 4 40 408 0.318353426335361 0.750216862253199 0.647058823529412
"Atherurus africanus" 4 44 403 0.324373615333293 0.745655192680988 0.667493796526055
"Atherurus africanus" 4 48 397 0.734302474722927 0.462764409980251 0.680100755667506
"Atherurus africanus" 4 52 386 0.935193515459127 0.349688579743877 0.691709844559586
"Atherurus africanus" 4 56 373 0.886732334040668 0.375223025721257 0.718498659517426
"Atherurus africanus" 4 60 361 0.412786680798203 0.679762910704949 0.728531855955679
"Atherurus africanus" 4 64 341 0.207858370947796 0.835339554371538 0.730205278592375
"Atherurus africanus" 4 68 296 0.377094509420368 0.70610337138233 0.733108108108108
"Atherurus africanus" 4 72 249 0.615950772485629 0.537927010319632 0.72289156626506
"Atherurus africanus" 4 76 216 NA NA 0.722222222222222
"Atherurus africanus" 4 80 180 NA NA 0.744444444444444
"Atherurus africanus" 4 84 166 NA NA 0.746987951807229
"Atherurus africanus" 4 88 158 NA NA 0.759493670886076
"Atherurus africanus" 4 92 146 NA NA 0.780821917808219
"Atherurus africanus" 4 96 105 NA NA 0.79047619047619
"Atherurus africanus" 4 100 75 NA NA 0.826666666666667
"Atherurus africanus" 4 104 75 NA NA 0.84
"Atherurus africanus" 4 108 49 NA NA 0.877551020408163
"Atherurus africanus" 4 112 45 NA NA 0.866666666666667
"Atherurus africanus" 4 116 44 NA NA 0.863636363636364
"Atherurus africanus" 4 120 43 NA NA 0.86046511627907
"Atherurus africanus" 4 124 43 NA NA 0.86046511627907
"Atherurus africanus" 4 128 42 NA NA 0.857142857142857
"Atherurus africanus" 4 132 41 NA NA 0.853658536585366
"Atherurus africanus" 4 136 41 NA NA 0.853658536585366
"Atherurus africanus" 4 140 40 NA NA 0.85
"Atherurus africanus" 4 144 40 NA NA 0.85
"Atherurus africanus" 4 148 40 NA NA 0.85
"Atherurus africanus" 4 152 40 NA NA 0.85
"Atherurus africanus" 4 156 39 NA NA 0.846153846153846
"Atherurus africanus" 4 160 39 NA NA 0.846153846153846
"Atherurus africanus" 4 164 39 NA NA 0.846153846153846
"Atherurus africanus" 4 168 39 NA NA 0.846153846153846
"Atherurus africanus" 4 172 39 NA NA 0.846153846153846
"Atherurus africanus" 4 176 37 NA NA 0.837837837837838
"Atherurus africanus" 4 180 37 NA NA 0.837837837837838
"Atherurus africanus" 4 184 36 NA NA 0.833333333333333
"Atherurus africanus" 4 188 34 NA NA 0.823529411764706
"Atherurus africanus" 4 192 33 NA NA 0.818181818181818
"Atherurus africanus" 4 196 33 NA NA 0.818181818181818
"Atherurus africanus" 4 200 33 NA NA 0.848484848484849
"Atherurus africanus" 5 10 445 -0.61016119324107 0.541755033680405 0.375280898876404
"Atherurus africanus" 5 15 436 -0.183355529129796 0.854519066880214 0.467889908256881
"Atherurus africanus" 5 20 430 -0.574634900101436 0.565538243590723 0.525581395348837
"Atherurus africanus" 5 25 423 -0.4640572638039 0.642606719217878 0.557919621749409
"Atherurus africanus" 5 30 420 -0.0372698716909408 0.970269827703594 0.583333333333333
"Atherurus africanus" 5 35 413 0.375208029233124 0.707505759230163 0.617433414043584
"Atherurus africanus" 5 40 408 0.947303747156584 0.343484021965319 0.647058823529412
"Atherurus africanus" 5 45 402 0.938614165065147 0.347928877419018 0.671641791044776
"Atherurus africanus" 5 50 391 1.21577353157245 0.224071204258387 0.680306905370844
"Atherurus africanus" 5 55 376 1.12823353449337 0.259221304994969 0.702127659574468
"Atherurus africanus" 5 60 361 0.680682820105444 0.496072209294279 0.728531855955679
"Atherurus africanus" 5 65 327 0.51174694424241 0.608828126697442 0.72782874617737
"Atherurus africanus" 5 70 272 1.04285932393382 0.297013450907145 0.727941176470588
"Atherurus africanus" 5 75 218 NA NA 0.715596330275229
"Atherurus africanus" 5 80 180 NA NA 0.744444444444444
"Atherurus africanus" 5 85 166 NA NA 0.753012048192771
"Atherurus africanus" 5 90 151 NA NA 0.781456953642384
"Atherurus africanus" 5 95 127 NA NA 0.78740157480315
"Atherurus africanus" 5 100 75 NA NA 0.826666666666667
"Atherurus africanus" 5 105 73 NA NA 0.835616438356164
"Atherurus africanus" 5 110 47 NA NA 0.872340425531915
"Atherurus africanus" 5 115 44 NA NA 0.863636363636364
"Atherurus africanus" 5 120 43 NA NA 0.86046511627907
"Atherurus africanus" 5 125 43 NA NA 0.86046511627907
"Atherurus africanus" 5 130 41 NA NA 0.853658536585366
"Atherurus africanus" 5 135 41 NA NA 0.853658536585366
"Atherurus africanus" 5 140 40 NA NA 0.85
"Atherurus africanus" 5 145 40 NA NA 0.85
"Atherurus africanus" 5 150 40 NA NA 0.85
"Atherurus africanus" 5 155 39 NA NA 0.846153846153846
"Atherurus africanus" 5 160 39 NA NA 0.846153846153846
"Atherurus africanus" 5 165 39 NA NA 0.846153846153846
"Atherurus africanus" 5 170 39 NA NA 0.846153846153846
"Atherurus africanus" 5 175 37 NA NA 0.837837837837838
"Atherurus africanus" 5 180 37 NA NA 0.837837837837838
"Atherurus africanus" 5 185 35 NA NA 0.828571428571429
"Atherurus africanus" 5 190 34 NA NA 0.823529411764706
"Atherurus africanus" 5 195 33 NA NA 0.818181818181818
"Atherurus africanus" 5 200 33 NA NA 0.848484848484849
"Atherurus africanus" 6 12 439 -0.466804502616033 0.640639754137669 0.403189066059225
"Atherurus africanus" 6 18 434 -0.270913013387422 0.786457935951675 0.518433179723502
"Atherurus africanus" 6 24 425 -0.383495332892021 0.701352530058613 0.552941176470588
"Atherurus africanus" 6 30 420 0.120467187608297 0.904113070812436 0.583333333333333
"Atherurus africanus" 6 36 412 0.696302740190365 0.486239257490121 0.62621359223301
"Atherurus africanus" 6 42 407 1.00147167772559 0.316598826080428 0.656019656019656
"Atherurus africanus" 6 48 397 1.11553813976871 0.264619884022862 0.680100755667506
"Atherurus africanus" 6 54 381 1.38465427282042 0.166158207604741 0.698162729658793
"Atherurus africanus" 6 60 361 0.813313021123584 0.416038613379414 0.728531855955679
"Atherurus africanus" 6 66 320 0.854185405987906 0.393002268092324 0.734375
"Atherurus africanus" 6 72 249 1.13257466934734 0.257392911061175 0.72289156626506
"Atherurus africanus" 6 78 209 NA NA 0.722488038277512
"Atherurus africanus" 6 84 166 NA NA 0.746987951807229
"Atherurus africanus" 6 90 151 NA NA 0.781456953642384
"Atherurus africanus" 6 96 105 NA NA 0.79047619047619
"Atherurus africanus" 6 102 75 NA NA 0.826666666666667
"Atherurus africanus" 6 108 49 NA NA 0.877551020408163
"Atherurus africanus" 6 114 45 NA NA 0.866666666666667
"Atherurus africanus" 6 120 43 NA NA 0.86046511627907
"Atherurus africanus" 6 126 43 NA NA 0.86046511627907
"Atherurus africanus" 6 132 41 NA NA 0.853658536585366
"Atherurus africanus" 6 138 41 NA NA 0.853658536585366
"Atherurus africanus" 6 144 40 NA NA 0.85
"Atherurus africanus" 6 150 40 NA NA 0.85
"Atherurus africanus" 6 156 39 NA NA 0.846153846153846
"Atherurus africanus" 6 162 39 NA NA 0.846153846153846
"Atherurus africanus" 6 168 39 NA NA 0.846153846153846
"Atherurus africanus" 6 174 38 NA NA 0.842105263157895
"Atherurus africanus" 6 180 37 NA NA 0.837837837837838
"Atherurus africanus" 6 186 35 NA NA 0.828571428571429
"Atherurus africanus" 6 192 33 NA NA 0.818181818181818
"Atherurus africanus" 6 198 33 NA NA 0.818181818181818
"Atherurus africanus" 7 14 436 -0.126470962242394 0.899359133230614 0.440366972477064
"Atherurus africanus" 7 21 429 -0.469609713815195 0.638633883352651 0.536130536130536
"Atherurus africanus" 7 28 422 -0.239222475448433 0.810933075656427 0.571090047393365
"Atherurus africanus" 7 35 413 0.390768971884215 0.695968011852096 0.617433414043584
"Atherurus africanus" 7 42 407 0.851693998081088 0.394383952699243 0.656019656019656
"Atherurus africanus" 7 49 395 1.09098468356509 0.275279622206069 0.681012658227848
"Atherurus africanus" 7 56 373 0.977258727462154 0.328441080318183 0.718498659517426
"Atherurus africanus" 7 63 349 0.341780812641512 0.73251585027631 0.730659025787966
"Atherurus africanus" 7 70 272 0.990925375738537 0.321722020403637 0.727941176470588
"Atherurus africanus" 7 77 211 NA NA 0.725118483412322
"Atherurus africanus" 7 84 166 NA NA 0.746987951807229
"Atherurus africanus" 7 91 150 NA NA 0.78
"Atherurus africanus" 7 98 75 NA NA 0.826666666666667
"Atherurus africanus" 7 105 73 NA NA 0.835616438356164
"Atherurus africanus" 7 112 45 NA NA 0.866666666666667
"Atherurus africanus" 7 119 43 NA NA 0.86046511627907
"Atherurus africanus" 7 126 43 NA NA 0.86046511627907
"Atherurus africanus" 7 133 41 NA NA 0.853658536585366
"Atherurus africanus" 7 140 40 NA NA 0.85
"Atherurus africanus" 7 147 40 NA NA 0.85
"Atherurus africanus" 7 154 39 NA NA 0.846153846153846
"Atherurus africanus" 7 161 39 NA NA 0.846153846153846
"Atherurus africanus" 7 168 39 NA NA 0.846153846153846
"Atherurus africanus" 7 175 37 NA NA 0.837837837837838
"Atherurus africanus" 7 182 37 NA NA 0.837837837837838
"Atherurus africanus" 7 189 34 NA NA 0.823529411764706
"Atherurus africanus" 7 196 33 NA NA 0.818181818181818
"Atherurus africanus" 8 16 435 -0.119547870266283 0.904841316944251 0.482758620689655
"Atherurus africanus" 8 24 425 0.0306488275902464 0.975549601635143 0.552941176470588
"Atherurus africanus" 8 32 419 0.768895103125983 0.441955584669381 0.599045346062053
"Atherurus africanus" 8 40 408 1.58626593513894 0.112678996285765 0.647058823529412
"Atherurus africanus" 8 48 397 1.6822994489856 0.0925107879305921 0.680100755667506
"Atherurus africanus" 8 56 373 1.78571406676717 0.0741455665801313 0.718498659517426
"Atherurus africanus" 8 64 341 1.03122740118672 0.302434193870573 0.730205278592375
"Atherurus africanus" 8 72 249 1.54887893690721 0.121410825185189 0.72289156626506
"Atherurus africanus" 8 80 180 NA NA 0.744444444444444
"Atherurus africanus" 8 88 158 NA NA 0.759493670886076
"Atherurus africanus" 8 96 105 NA NA 0.79047619047619
"Atherurus africanus" 8 104 75 NA NA 0.84
"Atherurus africanus" 8 112 45 NA NA 0.866666666666667
"Atherurus africanus" 8 120 43 NA NA 0.86046511627907
"Atherurus africanus" 8 128 42 NA NA 0.857142857142857
"Atherurus africanus" 8 136 41 NA NA 0.853658536585366
"Atherurus africanus" 8 144 40 NA NA 0.85
"Atherurus africanus" 8 152 40 NA NA 0.85
"Atherurus africanus" 8 160 39 NA NA 0.846153846153846
"Atherurus africanus" 8 168 39 NA NA 0.846153846153846
"Atherurus africanus" 8 176 37 NA NA 0.837837837837838
"Atherurus africanus" 8 184 36 NA NA 0.833333333333333
"Atherurus africanus" 8 192 33 NA NA 0.818181818181818
"Atherurus africanus" 8 200 33 NA NA 0.848484848484849
"Atherurus africanus" 9 18 434 0.136154185704455 0.891699392316538 0.518433179723502
"Atherurus africanus" 9 27 422 0.142538403523061 0.886654747409601 0.566350710900474
"Atherurus africanus" 9 36 412 1.04791602918978 0.294677296445305 0.62621359223301
"Atherurus africanus" 9 45 402 1.19711389533433 0.231262164675209 0.671641791044776
"Atherurus africanus" 9 54 381 1.50102688781335 0.13334860726224 0.698162729658793
"Atherurus africanus" 9 63 349 0.744802537483383 0.456391100694674 0.730659025787966
"Atherurus africanus" 9 72 249 1.22886990276103 0.219120587475888 0.72289156626506
"Atherurus africanus" 9 81 176 NA NA 0.75
"Atherurus africanus" 9 90 151 NA NA 0.781456953642384
"Atherurus africanus" 9 99 75 NA NA 0.826666666666667
"Atherurus africanus" 9 108 49 NA NA 0.877551020408163
"Atherurus africanus" 9 117 43 NA NA 0.86046511627907
"Atherurus africanus" 9 126 43 NA NA 0.86046511627907
"Atherurus africanus" 9 135 41 NA NA 0.853658536585366
"Atherurus africanus" 9 144 40 NA NA 0.85
"Atherurus africanus" 9 153 40 NA NA 0.85
"Atherurus africanus" 9 162 39 NA NA 0.846153846153846
"Atherurus africanus" 9 171 39 NA NA 0.846153846153846
"Atherurus africanus" 9 180 37 NA NA 0.837837837837838
"Atherurus africanus" 9 189 34 NA NA 0.823529411764706
"Atherurus africanus" 9 198 33 NA NA 0.818181818181818
"Atherurus africanus" 10 20 430 -0.218337533247542 0.827166132511698 0.525581395348837
"Atherurus africanus" 10 30 420 0.213489743892955 0.830944987920961 0.583333333333333
"Atherurus africanus" 10 40 408 1.07604683629464 0.281906310271523 0.647058823529412
"Atherurus africanus" 10 50 391 1.04930656739795 0.294037044361834 0.680306905370844
"Atherurus africanus" 10 60 361 0.635443493385223 0.525139209299418 0.728531855955679
"Atherurus africanus" 10 70 272 1.08396104362276 0.278382071834334 0.727941176470588
"Atherurus africanus" 10 80 180 NA NA 0.744444444444444
"Atherurus africanus" 10 90 151 NA NA 0.781456953642384
"Atherurus africanus" 10 100 75 NA NA 0.826666666666667
"Atherurus africanus" 10 110 47 NA NA 0.872340425531915
"Atherurus africanus" 10 120 43 NA NA 0.86046511627907
"Atherurus africanus" 10 130 41 NA NA 0.853658536585366
"Atherurus africanus" 10 140 40 NA NA 0.85
"Atherurus africanus" 10 150 40 NA NA 0.85
"Atherurus africanus" 10 160 39 NA NA 0.846153846153846
"Atherurus africanus" 10 170 39 NA NA 0.846153846153846
"Atherurus africanus" 10 180 37 NA NA 0.837837837837838
"Atherurus africanus" 10 190 34 NA NA 0.823529411764706
"Atherurus africanus" 10 200 33 NA NA 0.848484848484849
"Atherurus africanus" 11 22 427 -0.233269515733604 0.815552128606513 0.536299765807963
"Atherurus africanus" 11 33 415 0.837052311078708 0.402563164635187 0.604819277108434
"Atherurus africanus" 11 44 403 1.06211485275821 0.288183548103241 0.667493796526055
"Atherurus africanus" 11 55 376 1.33051777585957 0.183347733539179 0.702127659574468
"Atherurus africanus" 11 66 320 0.684649139469284 0.493565350658838 0.734375
"Atherurus africanus" 11 77 211 NA NA 0.725118483412322
"Atherurus africanus" 11 88 158 NA NA 0.759493670886076
"Atherurus africanus" 11 99 75 NA NA 0.826666666666667
"Atherurus africanus" 11 110 47 NA NA 0.872340425531915
"Atherurus africanus" 11 121 43 NA NA 0.86046511627907
"Atherurus africanus" 11 132 41 NA NA 0.853658536585366
"Atherurus africanus" 11 143 40 NA NA 0.85
"Atherurus africanus" 11 154 39 NA NA 0.846153846153846
"Atherurus africanus" 11 165 39 NA NA 0.846153846153846
"Atherurus africanus" 11 176 37 NA NA 0.837837837837838
"Atherurus africanus" 11 187 34 NA NA 0.823529411764706
"Atherurus africanus" 11 198 33 NA NA 0.818181818181818
"Atherurus africanus" 12 24 425 -0.166723346119966 0.867587735092844 0.552941176470588
"Atherurus africanus" 12 36 412 1.02347139015242 0.306085020281777 0.62621359223301
"Atherurus africanus" 12 48 397 1.28158674360015 0.199987652898185 0.680100755667506
"Atherurus africanus" 12 60 361 1.10879940474371 0.267516727338244 0.728531855955679
"Atherurus africanus" 12 72 249 1.38607303074505 0.165724604518649 0.72289156626506
"Atherurus africanus" 12 84 166 NA NA 0.746987951807229
"Atherurus africanus" 12 96 105 NA NA 0.79047619047619
"Atherurus africanus" 12 108 49 NA NA 0.877551020408163
"Atherurus africanus" 12 120 43 NA NA 0.86046511627907
"Atherurus africanus" 12 132 41 NA NA 0.853658536585366
"Atherurus africanus" 12 144 40 NA NA 0.85
"Atherurus africanus" 12 156 39 NA NA 0.846153846153846
"Atherurus africanus" 12 168 39 NA NA 0.846153846153846
"Atherurus africanus" 12 180 37 NA NA 0.837837837837838
"Atherurus africanus" 12 192 33 NA NA 0.818181818181818
"Atherurus africanus" 13 26 422 -0.175224744193788 0.860903042056898 0.566350710900474
"Atherurus africanus" 13 39 409 0.93789409557996 0.348298837811586 0.643031784841076
"Atherurus africanus" 13 52 386 1.03932676963932 0.298652788953991 0.691709844559586
"Atherurus africanus" 13 65 327 0.500889010569077 0.616449237046411 0.72782874617737
"Atherurus africanus" 13 78 209 NA NA 0.722488038277512
"Atherurus africanus" 13 91 150 NA NA 0.78
"Atherurus africanus" 13 104 75 NA NA 0.84
"Atherurus africanus" 13 117 43 NA NA 0.86046511627907
"Atherurus africanus" 13 130 41 NA NA 0.853658536585366
"Atherurus africanus" 13 143 40 NA NA 0.85
"Atherurus africanus" 13 156 39 NA NA 0.846153846153846
"Atherurus africanus" 13 169 39 NA NA 0.846153846153846
"Atherurus africanus" 13 182 37 NA NA 0.837837837837838
"Atherurus africanus" 13 195 33 NA NA 0.818181818181818
"Atherurus africanus" 14 28 422 0.187907659105771 0.850949038593026 0.571090047393365
"Atherurus africanus" 14 42 407 1.03495759274275 0.300688716259964 0.656019656019656
"Atherurus africanus" 14 56 373 1.31058609508251 0.189997639527929 0.718498659517426
"Atherurus africanus" 14 70 272 1.22431163080473 0.220834691011715 0.727941176470588
"Atherurus africanus" 14 84 166 NA NA 0.746987951807229
"Atherurus africanus" 14 98 75 NA NA 0.826666666666667
"Atherurus africanus" 14 112 45 NA NA 0.866666666666667
"Atherurus africanus" 14 126 43 NA NA 0.86046511627907
"Atherurus africanus" 14 140 40 NA NA 0.85
"Atherurus africanus" 14 154 39 NA NA 0.846153846153846
"Atherurus africanus" 14 168 39 NA NA 0.846153846153846
"Atherurus africanus" 14 182 37 NA NA 0.837837837837838
"Atherurus africanus" 14 196 33 NA NA 0.818181818181818
"Atherurus africanus" 15 30 420 0.708497714549966 0.478636230946878 0.583333333333333
"Atherurus africanus" 15 45 402 1.15189986645042 0.249362223130562 0.671641791044776
"Atherurus africanus" 15 60 361 1.15858010449008 0.246627382458341 0.728531855955679
"Atherurus africanus" 15 75 218 NA NA 0.715596330275229
"Atherurus africanus" 15 90 151 NA NA 0.781456953642384
"Atherurus africanus" 15 105 73 NA NA 0.835616438356164
"Atherurus africanus" 15 120 43 NA NA 0.86046511627907
"Atherurus africanus" 15 135 41 NA NA 0.853658536585366
"Atherurus africanus" 15 150 40 NA NA 0.85
"Atherurus africanus" 15 165 39 NA NA 0.846153846153846
"Atherurus africanus" 15 180 37 NA NA 0.837837837837838
"Atherurus africanus" 15 195 33 NA NA 0.818181818181818
"Atherurus africanus" 16 32 419 0.968305102191366 0.332892017379312 0.599045346062053
"Atherurus africanus" 16 48 397 1.53774875007945 0.124110058894002 0.680100755667506
"Atherurus africanus" 16 64 341 1.16185376412236 0.245294870771939 0.730205278592375
"Atherurus africanus" 16 80 180 NA NA 0.744444444444444
"Atherurus africanus" 16 96 105 NA NA 0.79047619047619
"Atherurus africanus" 16 112 45 NA NA 0.866666666666667
"Atherurus africanus" 16 128 42 NA NA 0.857142857142857
"Atherurus africanus" 16 144 40 NA NA 0.85
"Atherurus africanus" 16 160 39 NA NA 0.846153846153846
"Atherurus africanus" 16 176 37 NA NA 0.837837837837838
"Atherurus africanus" 16 192 33 NA NA 0.818181818181818
"Atherurus africanus" 17 34 415 1.37397957354084 0.169448023924145 0.609638554216868
"Atherurus africanus" 17 51 388 1.39864934637548 0.161918160873488 0.685567010309278
"Atherurus africanus" 17 68 296 0.600191953737117 0.548378315451845 0.733108108108108
"Atherurus africanus" 17 85 166 NA NA 0.753012048192771
"Atherurus africanus" 17 102 75 NA NA 0.826666666666667
"Atherurus africanus" 17 119 43 NA NA 0.86046511627907
"Atherurus africanus" 17 136 41 NA NA 0.853658536585366
"Atherurus africanus" 17 153 40 NA NA 0.85
"Atherurus africanus" 17 170 39 NA NA 0.846153846153846
"Atherurus africanus" 17 187 34 NA NA 0.823529411764706
"Atherurus africanus" 18 36 412 1.36198396048204 0.173202947073503 0.62621359223301
"Atherurus africanus" 18 54 381 1.72852537287063 0.0838940761006925 0.698162729658793
"Atherurus africanus" 18 72 249 1.3252949659317 0.185073338010794 0.72289156626506
"Atherurus africanus" 18 90 151 NA NA 0.781456953642384
"Atherurus africanus" 18 108 49 NA NA 0.877551020408163
"Atherurus africanus" 18 126 43 NA NA 0.86046511627907
"Atherurus africanus" 18 144 40 NA NA 0.85
"Atherurus africanus" 18 162 39 NA NA 0.846153846153846
"Atherurus africanus" 18 180 37 NA NA 0.837837837837838
"Atherurus africanus" 18 198 33 NA NA 0.818181818181818
"Atherurus africanus" 19 38 410 1.42539721619898 0.154042412314018 0.639024390243902
"Atherurus africanus" 19 57 370 1.61342123165374 0.106653023491649 0.721621621621622
"Atherurus africanus" 19 76 216 NA NA 0.722222222222222
"Atherurus africanus" 19 95 127 NA NA 0.78740157480315
"Atherurus africanus" 19 114 45 NA NA 0.866666666666667
"Atherurus africanus" 19 133 41 NA NA 0.853658536585366
"Atherurus africanus" 19 152 40 NA NA 0.85
"Atherurus africanus" 19 171 39 NA NA 0.846153846153846
"Atherurus africanus" 19 190 34 NA NA 0.823529411764706
"Atherurus africanus" 20 40 408 1.52283468918616 0.127800068868633 0.647058823529412
"Atherurus africanus" 20 60 361 1.3602961817196 0.173736216188882 0.728531855955679
"Atherurus africanus" 20 80 180 NA NA 0.744444444444444
"Atherurus africanus" 20 100 75 NA NA 0.826666666666667
"Atherurus africanus" 20 120 43 NA NA 0.86046511627907
"Atherurus africanus" 20 140 40 NA NA 0.85
"Atherurus africanus" 20 160 39 NA NA 0.846153846153846
"Atherurus africanus" 20 180 37 NA NA 0.837837837837838
"Atherurus africanus" 20 200 33 NA NA 0.848484848484849
"Atherurus africanus" 21 42 407 1.36091566553422 0.173540342306387 0.656019656019656
"Atherurus africanus" 21 63 349 1.39290402245015 0.163648815906538 0.730659025787966
"Atherurus africanus" 21 84 166 NA NA 0.746987951807229
"Atherurus africanus" 21 105 73 NA NA 0.835616438356164
"Atherurus africanus" 21 126 43 NA NA 0.86046511627907
"Atherurus africanus" 21 147 40 NA NA 0.85
"Atherurus africanus" 21 168 39 NA NA 0.846153846153846
"Atherurus africanus" 21 189 34 NA NA 0.823529411764706
"Atherurus africanus" 22 44 403 1.20099854383324 0.229751766184739 0.667493796526055
"Atherurus africanus" 22 66 320 1.12242463783293 0.261681933716295 0.734375
"Atherurus africanus" 22 88 158 NA NA 0.759493670886076
"Atherurus africanus" 22 110 47 NA NA 0.872340425531915
"Atherurus africanus" 22 132 41 NA NA 0.853658536585366
"Atherurus africanus" 22 154 39 NA NA 0.846153846153846
"Atherurus africanus" 22 176 37 NA NA 0.837837837837838
"Atherurus africanus" 22 198 33 NA NA 0.818181818181818
"Atherurus africanus" 23 46 401 1.17851437439275 0.238591605191384 0.670822942643391
"Atherurus africanus" 23 69 283 0.864359955621911 0.387390183603848 0.731448763250883
"Atherurus africanus" 23 92 146 NA NA 0.780821917808219
"Atherurus africanus" 23 115 44 NA NA 0.863636363636364
"Atherurus africanus" 23 138 41 NA NA 0.853658536585366
"Atherurus africanus" 23 161 39 NA NA 0.846153846153846
"Atherurus africanus" 23 184 36 NA NA 0.833333333333333
"Atherurus africanus" 24 48 397 1.4962909109255 0.134577862613948 0.680100755667506
"Atherurus africanus" 24 72 249 1.52284350360701 0.127797863094994 0.72289156626506
"Atherurus africanus" 24 96 105 NA NA 0.79047619047619
"Atherurus africanus" 24 120 43 NA NA 0.86046511627907
"Atherurus africanus" 24 144 40 NA NA 0.85
"Atherurus africanus" 24 168 39 NA NA 0.846153846153846
"Atherurus africanus" 24 192 33 NA NA 0.818181818181818
"Atherurus africanus" 25 50 391 1.59374222575603 0.110993782417554 0.680306905370844
"Atherurus africanus" 25 75 218 NA NA 0.715596330275229
"Atherurus africanus" 25 100 75 NA NA 0.826666666666667
"Atherurus africanus" 25 125 43 NA NA 0.86046511627907
"Atherurus africanus" 25 150 40 NA NA 0.85
"Atherurus africanus" 25 175 37 NA NA 0.837837837837838
"Atherurus africanus" 25 200 33 NA NA 0.848484848484849
"Atherurus africanus" 26 52 386 1.34684354193764 0.178030627961881 0.691709844559586
"Atherurus africanus" 26 78 209 NA NA 0.722488038277512
"Atherurus africanus" 26 104 75 NA NA 0.84
"Atherurus africanus" 26 130 41 NA NA 0.853658536585366
"Atherurus africanus" 26 156 39 NA NA 0.846153846153846
"Atherurus africanus" 26 182 37 NA NA 0.837837837837838
"Atherurus africanus" 27 54 381 1.5763028271688 0.114956030411813 0.698162729658793
"Atherurus africanus" 27 81 176 NA NA 0.75
"Atherurus africanus" 27 108 49 NA NA 0.877551020408163
"Atherurus africanus" 27 135 41 NA NA 0.853658536585366
"Atherurus africanus" 27 162 39 NA NA 0.846153846153846
"Atherurus africanus" 27 189 34 NA NA 0.823529411764706
"Atherurus africanus" 28 56 373 1.47583632462062 0.139987836689095 0.718498659517426
"Atherurus africanus" 28 84 166 NA NA 0.746987951807229
"Atherurus africanus" 28 112 45 NA NA 0.866666666666667
"Atherurus africanus" 28 140 40 NA NA 0.85
"Atherurus africanus" 28 168 39 NA NA 0.846153846153846
"Atherurus africanus" 28 196 33 NA NA 0.818181818181818
"Atherurus africanus" 29 58 366 1.35476852383888 0.175491318008576 0.726775956284153
"Atherurus africanus" 29 87 163 NA NA 0.754601226993865
"Atherurus africanus" 29 116 44 NA NA 0.863636363636364
"Atherurus africanus" 29 145 40 NA NA 0.85
"Atherurus africanus" 29 174 38 NA NA 0.842105263157895
"Atherurus africanus" 30 60 361 1.06620540445546 0.286330799625384 0.728531855955679
"Atherurus africanus" 30 90 151 NA NA 0.781456953642384
"Atherurus africanus" 30 120 43 NA NA 0.86046511627907
"Atherurus africanus" 30 150 40 NA NA 0.85
"Atherurus africanus" 30 180 37 NA NA 0.837837837837838
"Atherurus africanus" 31 62 351 0.880478159328473 0.37860033178375 0.729344729344729
"Atherurus africanus" 31 93 142 NA NA 0.78169014084507
"Atherurus africanus" 31 124 43 NA NA 0.86046511627907
"Atherurus africanus" 31 155 39 NA NA 0.846153846153846
"Atherurus africanus" 31 186 35 NA NA 0.828571428571429
"Atherurus africanus" 32 64 341 0.711756296506143 0.47661569991482 0.730205278592375
"Atherurus africanus" 32 96 105 NA NA 0.79047619047619
"Atherurus africanus" 32 128 42 NA NA 0.857142857142857
"Atherurus africanus" 32 160 39 NA NA 0.846153846153846
"Atherurus africanus" 32 192 33 NA NA 0.818181818181818
"Atherurus africanus" 33 66 320 1.0382984064595 0.299131150359697 0.734375
"Atherurus africanus" 33 99 75 NA NA 0.826666666666667
"Atherurus africanus" 33 132 41 NA NA 0.853658536585366
"Atherurus africanus" 33 165 39 NA NA 0.846153846153846
"Atherurus africanus" 33 198 33 NA NA 0.818181818181818
"Atherurus africanus" 34 68 296 0.730675595524186 0.464977325428925 0.733108108108108
"Atherurus africanus" 34 102 75 NA NA 0.826666666666667
"Atherurus africanus" 34 136 41 NA NA 0.853658536585366
"Atherurus africanus" 34 170 39 NA NA 0.846153846153846
"Atherurus africanus" 35 70 272 1.32530542775102 0.185069869481338 0.727941176470588
"Atherurus africanus" 35 105 73 NA NA 0.835616438356164
"Atherurus africanus" 35 140 40 NA NA 0.85
"Atherurus africanus" 35 175 37 NA NA 0.837837837837838
"Atherurus africanus" 36 72 249 1.49306817404765 0.135419342367698 0.72289156626506
"Atherurus africanus" 36 108 49 NA NA 0.877551020408163
"Atherurus africanus" 36 144 40 NA NA 0.85
"Atherurus africanus" 36 180 37 NA NA 0.837837837837838
"Atherurus africanus" 37 74 225 NA NA 0.715555555555556
"Atherurus africanus" 37 111 45 NA NA 0.866666666666667
"Atherurus africanus" 37 148 40 NA NA 0.85
"Atherurus africanus" 37 185 35 NA NA 0.828571428571429
"Atherurus africanus" 38 76 216 NA NA 0.722222222222222
"Atherurus africanus" 38 114 45 NA NA 0.866666666666667
"Atherurus africanus" 38 152 40 NA NA 0.85
"Atherurus africanus" 38 190 34 NA NA 0.823529411764706
"Atherurus africanus" 39 78 209 NA NA 0.722488038277512
"Atherurus africanus" 39 117 43 NA NA 0.86046511627907
"Atherurus africanus" 39 156 39 NA NA 0.846153846153846
"Atherurus africanus" 39 195 33 NA NA 0.818181818181818
"Atherurus africanus" 40 80 180 NA NA 0.744444444444444
"Atherurus africanus" 40 120 43 NA NA 0.86046511627907
"Atherurus africanus" 40 160 39 NA NA 0.846153846153846
"Atherurus africanus" 40 200 33 NA NA 0.848484848484849
"Atherurus africanus" 41 82 170 NA NA 0.752941176470588
"Atherurus africanus" 41 123 43 NA NA 0.86046511627907
"Atherurus africanus" 41 164 39 NA NA 0.846153846153846
"Atherurus africanus" 42 84 166 NA NA 0.746987951807229
"Atherurus africanus" 42 126 43 NA NA 0.86046511627907
"Atherurus africanus" 42 168 39 NA NA 0.846153846153846
"Atherurus africanus" 43 86 165 NA NA 0.757575757575758
"Atherurus africanus" 43 129 42 NA NA 0.857142857142857
"Atherurus africanus" 43 172 39 NA NA 0.846153846153846
"Atherurus africanus" 44 88 158 NA NA 0.759493670886076
"Atherurus africanus" 44 132 41 NA NA 0.853658536585366
"Atherurus africanus" 44 176 37 NA NA 0.837837837837838
"Atherurus africanus" 45 90 151 NA NA 0.781456953642384
"Atherurus africanus" 45 135 41 NA NA 0.853658536585366
"Atherurus africanus" 45 180 37 NA NA 0.837837837837838
"Atherurus africanus" 46 92 146 NA NA 0.780821917808219
"Atherurus africanus" 46 138 41 NA NA 0.853658536585366
"Atherurus africanus" 46 184 36 NA NA 0.833333333333333
"Atherurus africanus" 47 94 142 NA NA 0.78169014084507
"Atherurus africanus" 47 141 40 NA NA 0.85
"Atherurus africanus" 47 188 34 NA NA 0.823529411764706
"Atherurus africanus" 48 96 105 NA NA 0.79047619047619
"Atherurus africanus" 48 144 40 NA NA 0.85
"Atherurus africanus" 48 192 33 NA NA 0.818181818181818
"Atherurus africanus" 49 98 75 NA NA 0.826666666666667
"Atherurus africanus" 49 147 40 NA NA 0.85
"Atherurus africanus" 49 196 33 NA NA 0.818181818181818
"Atherurus africanus" 50 100 75 NA NA 0.826666666666667
"Atherurus africanus" 50 150 40 NA NA 0.85
"Atherurus africanus" 50 200 33 NA NA 0.848484848484849
"Atherurus africanus" 51 102 75 NA NA 0.826666666666667
"Atherurus africanus" 51 153 40 NA NA 0.85
"Atherurus africanus" 52 104 75 NA NA 0.84
"Atherurus africanus" 52 156 39 NA NA 0.846153846153846
"Atherurus africanus" 53 106 61 NA NA 0.852459016393443
"Atherurus africanus" 53 159 39 NA NA 0.846153846153846
"Atherurus africanus" 54 108 49 NA NA 0.877551020408163
"Atherurus africanus" 54 162 39 NA NA 0.846153846153846
"Atherurus africanus" 55 110 47 NA NA 0.872340425531915
"Atherurus africanus" 55 165 39 NA NA 0.846153846153846
"Atherurus africanus" 56 112 45 NA NA 0.866666666666667
"Atherurus africanus" 56 168 39 NA NA 0.846153846153846
"Atherurus africanus" 57 114 45 NA NA 0.866666666666667
"Atherurus africanus" 57 171 39 NA NA 0.846153846153846
"Atherurus africanus" 58 116 44 NA NA 0.863636363636364
"Atherurus africanus" 58 174 38 NA NA 0.842105263157895
"Atherurus africanus" 59 118 43 NA NA 0.86046511627907
"Atherurus africanus" 59 177 37 NA NA 0.837837837837838
"Atherurus africanus" 60 120 43 NA NA 0.86046511627907
"Atherurus africanus" 60 180 37 NA NA 0.837837837837838
"Atherurus africanus" 61 122 43 NA NA 0.86046511627907
"Atherurus africanus" 61 183 37 NA NA 0.837837837837838
"Atherurus africanus" 62 124 43 NA NA 0.86046511627907
"Atherurus africanus" 62 186 35 NA NA 0.828571428571429
"Atherurus africanus" 63 126 43 NA NA 0.86046511627907
"Atherurus africanus" 63 189 34 NA NA 0.823529411764706
"Atherurus africanus" 64 128 42 NA NA 0.857142857142857
"Atherurus africanus" 64 192 33 NA NA 0.818181818181818
"Atherurus africanus" 65 130 41 NA NA 0.853658536585366
"Atherurus africanus" 65 195 33 NA NA 0.818181818181818
"Atherurus africanus" 66 132 41 NA NA 0.853658536585366
"Atherurus africanus" 66 198 33 NA NA 0.818181818181818
"Atherurus africanus" 67 134 41 NA NA 0.853658536585366
"Atherurus africanus" 68 136 41 NA NA 0.853658536585366
"Atherurus africanus" 69 138 41 NA NA 0.853658536585366
"Atherurus africanus" 70 140 40 NA NA 0.85
"Atherurus africanus" 71 142 40 NA NA 0.85
"Atherurus africanus" 72 144 40 NA NA 0.85
"Atherurus africanus" 73 146 40 NA NA 0.85
"Atherurus africanus" 74 148 40 NA NA 0.85
"Atherurus africanus" 75 150 40 NA NA 0.85
"Atherurus africanus" 76 152 40 NA NA 0.85
"Atherurus africanus" 77 154 39 NA NA 0.846153846153846
"Atherurus africanus" 78 156 39 NA NA 0.846153846153846
"Atherurus africanus" 79 158 39 NA NA 0.846153846153846
"Atherurus africanus" 80 160 39 NA NA 0.846153846153846
"Atherurus africanus" 81 162 39 NA NA 0.846153846153846
"Atherurus africanus" 82 164 39 NA NA 0.846153846153846
"Atherurus africanus" 83 166 39 NA NA 0.846153846153846
"Atherurus africanus" 84 168 39 NA NA 0.846153846153846
"Atherurus africanus" 85 170 39 NA NA 0.846153846153846
"Atherurus africanus" 86 172 39 NA NA 0.846153846153846
"Atherurus africanus" 87 174 38 NA NA 0.842105263157895
"Atherurus africanus" 88 176 37 NA NA 0.837837837837838
"Atherurus africanus" 89 178 37 NA NA 0.837837837837838
"Atherurus africanus" 90 180 37 NA NA 0.837837837837838
"Atherurus africanus" 91 182 37 NA NA 0.837837837837838
"Atherurus africanus" 92 184 36 NA NA 0.833333333333333
"Atherurus africanus" 93 186 35 NA NA 0.828571428571429
"Atherurus africanus" 94 188 34 NA NA 0.823529411764706
"Atherurus africanus" 95 190 34 NA NA 0.823529411764706
"Atherurus africanus" 96 192 33 NA NA 0.818181818181818
"Atherurus africanus" 97 194 33 NA NA 0.818181818181818
"Atherurus africanus" 98 196 33 NA NA 0.818181818181818
"Atherurus africanus" 99 198 33 NA NA 0.818181818181818
"Atherurus africanus" 100 200 33 NA NA 0.848484848484849
