"species" "time_interval" "study_duration" "n_cams" "z" "P" "p_presence"
"Atilax paludinosus" 1 2 454 NA NA 0.0154185022026432
"Atilax paludinosus" 1 3 454 NA NA 0.0198237885462555
"Atilax paludinosus" 1 4 452 -0.764977990548598 0.444284650708468 0.0287610619469027
"Atilax paludinosus" 1 5 450 -1.3030242446616 0.192566484530359 0.0444444444444444
"Atilax paludinosus" 1 6 449 -2.07207170678623 0.0382587544467369 0.0601336302895323
"Atilax paludinosus" 1 7 447 -2.60742638120528 0.00912256848694911 0.0738255033557047
"Atilax paludinosus" 1 8 447 -2.75877587721183 0.00580183106824076 0.0760626398210291
"Atilax paludinosus" 1 9 447 -2.81778217504013 0.00483566033462046 0.0827740492170022
"Atilax paludinosus" 1 10 445 -2.43484464609445 0.0148981845389679 0.0876404494382022
"Atilax paludinosus" 1 11 440 -2.21635293078008 0.0266673406169614 0.0909090909090909
"Atilax paludinosus" 1 12 439 -2.21278449487215 0.026912506752433 0.10250569476082
"Atilax paludinosus" 1 13 438 -2.28697333741473 0.0221973794018332 0.105022831050228
"Atilax paludinosus" 1 14 436 -1.94649054788946 0.051595842252646 0.110091743119266
"Atilax paludinosus" 1 15 436 -1.92077935968155 0.0547595296795585 0.114678899082569
"Atilax paludinosus" 1 16 435 -2.19326945053068 0.0282879713212341 0.126436781609195
"Atilax paludinosus" 1 17 435 -2.44802557539633 0.014364145912352 0.131034482758621
"Atilax paludinosus" 1 18 434 -2.55696377051666 0.0105590214152131 0.138248847926267
"Atilax paludinosus" 1 19 432 -2.81332538421548 0.00490320081163079 0.155092592592593
"Atilax paludinosus" 1 20 430 -2.93388588948884 0.0033474725161469 0.158139534883721
"Atilax paludinosus" 1 21 429 -3.02409849903253 0.00249375232626327 0.165501165501166
"Atilax paludinosus" 1 22 427 -3.03865756288327 0.00237634801696469 0.17096018735363
"Atilax paludinosus" 1 23 426 -3.13915612339748 0.00169435149419083 0.173708920187793
"Atilax paludinosus" 1 24 425 -3.30621699466796 0.000945648232824812 0.178823529411765
"Atilax paludinosus" 1 25 423 -3.5034999320163 0.000459186772728991 0.184397163120567
"Atilax paludinosus" 1 26 422 -3.41560334863946 0.000636408744904439 0.18957345971564
"Atilax paludinosus" 1 27 422 -3.35902652951432 0.000782175580438155 0.194312796208531
"Atilax paludinosus" 1 28 422 -3.22618096217493 0.00125454009510543 0.196682464454976
"Atilax paludinosus" 1 29 422 -3.17458027485855 0.00150053378783962 0.196682464454976
"Atilax paludinosus" 1 30 420 -2.9275900826303 0.00341600087946354 0.202380952380952
"Atilax paludinosus" 1 31 419 -3.05583189832728 0.00224437048796919 0.205250596658711
"Atilax paludinosus" 1 32 419 -3.04186102867487 0.00235120418939265 0.205250596658711
"Atilax paludinosus" 1 33 415 -2.98465395785368 0.00283899292449632 0.207228915662651
"Atilax paludinosus" 1 34 415 -2.93511822750611 0.00333420622345134 0.212048192771084
"Atilax paludinosus" 1 35 413 -2.61381831163868 0.00895366362094888 0.215496368038741
"Atilax paludinosus" 1 36 412 -2.61773681167846 0.00885150461557446 0.216019417475728
"Atilax paludinosus" 1 37 410 -2.78602753471042 0.00533583390714068 0.219512195121951
"Atilax paludinosus" 1 38 410 -2.62703296563978 0.00861329891286866 0.221951219512195
"Atilax paludinosus" 1 39 409 -2.75373493217192 0.00589194660200936 0.222493887530562
"Atilax paludinosus" 1 40 408 -2.78619268526168 0.00533311600211521 0.230392156862745
"Atilax paludinosus" 1 41 407 -2.67940425397333 0.00737532924567911 0.228501228501229
"Atilax paludinosus" 1 42 407 -2.74646247895658 0.00602417763231036 0.230958230958231
"Atilax paludinosus" 1 43 405 -2.47417080510801 0.0133545832039793 0.234567901234568
"Atilax paludinosus" 1 44 403 -2.78559228040546 0.00534300293993681 0.24317617866005
"Atilax paludinosus" 1 45 402 -2.90871101362415 0.00362922164184321 0.251243781094527
"Atilax paludinosus" 1 46 401 -2.93185447216551 0.00336944597310137 0.254364089775561
"Atilax paludinosus" 1 47 398 -2.91036702725122 0.00361004545178202 0.256281407035176
"Atilax paludinosus" 1 48 397 -2.89943609781225 0.00373834538469168 0.254408060453401
"Atilax paludinosus" 1 49 395 -2.81650724546132 0.00485489478922832 0.258227848101266
"Atilax paludinosus" 1 50 391 -2.76775184245854 0.00564444165092886 0.258312020460358
"Atilax paludinosus" 1 51 388 -2.93688656914853 0.0033152534162108 0.260309278350515
"Atilax paludinosus" 1 52 386 -2.89742838295074 0.00376235627844676 0.259067357512953
"Atilax paludinosus" 1 53 382 -2.79742116954982 0.0051512335797339 0.256544502617801
"Atilax paludinosus" 1 54 381 -2.91298205318661 0.00357995175446613 0.257217847769029
"Atilax paludinosus" 1 55 376 -3.04301939841217 0.00234217234336577 0.26063829787234
"Atilax paludinosus" 1 56 373 -3.06632319821809 0.00216708928421476 0.262734584450402
"Atilax paludinosus" 1 57 370 -3.16343117309637 0.00155921215082426 0.264864864864865
"Atilax paludinosus" 1 58 366 -3.1974707952939 0.00138638449131691 0.26775956284153
"Atilax paludinosus" 1 59 364 -3.30950566336487 0.000934608752672922 0.271978021978022
"Atilax paludinosus" 1 60 361 -3.26965612508228 0.00107678297399859 0.271468144044321
"Atilax paludinosus" 1 61 356 -3.16077887245583 0.00157347901854072 0.280898876404494
"Atilax paludinosus" 1 62 351 -3.09401778831907 0.00197465646551304 0.287749287749288
"Atilax paludinosus" 1 63 349 -3.21736359995054 0.00129374527010437 0.286532951289398
"Atilax paludinosus" 1 64 341 -2.95824783264824 0.00309393265582665 0.293255131964809
"Atilax paludinosus" 1 65 327 -2.65457969369283 0.00794072802214335 0.293577981651376
"Atilax paludinosus" 1 66 320 -2.42081411446169 0.01548579374231 0.3
"Atilax paludinosus" 1 67 304 -2.64682733590879 0.00812508269687871 0.279605263157895
"Atilax paludinosus" 1 68 296 -2.28104560616623 0.0225457483163041 0.287162162162162
"Atilax paludinosus" 1 69 283 -3.78165629803939 0.000155788359805229 0.282685512367491
"Atilax paludinosus" 1 70 272 -3.83067186061409 0.000127793837658189 0.279411764705882
"Atilax paludinosus" 1 71 268 -3.6391908393451 0.000273496066832245 0.287313432835821
"Atilax paludinosus" 1 72 249 -3.74209331613031 0.000182493719547132 0.269076305220884
"Atilax paludinosus" 1 73 231 NA NA 0.251082251082251
"Atilax paludinosus" 1 74 225 NA NA 0.248888888888889
"Atilax paludinosus" 1 75 218 NA NA 0.256880733944954
"Atilax paludinosus" 1 76 216 NA NA 0.25462962962963
"Atilax paludinosus" 1 77 211 NA NA 0.260663507109005
"Atilax paludinosus" 1 78 209 NA NA 0.258373205741627
"Atilax paludinosus" 1 79 195 NA NA 0.251282051282051
"Atilax paludinosus" 1 80 180 NA NA 0.255555555555556
"Atilax paludinosus" 1 81 176 NA NA 0.261363636363636
"Atilax paludinosus" 1 82 170 NA NA 0.264705882352941
"Atilax paludinosus" 1 83 166 NA NA 0.271084337349398
"Atilax paludinosus" 1 84 166 NA NA 0.271084337349398
"Atilax paludinosus" 1 85 166 NA NA 0.271084337349398
"Atilax paludinosus" 1 86 165 NA NA 0.272727272727273
"Atilax paludinosus" 1 87 163 NA NA 0.269938650306748
"Atilax paludinosus" 1 88 158 NA NA 0.272151898734177
"Atilax paludinosus" 1 89 153 NA NA 0.261437908496732
"Atilax paludinosus" 1 90 151 NA NA 0.258278145695364
"Atilax paludinosus" 1 91 150 NA NA 0.26
"Atilax paludinosus" 1 92 146 NA NA 0.26027397260274
"Atilax paludinosus" 1 93 142 NA NA 0.26056338028169
"Atilax paludinosus" 1 94 142 NA NA 0.274647887323944
"Atilax paludinosus" 1 95 127 NA NA 0.283464566929134
"Atilax paludinosus" 1 96 105 NA NA 0.295238095238095
"Atilax paludinosus" 1 97 89 NA NA 0.292134831460674
"Atilax paludinosus" 1 98 75 NA NA 0.306666666666667
"Atilax paludinosus" 1 99 75 NA NA 0.306666666666667
"Atilax paludinosus" 1 100 75 NA NA 0.32
"Atilax paludinosus" 1 101 75 NA NA 0.32
"Atilax paludinosus" 1 102 75 NA NA 0.333333333333333
"Atilax paludinosus" 1 103 75 NA NA 0.333333333333333
"Atilax paludinosus" 1 104 75 NA NA 0.333333333333333
"Atilax paludinosus" 1 105 73 NA NA 0.342465753424658
"Atilax paludinosus" 1 106 61 NA NA 0.360655737704918
"Atilax paludinosus" 1 107 56 NA NA 0.392857142857143
"Atilax paludinosus" 1 108 49 NA NA 0.408163265306122
"Atilax paludinosus" 1 109 48 NA NA 0.416666666666667
"Atilax paludinosus" 1 110 47 NA NA 0.425531914893617
"Atilax paludinosus" 1 111 45 NA NA 0.444444444444444
"Atilax paludinosus" 1 112 45 NA NA 0.444444444444444
"Atilax paludinosus" 1 113 45 NA NA 0.444444444444444
"Atilax paludinosus" 1 114 45 NA NA 0.444444444444444
"Atilax paludinosus" 1 115 44 NA NA 0.431818181818182
"Atilax paludinosus" 1 116 44 NA NA 0.431818181818182
"Atilax paludinosus" 1 117 43 NA NA 0.441860465116279
"Atilax paludinosus" 1 118 43 NA NA 0.441860465116279
"Atilax paludinosus" 1 119 43 NA NA 0.441860465116279
"Atilax paludinosus" 1 120 43 NA NA 0.441860465116279
"Atilax paludinosus" 1 121 43 NA NA 0.441860465116279
"Atilax paludinosus" 1 122 43 NA NA 0.441860465116279
"Atilax paludinosus" 1 123 43 NA NA 0.441860465116279
"Atilax paludinosus" 1 124 43 NA NA 0.441860465116279
"Atilax paludinosus" 1 125 43 NA NA 0.441860465116279
"Atilax paludinosus" 1 126 43 NA NA 0.465116279069767
"Atilax paludinosus" 1 127 43 NA NA 0.465116279069767
"Atilax paludinosus" 1 128 42 NA NA 0.452380952380952
"Atilax paludinosus" 1 129 42 NA NA 0.452380952380952
"Atilax paludinosus" 1 130 41 NA NA 0.439024390243902
"Atilax paludinosus" 1 131 41 NA NA 0.439024390243902
"Atilax paludinosus" 1 132 41 NA NA 0.439024390243902
"Atilax paludinosus" 1 133 41 NA NA 0.439024390243902
"Atilax paludinosus" 1 134 41 NA NA 0.439024390243902
"Atilax paludinosus" 1 135 41 NA NA 0.439024390243902
"Atilax paludinosus" 1 136 41 NA NA 0.439024390243902
"Atilax paludinosus" 1 137 41 NA NA 0.439024390243902
"Atilax paludinosus" 1 138 41 NA NA 0.439024390243902
"Atilax paludinosus" 1 139 40 NA NA 0.45
"Atilax paludinosus" 1 140 40 NA NA 0.45
"Atilax paludinosus" 1 141 40 NA NA 0.45
"Atilax paludinosus" 1 142 40 NA NA 0.45
"Atilax paludinosus" 1 143 40 NA NA 0.45
"Atilax paludinosus" 1 144 40 NA NA 0.45
"Atilax paludinosus" 1 145 40 NA NA 0.45
"Atilax paludinosus" 1 146 40 NA NA 0.45
"Atilax paludinosus" 1 147 40 NA NA 0.45
"Atilax paludinosus" 1 148 40 NA NA 0.45
"Atilax paludinosus" 1 149 40 NA NA 0.45
"Atilax paludinosus" 1 150 40 NA NA 0.45
"Atilax paludinosus" 1 151 40 NA NA 0.45
"Atilax paludinosus" 1 152 40 NA NA 0.45
"Atilax paludinosus" 1 153 40 NA NA 0.45
"Atilax paludinosus" 1 154 39 NA NA 0.461538461538462
"Atilax paludinosus" 1 155 39 NA NA 0.461538461538462
"Atilax paludinosus" 1 156 39 NA NA 0.461538461538462
"Atilax paludinosus" 1 157 39 NA NA 0.487179487179487
"Atilax paludinosus" 1 158 39 NA NA 0.487179487179487
"Atilax paludinosus" 1 159 39 NA NA 0.487179487179487
"Atilax paludinosus" 1 160 39 NA NA 0.487179487179487
"Atilax paludinosus" 1 161 39 NA NA 0.487179487179487
"Atilax paludinosus" 1 162 39 NA NA 0.487179487179487
"Atilax paludinosus" 1 163 39 NA NA 0.487179487179487
"Atilax paludinosus" 1 164 39 NA NA 0.487179487179487
"Atilax paludinosus" 1 165 39 NA NA 0.487179487179487
"Atilax paludinosus" 1 166 39 NA NA 0.487179487179487
"Atilax paludinosus" 1 167 39 NA NA 0.487179487179487
"Atilax paludinosus" 1 168 39 NA NA 0.487179487179487
"Atilax paludinosus" 1 169 39 NA NA 0.487179487179487
"Atilax paludinosus" 1 170 39 NA NA 0.487179487179487
"Atilax paludinosus" 1 171 39 NA NA 0.487179487179487
"Atilax paludinosus" 1 172 39 NA NA 0.487179487179487
"Atilax paludinosus" 1 173 38 NA NA 0.5
"Atilax paludinosus" 1 174 38 NA NA 0.5
"Atilax paludinosus" 1 175 37 NA NA 0.486486486486487
"Atilax paludinosus" 1 176 37 NA NA 0.486486486486487
"Atilax paludinosus" 1 177 37 NA NA 0.486486486486487
"Atilax paludinosus" 1 178 37 NA NA 0.486486486486487
"Atilax paludinosus" 1 179 37 NA NA 0.486486486486487
"Atilax paludinosus" 1 180 37 NA NA 0.486486486486487
"Atilax paludinosus" 1 181 37 NA NA 0.486486486486487
"Atilax paludinosus" 1 182 37 NA NA 0.486486486486487
"Atilax paludinosus" 1 183 37 NA NA 0.486486486486487
"Atilax paludinosus" 1 184 36 NA NA 0.472222222222222
"Atilax paludinosus" 1 185 35 NA NA 0.485714285714286
"Atilax paludinosus" 1 186 35 NA NA 0.485714285714286
"Atilax paludinosus" 1 187 34 NA NA 0.470588235294118
"Atilax paludinosus" 1 188 34 NA NA 0.470588235294118
"Atilax paludinosus" 1 189 34 NA NA 0.470588235294118
"Atilax paludinosus" 1 190 34 NA NA 0.470588235294118
"Atilax paludinosus" 1 191 33 NA NA 0.484848484848485
"Atilax paludinosus" 1 192 33 NA NA 0.484848484848485
"Atilax paludinosus" 1 193 33 NA NA 0.484848484848485
"Atilax paludinosus" 1 194 33 NA NA 0.484848484848485
"Atilax paludinosus" 1 195 33 NA NA 0.484848484848485
"Atilax paludinosus" 1 196 33 NA NA 0.484848484848485
"Atilax paludinosus" 1 197 33 NA NA 0.484848484848485
"Atilax paludinosus" 1 198 33 NA NA 0.484848484848485
"Atilax paludinosus" 1 199 33 NA NA 0.484848484848485
"Atilax paludinosus" 1 200 33 NA NA 0.484848484848485
"Atilax paludinosus" 2 4 452 -0.69630148889489 0.486240040954035 0.0287610619469027
"Atilax paludinosus" 2 6 449 -1.98995103676448 0.0465963294457393 0.0601336302895323
"Atilax paludinosus" 2 8 447 -2.69683771480423 0.0070001376003864 0.0760626398210291
"Atilax paludinosus" 2 10 445 -2.36483480570338 0.0180381148292472 0.0876404494382022
"Atilax paludinosus" 2 12 439 -2.1544303045582 0.0312064421603354 0.10250569476082
"Atilax paludinosus" 2 14 436 -1.88499534368489 0.0594304664701031 0.110091743119266
"Atilax paludinosus" 2 16 435 -2.14820157646571 0.0316977455344574 0.126436781609195
"Atilax paludinosus" 2 18 434 -2.48198817374343 0.0130651611419939 0.138248847926267
"Atilax paludinosus" 2 20 430 -2.87421814106796 0.00405029108700633 0.158139534883721
"Atilax paludinosus" 2 22 427 -2.98183010031754 0.00286530962979082 0.17096018735363
"Atilax paludinosus" 2 24 425 -3.26113763547329 0.00110966163344201 0.178823529411765
"Atilax paludinosus" 2 26 422 -3.37511772166084 0.000737841213787122 0.18957345971564
"Atilax paludinosus" 2 28 422 -3.18293180008001 0.00145791949985183 0.196682464454976
"Atilax paludinosus" 2 30 420 -2.87974206776977 0.00398000633445319 0.202380952380952
"Atilax paludinosus" 2 32 419 -3.02873991906773 0.00245575996967084 0.205250596658711
"Atilax paludinosus" 2 34 415 -2.93310094507578 0.00335594759478343 0.212048192771084
"Atilax paludinosus" 2 36 412 -2.59368543583956 0.00949533186201139 0.216019417475728
"Atilax paludinosus" 2 38 410 -2.57476788628359 0.0100307376356914 0.221951219512195
"Atilax paludinosus" 2 40 408 -2.7200528897357 0.00652714754145589 0.230392156862745
"Atilax paludinosus" 2 42 407 -2.70535512780976 0.00682314026545789 0.230958230958231
"Atilax paludinosus" 2 44 403 -2.7569643251381 0.00583407162089166 0.24317617866005
"Atilax paludinosus" 2 46 401 -2.92966430861664 0.00339328362544689 0.254364089775561
"Atilax paludinosus" 2 48 397 -2.89199348256178 0.00382805887914031 0.254408060453401
"Atilax paludinosus" 2 50 391 -2.74773376154786 0.00600087149729536 0.258312020460358
"Atilax paludinosus" 2 52 386 -2.87455829320317 0.00404593075655979 0.259067357512953
"Atilax paludinosus" 2 54 381 -2.81437297659239 0.0048872487959767 0.257217847769029
"Atilax paludinosus" 2 56 373 -2.92732549737058 0.00341890859477273 0.262734584450402
"Atilax paludinosus" 2 58 366 -3.05237567437938 0.00227037759247357 0.26775956284153
"Atilax paludinosus" 2 60 361 -3.12960603748471 0.00175040884183561 0.271468144044321
"Atilax paludinosus" 2 62 351 -2.98097004992258 0.00287336892953882 0.287749287749288
"Atilax paludinosus" 2 64 341 -2.85073495816549 0.00436183109174416 0.293255131964809
"Atilax paludinosus" 2 66 320 -2.35359532506955 0.0185928399610664 0.3
"Atilax paludinosus" 2 68 296 -2.27368569916773 0.0229848906195098 0.287162162162162
"Atilax paludinosus" 2 70 272 -3.6271932928522 0.000286518805667559 0.279411764705882
"Atilax paludinosus" 2 72 249 -3.54584043709709 0.000391363104532276 0.269076305220884
"Atilax paludinosus" 2 74 225 NA NA 0.248888888888889
"Atilax paludinosus" 2 76 216 NA NA 0.25462962962963
"Atilax paludinosus" 2 78 209 NA NA 0.258373205741627
"Atilax paludinosus" 2 80 180 NA NA 0.255555555555556
"Atilax paludinosus" 2 82 170 NA NA 0.264705882352941
"Atilax paludinosus" 2 84 166 NA NA 0.271084337349398
"Atilax paludinosus" 2 86 165 NA NA 0.272727272727273
"Atilax paludinosus" 2 88 158 NA NA 0.272151898734177
"Atilax paludinosus" 2 90 151 NA NA 0.258278145695364
"Atilax paludinosus" 2 92 146 NA NA 0.26027397260274
"Atilax paludinosus" 2 94 142 NA NA 0.274647887323944
"Atilax paludinosus" 2 96 105 NA NA 0.295238095238095
"Atilax paludinosus" 2 98 75 NA NA 0.306666666666667
"Atilax paludinosus" 2 100 75 NA NA 0.32
"Atilax paludinosus" 2 102 75 NA NA 0.333333333333333
"Atilax paludinosus" 2 104 75 NA NA 0.333333333333333
"Atilax paludinosus" 2 106 61 NA NA 0.360655737704918
"Atilax paludinosus" 2 108 49 NA NA 0.408163265306122
"Atilax paludinosus" 2 110 47 NA NA 0.425531914893617
"Atilax paludinosus" 2 112 45 NA NA 0.444444444444444
"Atilax paludinosus" 2 114 45 NA NA 0.444444444444444
"Atilax paludinosus" 2 116 44 NA NA 0.431818181818182
"Atilax paludinosus" 2 118 43 NA NA 0.441860465116279
"Atilax paludinosus" 2 120 43 NA NA 0.441860465116279
"Atilax paludinosus" 2 122 43 NA NA 0.441860465116279
"Atilax paludinosus" 2 124 43 NA NA 0.441860465116279
"Atilax paludinosus" 2 126 43 NA NA 0.465116279069767
"Atilax paludinosus" 2 128 42 NA NA 0.452380952380952
"Atilax paludinosus" 2 130 41 NA NA 0.439024390243902
"Atilax paludinosus" 2 132 41 NA NA 0.439024390243902
"Atilax paludinosus" 2 134 41 NA NA 0.439024390243902
"Atilax paludinosus" 2 136 41 NA NA 0.439024390243902
"Atilax paludinosus" 2 138 41 NA NA 0.439024390243902
"Atilax paludinosus" 2 140 40 NA NA 0.45
"Atilax paludinosus" 2 142 40 NA NA 0.45
"Atilax paludinosus" 2 144 40 NA NA 0.45
"Atilax paludinosus" 2 146 40 NA NA 0.45
"Atilax paludinosus" 2 148 40 NA NA 0.45
"Atilax paludinosus" 2 150 40 NA NA 0.45
"Atilax paludinosus" 2 152 40 NA NA 0.45
"Atilax paludinosus" 2 154 39 NA NA 0.461538461538462
"Atilax paludinosus" 2 156 39 NA NA 0.461538461538462
"Atilax paludinosus" 2 158 39 NA NA 0.487179487179487
"Atilax paludinosus" 2 160 39 NA NA 0.487179487179487
"Atilax paludinosus" 2 162 39 NA NA 0.487179487179487
"Atilax paludinosus" 2 164 39 NA NA 0.487179487179487
"Atilax paludinosus" 2 166 39 NA NA 0.487179487179487
"Atilax paludinosus" 2 168 39 NA NA 0.487179487179487
"Atilax paludinosus" 2 170 39 NA NA 0.487179487179487
"Atilax paludinosus" 2 172 39 NA NA 0.487179487179487
"Atilax paludinosus" 2 174 38 NA NA 0.5
"Atilax paludinosus" 2 176 37 NA NA 0.486486486486487
"Atilax paludinosus" 2 178 37 NA NA 0.486486486486487
"Atilax paludinosus" 2 180 37 NA NA 0.486486486486487
"Atilax paludinosus" 2 182 37 NA NA 0.486486486486487
"Atilax paludinosus" 2 184 36 NA NA 0.472222222222222
"Atilax paludinosus" 2 186 35 NA NA 0.485714285714286
"Atilax paludinosus" 2 188 34 NA NA 0.470588235294118
"Atilax paludinosus" 2 190 34 NA NA 0.470588235294118
"Atilax paludinosus" 2 192 33 NA NA 0.484848484848485
"Atilax paludinosus" 2 194 33 NA NA 0.484848484848485
"Atilax paludinosus" 2 196 33 NA NA 0.484848484848485
"Atilax paludinosus" 2 198 33 NA NA 0.484848484848485
"Atilax paludinosus" 2 200 33 NA NA 0.484848484848485
"Atilax paludinosus" 3 6 449 -1.98142405587441 0.047543738251384 0.0601336302895323
"Atilax paludinosus" 3 9 447 -2.73196111450124 0.00629585712040987 0.0827740492170022
"Atilax paludinosus" 3 12 439 -2.13190689497639 0.0330145012901071 0.10250569476082
"Atilax paludinosus" 3 15 436 -1.83460455208498 0.0665643037191668 0.114678899082569
"Atilax paludinosus" 3 18 434 -2.48196334404795 0.0130660715587128 0.138248847926267
"Atilax paludinosus" 3 21 429 -2.94450385377983 0.00323472917994852 0.165501165501166
"Atilax paludinosus" 3 24 425 -3.22835300693125 0.00124505227681804 0.178823529411765
"Atilax paludinosus" 3 27 422 -3.28675083872356 0.00101350465009056 0.194312796208531
"Atilax paludinosus" 3 30 420 -2.8424238905604 0.00447719196375464 0.202380952380952
"Atilax paludinosus" 3 33 415 -2.92569328668081 0.00343689599458867 0.207228915662651
"Atilax paludinosus" 3 36 412 -2.54753294971628 0.010848760742839 0.216019417475728
"Atilax paludinosus" 3 39 409 -2.61417694869449 0.00894427002886295 0.222493887530562
"Atilax paludinosus" 3 42 407 -2.61739155331907 0.00886046381216058 0.230958230958231
"Atilax paludinosus" 3 45 402 -2.81929112273816 0.00481298443468321 0.251243781094527
"Atilax paludinosus" 3 48 397 -2.80576891321395 0.00501966770077622 0.254408060453401
"Atilax paludinosus" 3 51 388 -2.83225801814858 0.00462205354995236 0.260309278350515
"Atilax paludinosus" 3 54 381 -2.70349553797572 0.00686143692176013 0.257217847769029
"Atilax paludinosus" 3 57 370 -2.90555477902895 0.0036660267231299 0.264864864864865
"Atilax paludinosus" 3 60 361 -3.01170727340566 0.00259782979270957 0.271468144044321
"Atilax paludinosus" 3 63 349 -3.02210977658012 0.00251019497352735 0.286532951289398
"Atilax paludinosus" 3 66 320 -2.31517056097936 0.0206035996751326 0.3
"Atilax paludinosus" 3 69 283 -3.4502968723533 0.000559970395209698 0.282685512367491
"Atilax paludinosus" 3 72 249 -3.393476393626 0.000690115062930644 0.269076305220884
"Atilax paludinosus" 3 75 218 NA NA 0.256880733944954
"Atilax paludinosus" 3 78 209 NA NA 0.258373205741627
"Atilax paludinosus" 3 81 176 NA NA 0.261363636363636
"Atilax paludinosus" 3 84 166 NA NA 0.271084337349398
"Atilax paludinosus" 3 87 163 NA NA 0.269938650306748
"Atilax paludinosus" 3 90 151 NA NA 0.258278145695364
"Atilax paludinosus" 3 93 142 NA NA 0.26056338028169
"Atilax paludinosus" 3 96 105 NA NA 0.295238095238095
"Atilax paludinosus" 3 99 75 NA NA 0.306666666666667
"Atilax paludinosus" 3 102 75 NA NA 0.333333333333333
"Atilax paludinosus" 3 105 73 NA NA 0.342465753424658
"Atilax paludinosus" 3 108 49 NA NA 0.408163265306122
"Atilax paludinosus" 3 111 45 NA NA 0.444444444444444
"Atilax paludinosus" 3 114 45 NA NA 0.444444444444444
"Atilax paludinosus" 3 117 43 NA NA 0.441860465116279
"Atilax paludinosus" 3 120 43 NA NA 0.441860465116279
"Atilax paludinosus" 3 123 43 NA NA 0.441860465116279
"Atilax paludinosus" 3 126 43 NA NA 0.465116279069767
"Atilax paludinosus" 3 129 42 NA NA 0.452380952380952
"Atilax paludinosus" 3 132 41 NA NA 0.439024390243902
"Atilax paludinosus" 3 135 41 NA NA 0.439024390243902
"Atilax paludinosus" 3 138 41 NA NA 0.439024390243902
"Atilax paludinosus" 3 141 40 NA NA 0.45
"Atilax paludinosus" 3 144 40 NA NA 0.45
"Atilax paludinosus" 3 147 40 NA NA 0.45
"Atilax paludinosus" 3 150 40 NA NA 0.45
"Atilax paludinosus" 3 153 40 NA NA 0.45
"Atilax paludinosus" 3 156 39 NA NA 0.461538461538462
"Atilax paludinosus" 3 159 39 NA NA 0.487179487179487
"Atilax paludinosus" 3 162 39 NA NA 0.487179487179487
"Atilax paludinosus" 3 165 39 NA NA 0.487179487179487
"Atilax paludinosus" 3 168 39 NA NA 0.487179487179487
"Atilax paludinosus" 3 171 39 NA NA 0.487179487179487
"Atilax paludinosus" 3 174 38 NA NA 0.5
"Atilax paludinosus" 3 177 37 NA NA 0.486486486486487
"Atilax paludinosus" 3 180 37 NA NA 0.486486486486487
"Atilax paludinosus" 3 183 37 NA NA 0.486486486486487
"Atilax paludinosus" 3 186 35 NA NA 0.485714285714286
"Atilax paludinosus" 3 189 34 NA NA 0.470588235294118
"Atilax paludinosus" 3 192 33 NA NA 0.484848484848485
"Atilax paludinosus" 3 195 33 NA NA 0.484848484848485
"Atilax paludinosus" 3 198 33 NA NA 0.484848484848485
"Atilax paludinosus" 4 8 447 -2.67774159214509 0.00741203773388596 0.0760626398210291
"Atilax paludinosus" 4 12 439 -2.1651330890663 0.0303774946218243 0.10250569476082
"Atilax paludinosus" 4 16 435 -2.17766689581779 0.0294308452120503 0.126436781609195
"Atilax paludinosus" 4 20 430 -2.86929805842195 0.0041138393250977 0.158139534883721
"Atilax paludinosus" 4 24 425 -3.21141113085648 0.0013208481703863 0.178823529411765
"Atilax paludinosus" 4 28 422 -3.13763661906686 0.00170315881309623 0.196682464454976
"Atilax paludinosus" 4 32 419 -2.97447483237626 0.00293490530251698 0.205250596658711
"Atilax paludinosus" 4 36 412 -2.5762031170655 0.00998919470840512 0.216019417475728
"Atilax paludinosus" 4 40 408 -2.70134182086323 0.00690603215717079 0.230392156862745
"Atilax paludinosus" 4 44 403 -2.76654768988899 0.00566532978963967 0.24317617866005
"Atilax paludinosus" 4 48 397 -2.89994770999076 0.00373224916392018 0.254408060453401
"Atilax paludinosus" 4 52 386 -2.87276794850408 0.00406892866329405 0.259067357512953
"Atilax paludinosus" 4 56 373 -2.91857355071189 0.00351636909720488 0.262734584450402
"Atilax paludinosus" 4 60 361 -3.11191234688356 0.00185879680740151 0.271468144044321
"Atilax paludinosus" 4 64 341 -2.88391064525416 0.00392770183036294 0.293255131964809
"Atilax paludinosus" 4 68 296 -2.41245040483009 0.0158456930742386 0.287162162162162
"Atilax paludinosus" 4 72 249 -3.37437894488942 0.000739824472951365 0.269076305220884
"Atilax paludinosus" 4 76 216 NA NA 0.25462962962963
"Atilax paludinosus" 4 80 180 NA NA 0.255555555555556
"Atilax paludinosus" 4 84 166 NA NA 0.271084337349398
"Atilax paludinosus" 4 88 158 NA NA 0.272151898734177
"Atilax paludinosus" 4 92 146 NA NA 0.26027397260274
"Atilax paludinosus" 4 96 105 NA NA 0.295238095238095
"Atilax paludinosus" 4 100 75 NA NA 0.32
"Atilax paludinosus" 4 104 75 NA NA 0.333333333333333
"Atilax paludinosus" 4 108 49 NA NA 0.408163265306122
"Atilax paludinosus" 4 112 45 NA NA 0.444444444444444
"Atilax paludinosus" 4 116 44 NA NA 0.431818181818182
"Atilax paludinosus" 4 120 43 NA NA 0.441860465116279
"Atilax paludinosus" 4 124 43 NA NA 0.441860465116279
"Atilax paludinosus" 4 128 42 NA NA 0.452380952380952
"Atilax paludinosus" 4 132 41 NA NA 0.439024390243902
"Atilax paludinosus" 4 136 41 NA NA 0.439024390243902
"Atilax paludinosus" 4 140 40 NA NA 0.45
"Atilax paludinosus" 4 144 40 NA NA 0.45
"Atilax paludinosus" 4 148 40 NA NA 0.45
"Atilax paludinosus" 4 152 40 NA NA 0.45
"Atilax paludinosus" 4 156 39 NA NA 0.461538461538462
"Atilax paludinosus" 4 160 39 NA NA 0.487179487179487
"Atilax paludinosus" 4 164 39 NA NA 0.487179487179487
"Atilax paludinosus" 4 168 39 NA NA 0.487179487179487
"Atilax paludinosus" 4 172 39 NA NA 0.487179487179487
"Atilax paludinosus" 4 176 37 NA NA 0.486486486486487
"Atilax paludinosus" 4 180 37 NA NA 0.486486486486487
"Atilax paludinosus" 4 184 36 NA NA 0.472222222222222
"Atilax paludinosus" 4 188 34 NA NA 0.470588235294118
"Atilax paludinosus" 4 192 33 NA NA 0.484848484848485
"Atilax paludinosus" 4 196 33 NA NA 0.484848484848485
"Atilax paludinosus" 4 200 33 NA NA 0.484848484848485
"Atilax paludinosus" 5 10 445 -2.33185359579189 0.0197083943814154 0.0876404494382022
"Atilax paludinosus" 5 15 436 -1.87251486439087 0.0611354073950058 0.114678899082569
"Atilax paludinosus" 5 20 430 -2.88584814748071 0.0039036045222592 0.158139534883721
"Atilax paludinosus" 5 25 423 -3.45976725040788 0.000540642481573182 0.184397163120567
"Atilax paludinosus" 5 30 420 -2.89653762872856 0.00377305390787536 0.202380952380952
"Atilax paludinosus" 5 35 413 -2.70010834321536 0.00693168986115755 0.215496368038741
"Atilax paludinosus" 5 40 408 -2.76864675349884 0.00562896287934359 0.230392156862745
"Atilax paludinosus" 5 45 402 -2.95378846697436 0.00313899086617971 0.251243781094527
"Atilax paludinosus" 5 50 391 -2.77754185113651 0.00547717860352129 0.258312020460358
"Atilax paludinosus" 5 55 376 -2.90180216413279 0.00371022769850592 0.26063829787234
"Atilax paludinosus" 5 60 361 -3.1371142197529 0.00170619644657543 0.271468144044321
"Atilax paludinosus" 5 65 327 -2.61232842705214 0.00899278178476521 0.293577981651376
"Atilax paludinosus" 5 70 272 -3.361774635241 0.000774433015843816 0.279411764705882
"Atilax paludinosus" 5 75 218 NA NA 0.256880733944954
"Atilax paludinosus" 5 80 180 NA NA 0.255555555555556
"Atilax paludinosus" 5 85 166 NA NA 0.271084337349398
"Atilax paludinosus" 5 90 151 NA NA 0.258278145695364
"Atilax paludinosus" 5 95 127 NA NA 0.283464566929134
"Atilax paludinosus" 5 100 75 NA NA 0.32
"Atilax paludinosus" 5 105 73 NA NA 0.342465753424658
"Atilax paludinosus" 5 110 47 NA NA 0.425531914893617
"Atilax paludinosus" 5 115 44 NA NA 0.431818181818182
"Atilax paludinosus" 5 120 43 NA NA 0.441860465116279
"Atilax paludinosus" 5 125 43 NA NA 0.441860465116279
"Atilax paludinosus" 5 130 41 NA NA 0.439024390243902
"Atilax paludinosus" 5 135 41 NA NA 0.439024390243902
"Atilax paludinosus" 5 140 40 NA NA 0.45
"Atilax paludinosus" 5 145 40 NA NA 0.45
"Atilax paludinosus" 5 150 40 NA NA 0.45
"Atilax paludinosus" 5 155 39 NA NA 0.461538461538462
"Atilax paludinosus" 5 160 39 NA NA 0.487179487179487
"Atilax paludinosus" 5 165 39 NA NA 0.487179487179487
"Atilax paludinosus" 5 170 39 NA NA 0.487179487179487
"Atilax paludinosus" 5 175 37 NA NA 0.486486486486487
"Atilax paludinosus" 5 180 37 NA NA 0.486486486486487
"Atilax paludinosus" 5 185 35 NA NA 0.485714285714286
"Atilax paludinosus" 5 190 34 NA NA 0.470588235294118
"Atilax paludinosus" 5 195 33 NA NA 0.484848484848485
"Atilax paludinosus" 5 200 33 NA NA 0.484848484848485
"Atilax paludinosus" 6 12 439 -2.18829292032373 0.0286482722690889 0.10250569476082
"Atilax paludinosus" 6 18 434 -2.58673871442027 0.0096889031617627 0.138248847926267
"Atilax paludinosus" 6 24 425 -3.31655556060874 0.000911344645479774 0.178823529411765
"Atilax paludinosus" 6 30 420 -2.98296288059179 0.00285472614268933 0.202380952380952
"Atilax paludinosus" 6 36 412 -2.72113618148323 0.00650579541689427 0.216019417475728
"Atilax paludinosus" 6 42 407 -2.80409506450336 0.0050458025224533 0.230958230958231
"Atilax paludinosus" 6 48 397 -2.99643374274973 0.00273157591871298 0.254408060453401
"Atilax paludinosus" 6 54 381 -2.87681219751918 0.00401714598120471 0.257217847769029
"Atilax paludinosus" 6 60 361 -3.17112532422715 0.00151849616046449 0.271468144044321
"Atilax paludinosus" 6 66 320 -2.459531766408 0.0139118385381159 0.3
"Atilax paludinosus" 6 72 249 -3.28124457659846 0.00103350084154038 0.269076305220884
"Atilax paludinosus" 6 78 209 NA NA 0.258373205741627
"Atilax paludinosus" 6 84 166 NA NA 0.271084337349398
"Atilax paludinosus" 6 90 151 NA NA 0.258278145695364
"Atilax paludinosus" 6 96 105 NA NA 0.295238095238095
"Atilax paludinosus" 6 102 75 NA NA 0.333333333333333
"Atilax paludinosus" 6 108 49 NA NA 0.408163265306122
"Atilax paludinosus" 6 114 45 NA NA 0.444444444444444
"Atilax paludinosus" 6 120 43 NA NA 0.441860465116279
"Atilax paludinosus" 6 126 43 NA NA 0.465116279069767
"Atilax paludinosus" 6 132 41 NA NA 0.439024390243902
"Atilax paludinosus" 6 138 41 NA NA 0.439024390243902
"Atilax paludinosus" 6 144 40 NA NA 0.45
"Atilax paludinosus" 6 150 40 NA NA 0.45
"Atilax paludinosus" 6 156 39 NA NA 0.461538461538462
"Atilax paludinosus" 6 162 39 NA NA 0.487179487179487
"Atilax paludinosus" 6 168 39 NA NA 0.487179487179487
"Atilax paludinosus" 6 174 38 NA NA 0.5
"Atilax paludinosus" 6 180 37 NA NA 0.486486486486487
"Atilax paludinosus" 6 186 35 NA NA 0.485714285714286
"Atilax paludinosus" 6 192 33 NA NA 0.484848484848485
"Atilax paludinosus" 6 198 33 NA NA 0.484848484848485
"Atilax paludinosus" 7 14 436 -1.95627414665599 0.0504328680381865 0.110091743119266
"Atilax paludinosus" 7 21 429 -3.03687795832913 0.00239042216592308 0.165501165501166
"Atilax paludinosus" 7 28 422 -3.27995862506356 0.001038223113852 0.196682464454976
"Atilax paludinosus" 7 35 413 -2.81640780603439 0.00485639790605569 0.215496368038741
"Atilax paludinosus" 7 42 407 -2.84114746173398 0.00449515215464452 0.230958230958231
"Atilax paludinosus" 7 49 395 -2.97082553698782 0.00297000448430293 0.258227848101266
"Atilax paludinosus" 7 56 373 -3.00685776196971 0.00263963241825365 0.262734584450402
"Atilax paludinosus" 7 63 349 -3.19915923905794 0.00137829016952023 0.286532951289398
"Atilax paludinosus" 7 70 272 -3.29583744113189 0.000981287779044755 0.279411764705882
"Atilax paludinosus" 7 77 211 NA NA 0.260663507109005
"Atilax paludinosus" 7 84 166 NA NA 0.271084337349398
"Atilax paludinosus" 7 91 150 NA NA 0.26
"Atilax paludinosus" 7 98 75 NA NA 0.306666666666667
"Atilax paludinosus" 7 105 73 NA NA 0.342465753424658
"Atilax paludinosus" 7 112 45 NA NA 0.444444444444444
"Atilax paludinosus" 7 119 43 NA NA 0.441860465116279
"Atilax paludinosus" 7 126 43 NA NA 0.465116279069767
"Atilax paludinosus" 7 133 41 NA NA 0.439024390243902
"Atilax paludinosus" 7 140 40 NA NA 0.45
"Atilax paludinosus" 7 147 40 NA NA 0.45
"Atilax paludinosus" 7 154 39 NA NA 0.461538461538462
"Atilax paludinosus" 7 161 39 NA NA 0.487179487179487
"Atilax paludinosus" 7 168 39 NA NA 0.487179487179487
"Atilax paludinosus" 7 175 37 NA NA 0.486486486486487
"Atilax paludinosus" 7 182 37 NA NA 0.486486486486487
"Atilax paludinosus" 7 189 34 NA NA 0.470588235294118
"Atilax paludinosus" 7 196 33 NA NA 0.484848484848485
"Atilax paludinosus" 8 16 435 -2.19853230988923 0.0279111947047381 0.126436781609195
"Atilax paludinosus" 8 24 425 -3.23123582161756 0.00123256202667332 0.178823529411765
"Atilax paludinosus" 8 32 419 -3.04698467370852 0.00231149495247612 0.205250596658711
"Atilax paludinosus" 8 40 408 -2.82385395600394 0.00474500005770924 0.230392156862745
"Atilax paludinosus" 8 48 397 -2.99491658578807 0.00274519903408518 0.254408060453401
"Atilax paludinosus" 8 56 373 -2.98602760699949 0.00282627127071644 0.262734584450402
"Atilax paludinosus" 8 64 341 -2.9532124500852 0.00314485446328986 0.293255131964809
"Atilax paludinosus" 8 72 249 -3.24073940449472 0.0011922011657424 0.269076305220884
"Atilax paludinosus" 8 80 180 NA NA 0.255555555555556
"Atilax paludinosus" 8 88 158 NA NA 0.272151898734177
"Atilax paludinosus" 8 96 105 NA NA 0.295238095238095
"Atilax paludinosus" 8 104 75 NA NA 0.333333333333333
"Atilax paludinosus" 8 112 45 NA NA 0.444444444444444
"Atilax paludinosus" 8 120 43 NA NA 0.441860465116279
"Atilax paludinosus" 8 128 42 NA NA 0.452380952380952
"Atilax paludinosus" 8 136 41 NA NA 0.439024390243902
"Atilax paludinosus" 8 144 40 NA NA 0.45
"Atilax paludinosus" 8 152 40 NA NA 0.45
"Atilax paludinosus" 8 160 39 NA NA 0.487179487179487
"Atilax paludinosus" 8 168 39 NA NA 0.487179487179487
"Atilax paludinosus" 8 176 37 NA NA 0.486486486486487
"Atilax paludinosus" 8 184 36 NA NA 0.472222222222222
"Atilax paludinosus" 8 192 33 NA NA 0.484848484848485
"Atilax paludinosus" 8 200 33 NA NA 0.484848484848485
"Atilax paludinosus" 9 18 434 -2.52667404068048 0.0115148319371994 0.138248847926267
"Atilax paludinosus" 9 27 422 -3.33866821687189 0.000841810438209717 0.194312796208531
"Atilax paludinosus" 9 36 412 -2.69457321211992 0.00704788413362096 0.216019417475728
"Atilax paludinosus" 9 45 402 -2.97138259325423 0.00296462202538673 0.251243781094527
"Atilax paludinosus" 9 54 381 -2.78223783699785 0.00539854615799012 0.257217847769029
"Atilax paludinosus" 9 63 349 -3.10489250728846 0.00190348186910076 0.286532951289398
"Atilax paludinosus" 9 72 249 -3.14090517494604 0.00168426555307376 0.269076305220884
"Atilax paludinosus" 9 81 176 NA NA 0.261363636363636
"Atilax paludinosus" 9 90 151 NA NA 0.258278145695364
"Atilax paludinosus" 9 99 75 NA NA 0.306666666666667
"Atilax paludinosus" 9 108 49 NA NA 0.408163265306122
"Atilax paludinosus" 9 117 43 NA NA 0.441860465116279
"Atilax paludinosus" 9 126 43 NA NA 0.465116279069767
"Atilax paludinosus" 9 135 41 NA NA 0.439024390243902
"Atilax paludinosus" 9 144 40 NA NA 0.45
"Atilax paludinosus" 9 153 40 NA NA 0.45
"Atilax paludinosus" 9 162 39 NA NA 0.487179487179487
"Atilax paludinosus" 9 171 39 NA NA 0.487179487179487
"Atilax paludinosus" 9 180 37 NA NA 0.486486486486487
"Atilax paludinosus" 9 189 34 NA NA 0.470588235294118
"Atilax paludinosus" 9 198 33 NA NA 0.484848484848485
"Atilax paludinosus" 10 20 430 -3.004661037322 0.00265876969723737 0.158139534883721
"Atilax paludinosus" 10 30 420 -3.05270700953073 0.00226787247715666 0.202380952380952
"Atilax paludinosus" 10 40 408 -3.00137123656209 0.0026876668071291 0.230392156862745
"Atilax paludinosus" 10 50 391 -3.05033132040764 0.0022858904333392 0.258312020460358
"Atilax paludinosus" 10 60 361 -3.3542066073848 0.000795929092895396 0.271468144044321
"Atilax paludinosus" 10 70 272 -3.31927659776408 0.000902509862211154 0.279411764705882
"Atilax paludinosus" 10 80 180 NA NA 0.255555555555556
"Atilax paludinosus" 10 90 151 NA NA 0.258278145695364
"Atilax paludinosus" 10 100 75 NA NA 0.32
"Atilax paludinosus" 10 110 47 NA NA 0.425531914893617
"Atilax paludinosus" 10 120 43 NA NA 0.441860465116279
"Atilax paludinosus" 10 130 41 NA NA 0.439024390243902
"Atilax paludinosus" 10 140 40 NA NA 0.45
"Atilax paludinosus" 10 150 40 NA NA 0.45
"Atilax paludinosus" 10 160 39 NA NA 0.487179487179487
"Atilax paludinosus" 10 170 39 NA NA 0.487179487179487
"Atilax paludinosus" 10 180 37 NA NA 0.486486486486487
"Atilax paludinosus" 10 190 34 NA NA 0.470588235294118
"Atilax paludinosus" 10 200 33 NA NA 0.484848484848485
"Atilax paludinosus" 11 22 427 -3.08373762745503 0.00204417787095122 0.17096018735363
"Atilax paludinosus" 11 33 415 -3.15977578159435 0.00157890595076216 0.207228915662651
"Atilax paludinosus" 11 44 403 -3.06532616244728 0.00217432735827874 0.24317617866005
"Atilax paludinosus" 11 55 376 -3.14436113298931 0.00166449889695013 0.26063829787234
"Atilax paludinosus" 11 66 320 -2.55328267721169 0.0106712849958637 0.3
"Atilax paludinosus" 11 77 211 NA NA 0.260663507109005
"Atilax paludinosus" 11 88 158 NA NA 0.272151898734177
"Atilax paludinosus" 11 99 75 NA NA 0.306666666666667
"Atilax paludinosus" 11 110 47 NA NA 0.425531914893617
"Atilax paludinosus" 11 121 43 NA NA 0.441860465116279
"Atilax paludinosus" 11 132 41 NA NA 0.439024390243902
"Atilax paludinosus" 11 143 40 NA NA 0.45
"Atilax paludinosus" 11 154 39 NA NA 0.461538461538462
"Atilax paludinosus" 11 165 39 NA NA 0.487179487179487
"Atilax paludinosus" 11 176 37 NA NA 0.486486486486487
"Atilax paludinosus" 11 187 34 NA NA 0.470588235294118
"Atilax paludinosus" 11 198 33 NA NA 0.484848484848485
"Atilax paludinosus" 12 24 425 -3.28876036868614 0.00100629660362079 0.178823529411765
"Atilax paludinosus" 12 36 412 -2.77699710970427 0.00548636668444877 0.216019417475728
"Atilax paludinosus" 12 48 397 -3.03615761873123 0.00239614069403749 0.254408060453401
"Atilax paludinosus" 12 60 361 -3.27028504754564 0.00107439161225991 0.271468144044321
"Atilax paludinosus" 12 72 249 -3.15660221242987 0.0015961893368062 0.269076305220884
"Atilax paludinosus" 12 84 166 NA NA 0.271084337349398
"Atilax paludinosus" 12 96 105 NA NA 0.295238095238095
"Atilax paludinosus" 12 108 49 NA NA 0.408163265306122
"Atilax paludinosus" 12 120 43 NA NA 0.441860465116279
"Atilax paludinosus" 12 132 41 NA NA 0.439024390243902
"Atilax paludinosus" 12 144 40 NA NA 0.45
"Atilax paludinosus" 12 156 39 NA NA 0.461538461538462
"Atilax paludinosus" 12 168 39 NA NA 0.487179487179487
"Atilax paludinosus" 12 180 37 NA NA 0.486486486486487
"Atilax paludinosus" 12 192 33 NA NA 0.484848484848485
"Atilax paludinosus" 13 26 422 -3.44134443919551 0.000578831193403572 0.18957345971564
"Atilax paludinosus" 13 39 409 -2.89450758475455 0.00379753735021185 0.222493887530562
"Atilax paludinosus" 13 52 386 -3.03719565097671 0.0023879040856775 0.259067357512953
"Atilax paludinosus" 13 65 327 -2.76560016445323 0.00568181527292233 0.293577981651376
"Atilax paludinosus" 13 78 209 NA NA 0.258373205741627
"Atilax paludinosus" 13 91 150 NA NA 0.26
"Atilax paludinosus" 13 104 75 NA NA 0.333333333333333
"Atilax paludinosus" 13 117 43 NA NA 0.441860465116279
"Atilax paludinosus" 13 130 41 NA NA 0.439024390243902
"Atilax paludinosus" 13 143 40 NA NA 0.45
"Atilax paludinosus" 13 156 39 NA NA 0.461538461538462
"Atilax paludinosus" 13 169 39 NA NA 0.487179487179487
"Atilax paludinosus" 13 182 37 NA NA 0.486486486486487
"Atilax paludinosus" 13 195 33 NA NA 0.484848484848485
"Atilax paludinosus" 14 28 422 -3.24408943326891 0.00117826744746469 0.196682464454976
"Atilax paludinosus" 14 42 407 -2.98014099311644 0.00288115738011629 0.230958230958231
"Atilax paludinosus" 14 56 373 -3.06800980910314 0.00215489544472619 0.262734584450402
"Atilax paludinosus" 14 70 272 -3.29759042243664 0.000975182695714221 0.279411764705882
"Atilax paludinosus" 14 84 166 NA NA 0.271084337349398
"Atilax paludinosus" 14 98 75 NA NA 0.306666666666667
"Atilax paludinosus" 14 112 45 NA NA 0.444444444444444
"Atilax paludinosus" 14 126 43 NA NA 0.465116279069767
"Atilax paludinosus" 14 140 40 NA NA 0.45
"Atilax paludinosus" 14 154 39 NA NA 0.461538461538462
"Atilax paludinosus" 14 168 39 NA NA 0.487179487179487
"Atilax paludinosus" 14 182 37 NA NA 0.486486486486487
"Atilax paludinosus" 14 196 33 NA NA 0.484848484848485
"Atilax paludinosus" 15 30 420 -2.99604187586432 0.00273508870802451 0.202380952380952
"Atilax paludinosus" 15 45 402 -3.1830386628655 0.00145738152486203 0.251243781094527
"Atilax paludinosus" 15 60 361 -3.29585984544434 0.00098120952909034 0.271468144044321
"Atilax paludinosus" 15 75 218 NA NA 0.256880733944954
"Atilax paludinosus" 15 90 151 NA NA 0.258278145695364
"Atilax paludinosus" 15 105 73 NA NA 0.342465753424658
"Atilax paludinosus" 15 120 43 NA NA 0.441860465116279
"Atilax paludinosus" 15 135 41 NA NA 0.439024390243902
"Atilax paludinosus" 15 150 40 NA NA 0.45
"Atilax paludinosus" 15 165 39 NA NA 0.487179487179487
"Atilax paludinosus" 15 180 37 NA NA 0.486486486486487
"Atilax paludinosus" 15 195 33 NA NA 0.484848484848485
"Atilax paludinosus" 16 32 419 -3.13308183895632 0.00172981203572093 0.205250596658711
"Atilax paludinosus" 16 48 397 -3.14940927154571 0.00163600899479639 0.254408060453401
"Atilax paludinosus" 16 64 341 -3.13550756775452 0.00171557001984151 0.293255131964809
"Atilax paludinosus" 16 80 180 NA NA 0.255555555555556
"Atilax paludinosus" 16 96 105 NA NA 0.295238095238095
"Atilax paludinosus" 16 112 45 NA NA 0.444444444444444
"Atilax paludinosus" 16 128 42 NA NA 0.452380952380952
"Atilax paludinosus" 16 144 40 NA NA 0.45
"Atilax paludinosus" 16 160 39 NA NA 0.487179487179487
"Atilax paludinosus" 16 176 37 NA NA 0.486486486486487
"Atilax paludinosus" 16 192 33 NA NA 0.484848484848485
"Atilax paludinosus" 17 34 415 -3.23015268888049 0.00123724123636774 0.212048192771084
"Atilax paludinosus" 17 51 388 -3.29052136594992 0.00100001907134718 0.260309278350515
"Atilax paludinosus" 17 68 296 -2.77468022572494 0.00552560086979897 0.287162162162162
"Atilax paludinosus" 17 85 166 NA NA 0.271084337349398
"Atilax paludinosus" 17 102 75 NA NA 0.333333333333333
"Atilax paludinosus" 17 119 43 NA NA 0.441860465116279
"Atilax paludinosus" 17 136 41 NA NA 0.439024390243902
"Atilax paludinosus" 17 153 40 NA NA 0.45
"Atilax paludinosus" 17 170 39 NA NA 0.487179487179487
"Atilax paludinosus" 17 187 34 NA NA 0.470588235294118
"Atilax paludinosus" 18 36 412 -2.90585887002345 0.00366246597888127 0.216019417475728
"Atilax paludinosus" 18 54 381 -3.05422491195006 0.00225642846161518 0.257217847769029
"Atilax paludinosus" 18 72 249 -3.12214711588596 0.0017953719762385 0.269076305220884
"Atilax paludinosus" 18 90 151 NA NA 0.258278145695364
"Atilax paludinosus" 18 108 49 NA NA 0.408163265306122
"Atilax paludinosus" 18 126 43 NA NA 0.465116279069767
"Atilax paludinosus" 18 144 40 NA NA 0.45
"Atilax paludinosus" 18 162 39 NA NA 0.487179487179487
"Atilax paludinosus" 18 180 37 NA NA 0.486486486486487
"Atilax paludinosus" 18 198 33 NA NA 0.484848484848485
"Atilax paludinosus" 19 38 410 -2.8916623696928 0.00383209520006543 0.221951219512195
"Atilax paludinosus" 19 57 370 -3.16814591862283 0.00153414498970179 0.264864864864865
"Atilax paludinosus" 19 76 216 NA NA 0.25462962962963
"Atilax paludinosus" 19 95 127 NA NA 0.283464566929134
"Atilax paludinosus" 19 114 45 NA NA 0.444444444444444
"Atilax paludinosus" 19 133 41 NA NA 0.439024390243902
"Atilax paludinosus" 19 152 40 NA NA 0.45
"Atilax paludinosus" 19 171 39 NA NA 0.487179487179487
"Atilax paludinosus" 19 190 34 NA NA 0.470588235294118
"Atilax paludinosus" 20 40 408 -3.0372159764784 0.00238774306533831 0.230392156862745
"Atilax paludinosus" 20 60 361 -3.33016298580142 0.000867951625221754 0.271468144044321
"Atilax paludinosus" 20 80 180 NA NA 0.255555555555556
"Atilax paludinosus" 20 100 75 NA NA 0.32
"Atilax paludinosus" 20 120 43 NA NA 0.441860465116279
"Atilax paludinosus" 20 140 40 NA NA 0.45
"Atilax paludinosus" 20 160 39 NA NA 0.487179487179487
"Atilax paludinosus" 20 180 37 NA NA 0.486486486486487
"Atilax paludinosus" 20 200 33 NA NA 0.484848484848485
"Atilax paludinosus" 21 42 407 -3.05805811015159 0.00222776371408251 0.230958230958231
"Atilax paludinosus" 21 63 349 -3.46851034049149 0.000523352385623631 0.286532951289398
"Atilax paludinosus" 21 84 166 NA NA 0.271084337349398
"Atilax paludinosus" 21 105 73 NA NA 0.342465753424658
"Atilax paludinosus" 21 126 43 NA NA 0.465116279069767
"Atilax paludinosus" 21 147 40 NA NA 0.45
"Atilax paludinosus" 21 168 39 NA NA 0.487179487179487
"Atilax paludinosus" 21 189 34 NA NA 0.470588235294118
"Atilax paludinosus" 22 44 403 -3.18602985449429 0.00144239712039681 0.24317617866005
"Atilax paludinosus" 22 66 320 -2.65495503154549 0.00793189815146475 0.3
"Atilax paludinosus" 22 88 158 NA NA 0.272151898734177
"Atilax paludinosus" 22 110 47 NA NA 0.425531914893617
"Atilax paludinosus" 22 132 41 NA NA 0.439024390243902
"Atilax paludinosus" 22 154 39 NA NA 0.461538461538462
"Atilax paludinosus" 22 176 37 NA NA 0.486486486486487
"Atilax paludinosus" 22 198 33 NA NA 0.484848484848485
"Atilax paludinosus" 23 46 401 -3.35932574565554 0.000781329090770441 0.254364089775561
"Atilax paludinosus" 23 69 283 -3.22820412550555 0.00124570049210422 0.282685512367491
"Atilax paludinosus" 23 92 146 NA NA 0.26027397260274
"Atilax paludinosus" 23 115 44 NA NA 0.431818181818182
"Atilax paludinosus" 23 138 41 NA NA 0.439024390243902
"Atilax paludinosus" 23 161 39 NA NA 0.487179487179487
"Atilax paludinosus" 23 184 36 NA NA 0.472222222222222
"Atilax paludinosus" 24 48 397 -3.29116752974114 0.00099772475881856 0.254408060453401
"Atilax paludinosus" 24 72 249 -3.21235802630033 0.00131650199428352 0.269076305220884
"Atilax paludinosus" 24 96 105 NA NA 0.295238095238095
"Atilax paludinosus" 24 120 43 NA NA 0.441860465116279
"Atilax paludinosus" 24 144 40 NA NA 0.45
"Atilax paludinosus" 24 168 39 NA NA 0.487179487179487
"Atilax paludinosus" 24 192 33 NA NA 0.484848484848485
"Atilax paludinosus" 25 50 391 -3.11962834439145 0.00181079354972845 0.258312020460358
"Atilax paludinosus" 25 75 218 NA NA 0.256880733944954
"Atilax paludinosus" 25 100 75 NA NA 0.32
"Atilax paludinosus" 25 125 43 NA NA 0.441860465116279
"Atilax paludinosus" 25 150 40 NA NA 0.45
"Atilax paludinosus" 25 175 37 NA NA 0.486486486486487
"Atilax paludinosus" 25 200 33 NA NA 0.484848484848485
"Atilax paludinosus" 26 52 386 -3.25168937126689 0.00114721324293029 0.259067357512953
"Atilax paludinosus" 26 78 209 NA NA 0.258373205741627
"Atilax paludinosus" 26 104 75 NA NA 0.333333333333333
"Atilax paludinosus" 26 130 41 NA NA 0.439024390243902
"Atilax paludinosus" 26 156 39 NA NA 0.461538461538462
"Atilax paludinosus" 26 182 37 NA NA 0.486486486486487
"Atilax paludinosus" 27 54 381 -3.15696806635533 0.00159418803748105 0.257217847769029
"Atilax paludinosus" 27 81 176 NA NA 0.261363636363636
"Atilax paludinosus" 27 108 49 NA NA 0.408163265306122
"Atilax paludinosus" 27 135 41 NA NA 0.439024390243902
"Atilax paludinosus" 27 162 39 NA NA 0.487179487179487
"Atilax paludinosus" 27 189 34 NA NA 0.470588235294118
"Atilax paludinosus" 28 56 373 -3.17659038690387 0.00149017345023783 0.262734584450402
"Atilax paludinosus" 28 84 166 NA NA 0.271084337349398
"Atilax paludinosus" 28 112 45 NA NA 0.444444444444444
"Atilax paludinosus" 28 140 40 NA NA 0.45
"Atilax paludinosus" 28 168 39 NA NA 0.487179487179487
"Atilax paludinosus" 28 196 33 NA NA 0.484848484848485
"Atilax paludinosus" 29 58 366 -3.37110857380129 0.000748663455537731 0.26775956284153
"Atilax paludinosus" 29 87 163 NA NA 0.269938650306748
"Atilax paludinosus" 29 116 44 NA NA 0.431818181818182
"Atilax paludinosus" 29 145 40 NA NA 0.45
"Atilax paludinosus" 29 174 38 NA NA 0.5
"Atilax paludinosus" 30 60 361 -3.4611625327115 0.000537847982280239 0.271468144044321
"Atilax paludinosus" 30 90 151 NA NA 0.258278145695364
"Atilax paludinosus" 30 120 43 NA NA 0.441860465116279
"Atilax paludinosus" 30 150 40 NA NA 0.45
"Atilax paludinosus" 30 180 37 NA NA 0.486486486486487
"Atilax paludinosus" 31 62 351 -3.26461261123458 0.00109613880506312 0.287749287749288
"Atilax paludinosus" 31 93 142 NA NA 0.26056338028169
"Atilax paludinosus" 31 124 43 NA NA 0.441860465116279
"Atilax paludinosus" 31 155 39 NA NA 0.461538461538462
"Atilax paludinosus" 31 186 35 NA NA 0.485714285714286
"Atilax paludinosus" 32 64 341 -3.1060572344503 0.00189600013802931 0.293255131964809
"Atilax paludinosus" 32 96 105 NA NA 0.295238095238095
"Atilax paludinosus" 32 128 42 NA NA 0.452380952380952
"Atilax paludinosus" 32 160 39 NA NA 0.487179487179487
"Atilax paludinosus" 32 192 33 NA NA 0.484848484848485
"Atilax paludinosus" 33 66 320 -2.56482969406657 0.0103226457896131 0.3
"Atilax paludinosus" 33 99 75 NA NA 0.306666666666667
"Atilax paludinosus" 33 132 41 NA NA 0.439024390243902
"Atilax paludinosus" 33 165 39 NA NA 0.487179487179487
"Atilax paludinosus" 33 198 33 NA NA 0.484848484848485
"Atilax paludinosus" 34 68 296 -2.88244469918841 0.00394602394259377 0.287162162162162
"Atilax paludinosus" 34 102 75 NA NA 0.333333333333333
"Atilax paludinosus" 34 136 41 NA NA 0.439024390243902
"Atilax paludinosus" 34 170 39 NA NA 0.487179487179487
"Atilax paludinosus" 35 70 272 -3.24788232342152 0.00116267345435316 0.279411764705882
"Atilax paludinosus" 35 105 73 NA NA 0.342465753424658
"Atilax paludinosus" 35 140 40 NA NA 0.45
"Atilax paludinosus" 35 175 37 NA NA 0.486486486486487
"Atilax paludinosus" 36 72 249 -3.11788518524861 0.0018215374934223 0.269076305220884
"Atilax paludinosus" 36 108 49 NA NA 0.408163265306122
"Atilax paludinosus" 36 144 40 NA NA 0.45
"Atilax paludinosus" 36 180 37 NA NA 0.486486486486487
"Atilax paludinosus" 37 74 225 NA NA 0.248888888888889
"Atilax paludinosus" 37 111 45 NA NA 0.444444444444444
"Atilax paludinosus" 37 148 40 NA NA 0.45
"Atilax paludinosus" 37 185 35 NA NA 0.485714285714286
"Atilax paludinosus" 38 76 216 NA NA 0.25462962962963
"Atilax paludinosus" 38 114 45 NA NA 0.444444444444444
"Atilax paludinosus" 38 152 40 NA NA 0.45
"Atilax paludinosus" 38 190 34 NA NA 0.470588235294118
"Atilax paludinosus" 39 78 209 NA NA 0.258373205741627
"Atilax paludinosus" 39 117 43 NA NA 0.441860465116279
"Atilax paludinosus" 39 156 39 NA NA 0.461538461538462
"Atilax paludinosus" 39 195 33 NA NA 0.484848484848485
"Atilax paludinosus" 40 80 180 NA NA 0.255555555555556
"Atilax paludinosus" 40 120 43 NA NA 0.441860465116279
"Atilax paludinosus" 40 160 39 NA NA 0.487179487179487
"Atilax paludinosus" 40 200 33 NA NA 0.484848484848485
"Atilax paludinosus" 41 82 170 NA NA 0.264705882352941
"Atilax paludinosus" 41 123 43 NA NA 0.441860465116279
"Atilax paludinosus" 41 164 39 NA NA 0.487179487179487
"Atilax paludinosus" 42 84 166 NA NA 0.271084337349398
"Atilax paludinosus" 42 126 43 NA NA 0.465116279069767
"Atilax paludinosus" 42 168 39 NA NA 0.487179487179487
"Atilax paludinosus" 43 86 165 NA NA 0.272727272727273
"Atilax paludinosus" 43 129 42 NA NA 0.452380952380952
"Atilax paludinosus" 43 172 39 NA NA 0.487179487179487
"Atilax paludinosus" 44 88 158 NA NA 0.272151898734177
"Atilax paludinosus" 44 132 41 NA NA 0.439024390243902
"Atilax paludinosus" 44 176 37 NA NA 0.486486486486487
"Atilax paludinosus" 45 90 151 NA NA 0.258278145695364
"Atilax paludinosus" 45 135 41 NA NA 0.439024390243902
"Atilax paludinosus" 45 180 37 NA NA 0.486486486486487
"Atilax paludinosus" 46 92 146 NA NA 0.26027397260274
"Atilax paludinosus" 46 138 41 NA NA 0.439024390243902
"Atilax paludinosus" 46 184 36 NA NA 0.472222222222222
"Atilax paludinosus" 47 94 142 NA NA 0.274647887323944
"Atilax paludinosus" 47 141 40 NA NA 0.45
"Atilax paludinosus" 47 188 34 NA NA 0.470588235294118
"Atilax paludinosus" 48 96 105 NA NA 0.295238095238095
"Atilax paludinosus" 48 144 40 NA NA 0.45
"Atilax paludinosus" 48 192 33 NA NA 0.484848484848485
"Atilax paludinosus" 49 98 75 NA NA 0.306666666666667
"Atilax paludinosus" 49 147 40 NA NA 0.45
"Atilax paludinosus" 49 196 33 NA NA 0.484848484848485
"Atilax paludinosus" 50 100 75 NA NA 0.32
"Atilax paludinosus" 50 150 40 NA NA 0.45
"Atilax paludinosus" 50 200 33 NA NA 0.484848484848485
"Atilax paludinosus" 51 102 75 NA NA 0.333333333333333
"Atilax paludinosus" 51 153 40 NA NA 0.45
"Atilax paludinosus" 52 104 75 NA NA 0.333333333333333
"Atilax paludinosus" 52 156 39 NA NA 0.461538461538462
"Atilax paludinosus" 53 106 61 NA NA 0.360655737704918
"Atilax paludinosus" 53 159 39 NA NA 0.487179487179487
"Atilax paludinosus" 54 108 49 NA NA 0.408163265306122
"Atilax paludinosus" 54 162 39 NA NA 0.487179487179487
"Atilax paludinosus" 55 110 47 NA NA 0.425531914893617
"Atilax paludinosus" 55 165 39 NA NA 0.487179487179487
"Atilax paludinosus" 56 112 45 NA NA 0.444444444444444
"Atilax paludinosus" 56 168 39 NA NA 0.487179487179487
"Atilax paludinosus" 57 114 45 NA NA 0.444444444444444
"Atilax paludinosus" 57 171 39 NA NA 0.487179487179487
"Atilax paludinosus" 58 116 44 NA NA 0.431818181818182
"Atilax paludinosus" 58 174 38 NA NA 0.5
"Atilax paludinosus" 59 118 43 NA NA 0.441860465116279
"Atilax paludinosus" 59 177 37 NA NA 0.486486486486487
"Atilax paludinosus" 60 120 43 NA NA 0.441860465116279
"Atilax paludinosus" 60 180 37 NA NA 0.486486486486487
"Atilax paludinosus" 61 122 43 NA NA 0.441860465116279
"Atilax paludinosus" 61 183 37 NA NA 0.486486486486487
"Atilax paludinosus" 62 124 43 NA NA 0.441860465116279
"Atilax paludinosus" 62 186 35 NA NA 0.485714285714286
"Atilax paludinosus" 63 126 43 NA NA 0.465116279069767
"Atilax paludinosus" 63 189 34 NA NA 0.470588235294118
"Atilax paludinosus" 64 128 42 NA NA 0.452380952380952
"Atilax paludinosus" 64 192 33 NA NA 0.484848484848485
"Atilax paludinosus" 65 130 41 NA NA 0.439024390243902
"Atilax paludinosus" 65 195 33 NA NA 0.484848484848485
"Atilax paludinosus" 66 132 41 NA NA 0.439024390243902
"Atilax paludinosus" 66 198 33 NA NA 0.484848484848485
"Atilax paludinosus" 67 134 41 NA NA 0.439024390243902
"Atilax paludinosus" 68 136 41 NA NA 0.439024390243902
"Atilax paludinosus" 69 138 41 NA NA 0.439024390243902
"Atilax paludinosus" 70 140 40 NA NA 0.45
"Atilax paludinosus" 71 142 40 NA NA 0.45
"Atilax paludinosus" 72 144 40 NA NA 0.45
"Atilax paludinosus" 73 146 40 NA NA 0.45
"Atilax paludinosus" 74 148 40 NA NA 0.45
"Atilax paludinosus" 75 150 40 NA NA 0.45
"Atilax paludinosus" 76 152 40 NA NA 0.45
"Atilax paludinosus" 77 154 39 NA NA 0.461538461538462
"Atilax paludinosus" 78 156 39 NA NA 0.461538461538462
"Atilax paludinosus" 79 158 39 NA NA 0.487179487179487
"Atilax paludinosus" 80 160 39 NA NA 0.487179487179487
"Atilax paludinosus" 81 162 39 NA NA 0.487179487179487
"Atilax paludinosus" 82 164 39 NA NA 0.487179487179487
"Atilax paludinosus" 83 166 39 NA NA 0.487179487179487
"Atilax paludinosus" 84 168 39 NA NA 0.487179487179487
"Atilax paludinosus" 85 170 39 NA NA 0.487179487179487
"Atilax paludinosus" 86 172 39 NA NA 0.487179487179487
"Atilax paludinosus" 87 174 38 NA NA 0.5
"Atilax paludinosus" 88 176 37 NA NA 0.486486486486487
"Atilax paludinosus" 89 178 37 NA NA 0.486486486486487
"Atilax paludinosus" 90 180 37 NA NA 0.486486486486487
"Atilax paludinosus" 91 182 37 NA NA 0.486486486486487
"Atilax paludinosus" 92 184 36 NA NA 0.472222222222222
"Atilax paludinosus" 93 186 35 NA NA 0.485714285714286
"Atilax paludinosus" 94 188 34 NA NA 0.470588235294118
"Atilax paludinosus" 95 190 34 NA NA 0.470588235294118
"Atilax paludinosus" 96 192 33 NA NA 0.484848484848485
"Atilax paludinosus" 97 194 33 NA NA 0.484848484848485
"Atilax paludinosus" 98 196 33 NA NA 0.484848484848485
"Atilax paludinosus" 99 198 33 NA NA 0.484848484848485
"Atilax paludinosus" 100 200 33 NA NA 0.484848484848485
