"species" "time_interval" "study_duration" "n_cams" "z" "P" "p_presence"
"Bdeogale nigripes" 1 2 454 -1.99274443991977 0.046289438455329 0.0308370044052863
"Bdeogale nigripes" 1 3 454 -2.12160429465243 0.0338709814467656 0.0462555066079295
"Bdeogale nigripes" 1 4 452 -2.22372485237895 0.0261669620795568 0.0597345132743363
"Bdeogale nigripes" 1 5 450 -2.2282876908536 0.0258613366398188 0.0666666666666667
"Bdeogale nigripes" 1 6 449 -2.53558981817047 0.0112258136769068 0.0734966592427617
"Bdeogale nigripes" 1 7 447 -2.18706048298917 0.0287381089416117 0.0782997762863535
"Bdeogale nigripes" 1 8 447 -2.20419457959278 0.0275106628199657 0.0827740492170022
"Bdeogale nigripes" 1 9 447 -2.28631980645508 0.0222355559863618 0.0894854586129754
"Bdeogale nigripes" 1 10 445 -2.36125248417461 0.0182133256266224 0.103370786516854
"Bdeogale nigripes" 1 11 440 -2.22211770895389 0.0262753517912003 0.115909090909091
"Bdeogale nigripes" 1 12 439 -2.33138872896312 0.0197328713113768 0.118451025056948
"Bdeogale nigripes" 1 13 438 -2.39973410012994 0.0164069850553027 0.125570776255708
"Bdeogale nigripes" 1 14 436 -2.33324077352698 0.0196355119674613 0.135321100917431
"Bdeogale nigripes" 1 15 436 -2.2870789946401 0.0221912126981955 0.146788990825688
"Bdeogale nigripes" 1 16 435 -2.48652657938106 0.0128996933149579 0.149425287356322
"Bdeogale nigripes" 1 17 435 -2.69516938649539 0.00703528565224799 0.15632183908046
"Bdeogale nigripes" 1 18 434 -2.59575613343584 0.0094383027126781 0.165898617511521
"Bdeogale nigripes" 1 19 432 -2.88899865636613 0.00386470725489218 0.178240740740741
"Bdeogale nigripes" 1 20 430 -2.82247581010792 0.00476544168840248 0.181395348837209
"Bdeogale nigripes" 1 21 429 -2.85982030222967 0.00423881121692469 0.181818181818182
"Bdeogale nigripes" 1 22 427 -3.00256771563672 0.00267712407024418 0.192037470725995
"Bdeogale nigripes" 1 23 426 -2.90597140397169 0.00366114906346283 0.199530516431925
"Bdeogale nigripes" 1 24 425 -2.9645039927398 0.00303171308821184 0.2
"Bdeogale nigripes" 1 25 423 -3.0701179424771 0.00213974254601722 0.203309692671395
"Bdeogale nigripes" 1 26 422 -3.1781379092447 0.00148224229637252 0.206161137440758
"Bdeogale nigripes" 1 27 422 -3.21803387057629 0.00129072575035048 0.208530805687204
"Bdeogale nigripes" 1 28 422 -3.31072981203808 0.000930530084646245 0.210900473933649
"Bdeogale nigripes" 1 29 422 -3.38886382124105 0.000701828557840045 0.213270142180095
"Bdeogale nigripes" 1 30 420 -3.47208449890611 0.000516433757834642 0.221428571428571
"Bdeogale nigripes" 1 31 419 -3.30170959428342 0.000960975082496883 0.224343675417661
"Bdeogale nigripes" 1 32 419 -3.08627624366638 0.00202680427723312 0.231503579952267
"Bdeogale nigripes" 1 33 415 -2.927872692037 0.00341289757068465 0.231325301204819
"Bdeogale nigripes" 1 34 415 -2.92866477775335 0.00340421342031862 0.231325301204819
"Bdeogale nigripes" 1 35 413 -3.10242238867158 0.00191943870812571 0.234866828087167
"Bdeogale nigripes" 1 36 412 -3.27663148337763 0.00105053386273574 0.237864077669903
"Bdeogale nigripes" 1 37 410 -3.30342843252389 0.000955103449887903 0.239024390243902
"Bdeogale nigripes" 1 38 410 -3.24641769205873 0.00116867235828381 0.241463414634146
"Bdeogale nigripes" 1 39 409 -3.30834537651738 0.000938489926703369 0.244498777506112
"Bdeogale nigripes" 1 40 408 -3.42981751519552 0.000603987306323318 0.25
"Bdeogale nigripes" 1 41 407 -3.55305077721954 0.000380790955263919 0.253071253071253
"Bdeogale nigripes" 1 42 407 -3.62198961970411 0.000292345855027927 0.26044226044226
"Bdeogale nigripes" 1 43 405 -3.59368643205849 0.00032603217396572 0.261728395061728
"Bdeogale nigripes" 1 44 403 -3.78238801939618 0.000155330978138186 0.267990074441687
"Bdeogale nigripes" 1 45 402 -3.83986336496838 0.000123102803920754 0.27363184079602
"Bdeogale nigripes" 1 46 401 -3.82397469324552 0.000131317399468351 0.27930174563591
"Bdeogale nigripes" 1 47 398 -3.95829858132299 7.54855584979862e-05 0.281407035175879
"Bdeogale nigripes" 1 48 397 -4.07360735175321 4.62904993203782e-05 0.282115869017632
"Bdeogale nigripes" 1 49 395 -4.19772977835223 2.6960405427607e-05 0.283544303797468
"Bdeogale nigripes" 1 50 391 -4.26758754804445 1.97598232866271e-05 0.286445012787724
"Bdeogale nigripes" 1 51 388 -4.32083655032117 1.55438783698971e-05 0.286082474226804
"Bdeogale nigripes" 1 52 386 -4.413484523238 1.01719992996471e-05 0.284974093264249
"Bdeogale nigripes" 1 53 382 -4.29575802014401 1.74097409119875e-05 0.290575916230366
"Bdeogale nigripes" 1 54 381 -4.37385575231978 1.22071055721954e-05 0.293963254593176
"Bdeogale nigripes" 1 55 376 -4.64516716314796 3.39801198365628e-06 0.303191489361702
"Bdeogale nigripes" 1 56 373 -4.77880769389488 1.76337749319167e-06 0.310991957104558
"Bdeogale nigripes" 1 57 370 -4.74916993327253 2.04253261971978e-06 0.310810810810811
"Bdeogale nigripes" 1 58 366 -4.74680738996376 2.0665256830855e-06 0.316939890710383
"Bdeogale nigripes" 1 59 364 -4.70207527988765 2.57530510566608e-06 0.324175824175824
"Bdeogale nigripes" 1 60 361 -4.67424352106957 2.95039085878076e-06 0.326869806094183
"Bdeogale nigripes" 1 61 356 -4.7506578547179 2.02755944366779e-06 0.331460674157303
"Bdeogale nigripes" 1 62 351 -4.58406513867798 4.56022071956295e-06 0.333333333333333
"Bdeogale nigripes" 1 63 349 -4.72802493365569 2.26714350009983e-06 0.340974212034384
"Bdeogale nigripes" 1 64 341 -4.5557614277232 5.21961524099262e-06 0.343108504398827
"Bdeogale nigripes" 1 65 327 -4.82767597830477 1.38135606979798e-06 0.345565749235474
"Bdeogale nigripes" 1 66 320 -4.66835246325622 3.03624694026442e-06 0.35
"Bdeogale nigripes" 1 67 304 -4.19565237748866 2.72087287752891e-05 0.355263157894737
"Bdeogale nigripes" 1 68 296 -4.45472998148512 8.39988444190515e-06 0.35472972972973
"Bdeogale nigripes" 1 69 283 -4.54477759167855 5.49932897256911e-06 0.367491166077739
"Bdeogale nigripes" 1 70 272 -4.64868536117763 3.34057336255712e-06 0.363970588235294
"Bdeogale nigripes" 1 71 268 -4.6063562521683 4.0978610599693e-06 0.361940298507463
"Bdeogale nigripes" 1 72 249 -4.71451084384839 2.42292101486692e-06 0.353413654618474
"Bdeogale nigripes" 1 73 231 NA NA 0.341991341991342
"Bdeogale nigripes" 1 74 225 NA NA 0.351111111111111
"Bdeogale nigripes" 1 75 218 NA NA 0.348623853211009
"Bdeogale nigripes" 1 76 216 NA NA 0.351851851851852
"Bdeogale nigripes" 1 77 211 NA NA 0.355450236966825
"Bdeogale nigripes" 1 78 209 NA NA 0.358851674641148
"Bdeogale nigripes" 1 79 195 NA NA 0.343589743589744
"Bdeogale nigripes" 1 80 180 NA NA 0.333333333333333
"Bdeogale nigripes" 1 81 176 NA NA 0.352272727272727
"Bdeogale nigripes" 1 82 170 NA NA 0.364705882352941
"Bdeogale nigripes" 1 83 166 NA NA 0.373493975903614
"Bdeogale nigripes" 1 84 166 NA NA 0.373493975903614
"Bdeogale nigripes" 1 85 166 NA NA 0.373493975903614
"Bdeogale nigripes" 1 86 165 NA NA 0.36969696969697
"Bdeogale nigripes" 1 87 163 NA NA 0.368098159509202
"Bdeogale nigripes" 1 88 158 NA NA 0.360759493670886
"Bdeogale nigripes" 1 89 153 NA NA 0.366013071895425
"Bdeogale nigripes" 1 90 151 NA NA 0.364238410596026
"Bdeogale nigripes" 1 91 150 NA NA 0.366666666666667
"Bdeogale nigripes" 1 92 146 NA NA 0.36986301369863
"Bdeogale nigripes" 1 93 142 NA NA 0.366197183098592
"Bdeogale nigripes" 1 94 142 NA NA 0.373239436619718
"Bdeogale nigripes" 1 95 127 NA NA 0.377952755905512
"Bdeogale nigripes" 1 96 105 NA NA 0.361904761904762
"Bdeogale nigripes" 1 97 89 NA NA 0.348314606741573
"Bdeogale nigripes" 1 98 75 NA NA 0.32
"Bdeogale nigripes" 1 99 75 NA NA 0.32
"Bdeogale nigripes" 1 100 75 NA NA 0.32
"Bdeogale nigripes" 1 101 75 NA NA 0.32
"Bdeogale nigripes" 1 102 75 NA NA 0.333333333333333
"Bdeogale nigripes" 1 103 75 NA NA 0.333333333333333
"Bdeogale nigripes" 1 104 75 NA NA 0.333333333333333
"Bdeogale nigripes" 1 105 73 NA NA 0.328767123287671
"Bdeogale nigripes" 1 106 61 NA NA 0.327868852459016
"Bdeogale nigripes" 1 107 56 NA NA 0.339285714285714
"Bdeogale nigripes" 1 108 49 NA NA 0.346938775510204
"Bdeogale nigripes" 1 109 48 NA NA 0.354166666666667
"Bdeogale nigripes" 1 110 47 NA NA 0.340425531914894
"Bdeogale nigripes" 1 111 45 NA NA 0.311111111111111
"Bdeogale nigripes" 1 112 45 NA NA 0.311111111111111
"Bdeogale nigripes" 1 113 45 NA NA 0.311111111111111
"Bdeogale nigripes" 1 114 45 NA NA 0.311111111111111
"Bdeogale nigripes" 1 115 44 NA NA 0.295454545454545
"Bdeogale nigripes" 1 116 44 NA NA 0.295454545454545
"Bdeogale nigripes" 1 117 43 NA NA 0.302325581395349
"Bdeogale nigripes" 1 118 43 NA NA 0.302325581395349
"Bdeogale nigripes" 1 119 43 NA NA 0.302325581395349
"Bdeogale nigripes" 1 120 43 NA NA 0.302325581395349
"Bdeogale nigripes" 1 121 43 NA NA 0.302325581395349
"Bdeogale nigripes" 1 122 43 NA NA 0.302325581395349
"Bdeogale nigripes" 1 123 43 NA NA 0.302325581395349
"Bdeogale nigripes" 1 124 43 NA NA 0.302325581395349
"Bdeogale nigripes" 1 125 43 NA NA 0.302325581395349
"Bdeogale nigripes" 1 126 43 NA NA 0.302325581395349
"Bdeogale nigripes" 1 127 43 NA NA 0.302325581395349
"Bdeogale nigripes" 1 128 42 NA NA 0.333333333333333
"Bdeogale nigripes" 1 129 42 NA NA 0.333333333333333
"Bdeogale nigripes" 1 130 41 NA NA 0.317073170731707
"Bdeogale nigripes" 1 131 41 NA NA 0.317073170731707
"Bdeogale nigripes" 1 132 41 NA NA 0.317073170731707
"Bdeogale nigripes" 1 133 41 NA NA 0.317073170731707
"Bdeogale nigripes" 1 134 41 NA NA 0.317073170731707
"Bdeogale nigripes" 1 135 41 NA NA 0.317073170731707
"Bdeogale nigripes" 1 136 41 NA NA 0.317073170731707
"Bdeogale nigripes" 1 137 41 NA NA 0.317073170731707
"Bdeogale nigripes" 1 138 41 NA NA 0.317073170731707
"Bdeogale nigripes" 1 139 40 NA NA 0.325
"Bdeogale nigripes" 1 140 40 NA NA 0.325
"Bdeogale nigripes" 1 141 40 NA NA 0.325
"Bdeogale nigripes" 1 142 40 NA NA 0.325
"Bdeogale nigripes" 1 143 40 NA NA 0.325
"Bdeogale nigripes" 1 144 40 NA NA 0.325
"Bdeogale nigripes" 1 145 40 NA NA 0.325
"Bdeogale nigripes" 1 146 40 NA NA 0.325
"Bdeogale nigripes" 1 147 40 NA NA 0.325
"Bdeogale nigripes" 1 148 40 NA NA 0.325
"Bdeogale nigripes" 1 149 40 NA NA 0.325
"Bdeogale nigripes" 1 150 40 NA NA 0.325
"Bdeogale nigripes" 1 151 40 NA NA 0.325
"Bdeogale nigripes" 1 152 40 NA NA 0.325
"Bdeogale nigripes" 1 153 40 NA NA 0.325
"Bdeogale nigripes" 1 154 39 NA NA 0.333333333333333
"Bdeogale nigripes" 1 155 39 NA NA 0.333333333333333
"Bdeogale nigripes" 1 156 39 NA NA 0.333333333333333
"Bdeogale nigripes" 1 157 39 NA NA 0.333333333333333
"Bdeogale nigripes" 1 158 39 NA NA 0.333333333333333
"Bdeogale nigripes" 1 159 39 NA NA 0.333333333333333
"Bdeogale nigripes" 1 160 39 NA NA 0.333333333333333
"Bdeogale nigripes" 1 161 39 NA NA 0.333333333333333
"Bdeogale nigripes" 1 162 39 NA NA 0.333333333333333
"Bdeogale nigripes" 1 163 39 NA NA 0.333333333333333
"Bdeogale nigripes" 1 164 39 NA NA 0.333333333333333
"Bdeogale nigripes" 1 165 39 NA NA 0.333333333333333
"Bdeogale nigripes" 1 166 39 NA NA 0.333333333333333
"Bdeogale nigripes" 1 167 39 NA NA 0.333333333333333
"Bdeogale nigripes" 1 168 39 NA NA 0.333333333333333
"Bdeogale nigripes" 1 169 39 NA NA 0.333333333333333
"Bdeogale nigripes" 1 170 39 NA NA 0.333333333333333
"Bdeogale nigripes" 1 171 39 NA NA 0.333333333333333
"Bdeogale nigripes" 1 172 39 NA NA 0.333333333333333
"Bdeogale nigripes" 1 173 38 NA NA 0.342105263157895
"Bdeogale nigripes" 1 174 38 NA NA 0.342105263157895
"Bdeogale nigripes" 1 175 37 NA NA 0.351351351351351
"Bdeogale nigripes" 1 176 37 NA NA 0.351351351351351
"Bdeogale nigripes" 1 177 37 NA NA 0.351351351351351
"Bdeogale nigripes" 1 178 37 NA NA 0.351351351351351
"Bdeogale nigripes" 1 179 37 NA NA 0.351351351351351
"Bdeogale nigripes" 1 180 37 NA NA 0.351351351351351
"Bdeogale nigripes" 1 181 37 NA NA 0.351351351351351
"Bdeogale nigripes" 1 182 37 NA NA 0.351351351351351
"Bdeogale nigripes" 1 183 37 NA NA 0.351351351351351
"Bdeogale nigripes" 1 184 36 NA NA 0.361111111111111
"Bdeogale nigripes" 1 185 35 NA NA 0.342857142857143
"Bdeogale nigripes" 1 186 35 NA NA 0.342857142857143
"Bdeogale nigripes" 1 187 34 NA NA 0.352941176470588
"Bdeogale nigripes" 1 188 34 NA NA 0.352941176470588
"Bdeogale nigripes" 1 189 34 NA NA 0.352941176470588
"Bdeogale nigripes" 1 190 34 NA NA 0.352941176470588
"Bdeogale nigripes" 1 191 33 NA NA 0.363636363636364
"Bdeogale nigripes" 1 192 33 NA NA 0.363636363636364
"Bdeogale nigripes" 1 193 33 NA NA 0.363636363636364
"Bdeogale nigripes" 1 194 33 NA NA 0.363636363636364
"Bdeogale nigripes" 1 195 33 NA NA 0.363636363636364
"Bdeogale nigripes" 1 196 33 NA NA 0.363636363636364
"Bdeogale nigripes" 1 197 33 NA NA 0.363636363636364
"Bdeogale nigripes" 1 198 33 NA NA 0.363636363636364
"Bdeogale nigripes" 1 199 33 NA NA 0.363636363636364
"Bdeogale nigripes" 1 200 33 NA NA 0.363636363636364
"Bdeogale nigripes" 2 4 452 -2.29247804503285 0.0218780730254464 0.0597345132743363
"Bdeogale nigripes" 2 6 449 -2.63731416678378 0.00835653981295683 0.0734966592427617
"Bdeogale nigripes" 2 8 447 -2.27027188638387 0.0231910917213228 0.0827740492170022
"Bdeogale nigripes" 2 10 445 -2.39623697909604 0.0165643769895747 0.103370786516854
"Bdeogale nigripes" 2 12 439 -2.4309464448018 0.0150594403372013 0.118451025056948
"Bdeogale nigripes" 2 14 436 -2.44376438838232 0.0145349153498386 0.135321100917431
"Bdeogale nigripes" 2 16 435 -2.58533422458301 0.00972846425790443 0.149425287356322
"Bdeogale nigripes" 2 18 434 -2.71742010113527 0.00657930385792651 0.165898617511521
"Bdeogale nigripes" 2 20 430 -2.90744600708035 0.00364393243433449 0.181395348837209
"Bdeogale nigripes" 2 22 427 -3.08809832170811 0.00201441811280015 0.192037470725995
"Bdeogale nigripes" 2 24 425 -2.96878849715773 0.00298976303035769 0.2
"Bdeogale nigripes" 2 26 422 -3.15178797887542 0.00162274056673092 0.206161137440758
"Bdeogale nigripes" 2 28 422 -3.28635918334547 0.00101491504410091 0.210900473933649
"Bdeogale nigripes" 2 30 420 -3.45334041073175 0.000553689811328088 0.221428571428571
"Bdeogale nigripes" 2 32 419 -3.09930297875562 0.00193976543433571 0.231503579952267
"Bdeogale nigripes" 2 34 415 -2.92042483920157 0.00349554503606746 0.231325301204819
"Bdeogale nigripes" 2 36 412 -3.26697293594878 0.00108704071825746 0.237864077669903
"Bdeogale nigripes" 2 38 410 -3.22466968215549 0.00126118092907552 0.241463414634146
"Bdeogale nigripes" 2 40 408 -3.40855087294079 0.000653089065119059 0.25
"Bdeogale nigripes" 2 42 407 -3.61279713880562 0.000302911681801536 0.26044226044226
"Bdeogale nigripes" 2 44 403 -3.74837008131827 0.000177987494330118 0.267990074441687
"Bdeogale nigripes" 2 46 401 -3.79468096069688 0.000147833427166313 0.27930174563591
"Bdeogale nigripes" 2 48 397 -4.0237431255555 5.7280392726224e-05 0.282115869017632
"Bdeogale nigripes" 2 50 391 -4.16650831698688 3.093006134761e-05 0.286445012787724
"Bdeogale nigripes" 2 52 386 -4.31938717042241 1.56463077224191e-05 0.284974093264249
"Bdeogale nigripes" 2 54 381 -4.27821681902975 1.88396467684572e-05 0.293963254593176
"Bdeogale nigripes" 2 56 373 -4.66285673899339 3.11849851841883e-06 0.310991957104558
"Bdeogale nigripes" 2 58 366 -4.61997152227513 3.8379271800047e-06 0.316939890710383
"Bdeogale nigripes" 2 60 361 -4.56512087645895 4.99206612561889e-06 0.326869806094183
"Bdeogale nigripes" 2 62 351 -4.46626777322039 7.9595974445884e-06 0.333333333333333
"Bdeogale nigripes" 2 64 341 -4.45172017946864 8.5185125913162e-06 0.343108504398827
"Bdeogale nigripes" 2 66 320 -4.53059365320476 5.8818173422349e-06 0.35
"Bdeogale nigripes" 2 68 296 -4.29395406212086 1.75518806318371e-05 0.35472972972973
"Bdeogale nigripes" 2 70 272 -4.44737403919885 8.69264002666628e-06 0.363970588235294
"Bdeogale nigripes" 2 72 249 -4.49563635795155 6.93621904413651e-06 0.353413654618474
"Bdeogale nigripes" 2 74 225 NA NA 0.351111111111111
"Bdeogale nigripes" 2 76 216 NA NA 0.351851851851852
"Bdeogale nigripes" 2 78 209 NA NA 0.358851674641148
"Bdeogale nigripes" 2 80 180 NA NA 0.333333333333333
"Bdeogale nigripes" 2 82 170 NA NA 0.364705882352941
"Bdeogale nigripes" 2 84 166 NA NA 0.373493975903614
"Bdeogale nigripes" 2 86 165 NA NA 0.36969696969697
"Bdeogale nigripes" 2 88 158 NA NA 0.360759493670886
"Bdeogale nigripes" 2 90 151 NA NA 0.364238410596026
"Bdeogale nigripes" 2 92 146 NA NA 0.36986301369863
"Bdeogale nigripes" 2 94 142 NA NA 0.373239436619718
"Bdeogale nigripes" 2 96 105 NA NA 0.361904761904762
"Bdeogale nigripes" 2 98 75 NA NA 0.32
"Bdeogale nigripes" 2 100 75 NA NA 0.32
"Bdeogale nigripes" 2 102 75 NA NA 0.333333333333333
"Bdeogale nigripes" 2 104 75 NA NA 0.333333333333333
"Bdeogale nigripes" 2 106 61 NA NA 0.327868852459016
"Bdeogale nigripes" 2 108 49 NA NA 0.346938775510204
"Bdeogale nigripes" 2 110 47 NA NA 0.340425531914894
"Bdeogale nigripes" 2 112 45 NA NA 0.311111111111111
"Bdeogale nigripes" 2 114 45 NA NA 0.311111111111111
"Bdeogale nigripes" 2 116 44 NA NA 0.295454545454545
"Bdeogale nigripes" 2 118 43 NA NA 0.302325581395349
"Bdeogale nigripes" 2 120 43 NA NA 0.302325581395349
"Bdeogale nigripes" 2 122 43 NA NA 0.302325581395349
"Bdeogale nigripes" 2 124 43 NA NA 0.302325581395349
"Bdeogale nigripes" 2 126 43 NA NA 0.302325581395349
"Bdeogale nigripes" 2 128 42 NA NA 0.333333333333333
"Bdeogale nigripes" 2 130 41 NA NA 0.317073170731707
"Bdeogale nigripes" 2 132 41 NA NA 0.317073170731707
"Bdeogale nigripes" 2 134 41 NA NA 0.317073170731707
"Bdeogale nigripes" 2 136 41 NA NA 0.317073170731707
"Bdeogale nigripes" 2 138 41 NA NA 0.317073170731707
"Bdeogale nigripes" 2 140 40 NA NA 0.325
"Bdeogale nigripes" 2 142 40 NA NA 0.325
"Bdeogale nigripes" 2 144 40 NA NA 0.325
"Bdeogale nigripes" 2 146 40 NA NA 0.325
"Bdeogale nigripes" 2 148 40 NA NA 0.325
"Bdeogale nigripes" 2 150 40 NA NA 0.325
"Bdeogale nigripes" 2 152 40 NA NA 0.325
"Bdeogale nigripes" 2 154 39 NA NA 0.333333333333333
"Bdeogale nigripes" 2 156 39 NA NA 0.333333333333333
"Bdeogale nigripes" 2 158 39 NA NA 0.333333333333333
"Bdeogale nigripes" 2 160 39 NA NA 0.333333333333333
"Bdeogale nigripes" 2 162 39 NA NA 0.333333333333333
"Bdeogale nigripes" 2 164 39 NA NA 0.333333333333333
"Bdeogale nigripes" 2 166 39 NA NA 0.333333333333333
"Bdeogale nigripes" 2 168 39 NA NA 0.333333333333333
"Bdeogale nigripes" 2 170 39 NA NA 0.333333333333333
"Bdeogale nigripes" 2 172 39 NA NA 0.333333333333333
"Bdeogale nigripes" 2 174 38 NA NA 0.342105263157895
"Bdeogale nigripes" 2 176 37 NA NA 0.351351351351351
"Bdeogale nigripes" 2 178 37 NA NA 0.351351351351351
"Bdeogale nigripes" 2 180 37 NA NA 0.351351351351351
"Bdeogale nigripes" 2 182 37 NA NA 0.351351351351351
"Bdeogale nigripes" 2 184 36 NA NA 0.361111111111111
"Bdeogale nigripes" 2 186 35 NA NA 0.342857142857143
"Bdeogale nigripes" 2 188 34 NA NA 0.352941176470588
"Bdeogale nigripes" 2 190 34 NA NA 0.352941176470588
"Bdeogale nigripes" 2 192 33 NA NA 0.363636363636364
"Bdeogale nigripes" 2 194 33 NA NA 0.363636363636364
"Bdeogale nigripes" 2 196 33 NA NA 0.363636363636364
"Bdeogale nigripes" 2 198 33 NA NA 0.363636363636364
"Bdeogale nigripes" 2 200 33 NA NA 0.363636363636364
"Bdeogale nigripes" 3 6 449 -2.65952176180387 0.00782516746487158 0.0734966592427617
"Bdeogale nigripes" 3 9 447 -2.34928618807351 0.0188094434118206 0.0894854586129754
"Bdeogale nigripes" 3 12 439 -2.52277650274312 0.0116432374769522 0.118451025056948
"Bdeogale nigripes" 3 15 436 -2.52953927342526 0.0114212391126321 0.146788990825688
"Bdeogale nigripes" 3 18 434 -2.86496040146087 0.00417061391745175 0.165898617511521
"Bdeogale nigripes" 3 21 429 -3.09962525202362 0.00193765631680664 0.181818181818182
"Bdeogale nigripes" 3 24 425 -3.10743201358422 0.00188720387815736 0.2
"Bdeogale nigripes" 3 27 422 -3.37047820304518 0.000750378420985346 0.208530805687204
"Bdeogale nigripes" 3 30 420 -3.63331428975185 0.000279803854087113 0.221428571428571
"Bdeogale nigripes" 3 33 415 -3.08949801076166 0.00200495049167028 0.231325301204819
"Bdeogale nigripes" 3 36 412 -3.42079771384362 0.000624377549120476 0.237864077669903
"Bdeogale nigripes" 3 39 409 -3.39005798068767 0.000698778426976168 0.244498777506112
"Bdeogale nigripes" 3 42 407 -3.72875879089698 0.000192425229689178 0.26044226044226
"Bdeogale nigripes" 3 45 402 -3.955927030122 7.62384310938846e-05 0.27363184079602
"Bdeogale nigripes" 3 48 397 -4.17163008894514 3.02428316635469e-05 0.282115869017632
"Bdeogale nigripes" 3 51 388 -4.36937408632526 1.24603159590641e-05 0.286082474226804
"Bdeogale nigripes" 3 54 381 -4.41233664718921 1.02260944004527e-05 0.293963254593176
"Bdeogale nigripes" 3 57 370 -4.75548374825385 1.97971786816102e-06 0.310810810810811
"Bdeogale nigripes" 3 60 361 -4.69296111965579 2.69278682884792e-06 0.326869806094183
"Bdeogale nigripes" 3 63 349 -4.69503437929523 2.66561888861629e-06 0.340974212034384
"Bdeogale nigripes" 3 66 320 -4.56705267055922 4.94629757274281e-06 0.35
"Bdeogale nigripes" 3 69 283 -4.25160116155688 2.12247598775693e-05 0.367491166077739
"Bdeogale nigripes" 3 72 249 -4.36237014768701 1.28660951321918e-05 0.353413654618474
"Bdeogale nigripes" 3 75 218 NA NA 0.348623853211009
"Bdeogale nigripes" 3 78 209 NA NA 0.358851674641148
"Bdeogale nigripes" 3 81 176 NA NA 0.352272727272727
"Bdeogale nigripes" 3 84 166 NA NA 0.373493975903614
"Bdeogale nigripes" 3 87 163 NA NA 0.368098159509202
"Bdeogale nigripes" 3 90 151 NA NA 0.364238410596026
"Bdeogale nigripes" 3 93 142 NA NA 0.366197183098592
"Bdeogale nigripes" 3 96 105 NA NA 0.361904761904762
"Bdeogale nigripes" 3 99 75 NA NA 0.32
"Bdeogale nigripes" 3 102 75 NA NA 0.333333333333333
"Bdeogale nigripes" 3 105 73 NA NA 0.328767123287671
"Bdeogale nigripes" 3 108 49 NA NA 0.346938775510204
"Bdeogale nigripes" 3 111 45 NA NA 0.311111111111111
"Bdeogale nigripes" 3 114 45 NA NA 0.311111111111111
"Bdeogale nigripes" 3 117 43 NA NA 0.302325581395349
"Bdeogale nigripes" 3 120 43 NA NA 0.302325581395349
"Bdeogale nigripes" 3 123 43 NA NA 0.302325581395349
"Bdeogale nigripes" 3 126 43 NA NA 0.302325581395349
"Bdeogale nigripes" 3 129 42 NA NA 0.333333333333333
"Bdeogale nigripes" 3 132 41 NA NA 0.317073170731707
"Bdeogale nigripes" 3 135 41 NA NA 0.317073170731707
"Bdeogale nigripes" 3 138 41 NA NA 0.317073170731707
"Bdeogale nigripes" 3 141 40 NA NA 0.325
"Bdeogale nigripes" 3 144 40 NA NA 0.325
"Bdeogale nigripes" 3 147 40 NA NA 0.325
"Bdeogale nigripes" 3 150 40 NA NA 0.325
"Bdeogale nigripes" 3 153 40 NA NA 0.325
"Bdeogale nigripes" 3 156 39 NA NA 0.333333333333333
"Bdeogale nigripes" 3 159 39 NA NA 0.333333333333333
"Bdeogale nigripes" 3 162 39 NA NA 0.333333333333333
"Bdeogale nigripes" 3 165 39 NA NA 0.333333333333333
"Bdeogale nigripes" 3 168 39 NA NA 0.333333333333333
"Bdeogale nigripes" 3 171 39 NA NA 0.333333333333333
"Bdeogale nigripes" 3 174 38 NA NA 0.342105263157895
"Bdeogale nigripes" 3 177 37 NA NA 0.351351351351351
"Bdeogale nigripes" 3 180 37 NA NA 0.351351351351351
"Bdeogale nigripes" 3 183 37 NA NA 0.351351351351351
"Bdeogale nigripes" 3 186 35 NA NA 0.342857142857143
"Bdeogale nigripes" 3 189 34 NA NA 0.352941176470588
"Bdeogale nigripes" 3 192 33 NA NA 0.363636363636364
"Bdeogale nigripes" 3 195 33 NA NA 0.363636363636364
"Bdeogale nigripes" 3 198 33 NA NA 0.363636363636364
"Bdeogale nigripes" 4 8 447 -2.33429552531604 0.0195802528851265 0.0827740492170022
"Bdeogale nigripes" 4 12 439 -2.57622349570681 0.00998860595125819 0.118451025056948
"Bdeogale nigripes" 4 16 435 -2.72013748382255 0.00652547789131915 0.149425287356322
"Bdeogale nigripes" 4 20 430 -3.10716125050094 0.00188893333379922 0.181395348837209
"Bdeogale nigripes" 4 24 425 -3.11088894655749 0.0018652507296657 0.2
"Bdeogale nigripes" 4 28 422 -3.47468835987417 0.000511447150730879 0.210900473933649
"Bdeogale nigripes" 4 32 419 -3.23963241137332 0.00119683882371874 0.231503579952267
"Bdeogale nigripes" 4 36 412 -3.33905955518233 0.000840625399882887 0.237864077669903
"Bdeogale nigripes" 4 40 408 -3.43217712548948 0.000598756363181319 0.25
"Bdeogale nigripes" 4 44 403 -3.73044841937336 0.000191139273439735 0.267990074441687
"Bdeogale nigripes" 4 48 397 -4.02218394706831 5.76609976942476e-05 0.282115869017632
"Bdeogale nigripes" 4 52 386 -4.32383060584455 1.5334305635371e-05 0.284974093264249
"Bdeogale nigripes" 4 56 373 -4.64358340166534 3.4241767360403e-06 0.310991957104558
"Bdeogale nigripes" 4 60 361 -4.58320783512122 4.57896511657165e-06 0.326869806094183
"Bdeogale nigripes" 4 64 341 -4.46613761982949 7.96443879823823e-06 0.343108504398827
"Bdeogale nigripes" 4 68 296 -4.1499962468891 3.32480726098916e-05 0.35472972972973
"Bdeogale nigripes" 4 72 249 -4.33189841009759 1.47829152571938e-05 0.353413654618474
"Bdeogale nigripes" 4 76 216 NA NA 0.351851851851852
"Bdeogale nigripes" 4 80 180 NA NA 0.333333333333333
"Bdeogale nigripes" 4 84 166 NA NA 0.373493975903614
"Bdeogale nigripes" 4 88 158 NA NA 0.360759493670886
"Bdeogale nigripes" 4 92 146 NA NA 0.36986301369863
"Bdeogale nigripes" 4 96 105 NA NA 0.361904761904762
"Bdeogale nigripes" 4 100 75 NA NA 0.32
"Bdeogale nigripes" 4 104 75 NA NA 0.333333333333333
"Bdeogale nigripes" 4 108 49 NA NA 0.346938775510204
"Bdeogale nigripes" 4 112 45 NA NA 0.311111111111111
"Bdeogale nigripes" 4 116 44 NA NA 0.295454545454545
"Bdeogale nigripes" 4 120 43 NA NA 0.302325581395349
"Bdeogale nigripes" 4 124 43 NA NA 0.302325581395349
"Bdeogale nigripes" 4 128 42 NA NA 0.333333333333333
"Bdeogale nigripes" 4 132 41 NA NA 0.317073170731707
"Bdeogale nigripes" 4 136 41 NA NA 0.317073170731707
"Bdeogale nigripes" 4 140 40 NA NA 0.325
"Bdeogale nigripes" 4 144 40 NA NA 0.325
"Bdeogale nigripes" 4 148 40 NA NA 0.325
"Bdeogale nigripes" 4 152 40 NA NA 0.325
"Bdeogale nigripes" 4 156 39 NA NA 0.333333333333333
"Bdeogale nigripes" 4 160 39 NA NA 0.333333333333333
"Bdeogale nigripes" 4 164 39 NA NA 0.333333333333333
"Bdeogale nigripes" 4 168 39 NA NA 0.333333333333333
"Bdeogale nigripes" 4 172 39 NA NA 0.333333333333333
"Bdeogale nigripes" 4 176 37 NA NA 0.351351351351351
"Bdeogale nigripes" 4 180 37 NA NA 0.351351351351351
"Bdeogale nigripes" 4 184 36 NA NA 0.361111111111111
"Bdeogale nigripes" 4 188 34 NA NA 0.352941176470588
"Bdeogale nigripes" 4 192 33 NA NA 0.363636363636364
"Bdeogale nigripes" 4 196 33 NA NA 0.363636363636364
"Bdeogale nigripes" 4 200 33 NA NA 0.363636363636364
"Bdeogale nigripes" 5 10 445 -2.48617437119497 0.0129124679525823 0.103370786516854
"Bdeogale nigripes" 5 15 436 -2.56725992597619 0.010250574266252 0.146788990825688
"Bdeogale nigripes" 5 20 430 -3.1120932271938 0.00185765824828618 0.181395348837209
"Bdeogale nigripes" 5 25 423 -3.27916922641193 0.00104113182647088 0.203309692671395
"Bdeogale nigripes" 5 30 420 -3.70395033790935 0.000212267831759157 0.221428571428571
"Bdeogale nigripes" 5 35 413 -3.33373261947066 0.000856889864432122 0.234866828087167
"Bdeogale nigripes" 5 40 408 -3.56830521692504 0.000359297814650827 0.25
"Bdeogale nigripes" 5 45 402 -3.96573633865275 7.31697103369662e-05 0.27363184079602
"Bdeogale nigripes" 5 50 391 -4.31563709018044 1.59143249558168e-05 0.286445012787724
"Bdeogale nigripes" 5 55 376 -4.67734222611817 2.90617018767573e-06 0.303191489361702
"Bdeogale nigripes" 5 60 361 -4.76939829099495 1.84777006634544e-06 0.326869806094183
"Bdeogale nigripes" 5 65 327 -4.80962906012292 1.51210639522297e-06 0.345565749235474
"Bdeogale nigripes" 5 70 272 -4.28780156342799 1.80450184849171e-05 0.363970588235294
"Bdeogale nigripes" 5 75 218 NA NA 0.348623853211009
"Bdeogale nigripes" 5 80 180 NA NA 0.333333333333333
"Bdeogale nigripes" 5 85 166 NA NA 0.373493975903614
"Bdeogale nigripes" 5 90 151 NA NA 0.364238410596026
"Bdeogale nigripes" 5 95 127 NA NA 0.377952755905512
"Bdeogale nigripes" 5 100 75 NA NA 0.32
"Bdeogale nigripes" 5 105 73 NA NA 0.328767123287671
"Bdeogale nigripes" 5 110 47 NA NA 0.340425531914894
"Bdeogale nigripes" 5 115 44 NA NA 0.295454545454545
"Bdeogale nigripes" 5 120 43 NA NA 0.302325581395349
"Bdeogale nigripes" 5 125 43 NA NA 0.302325581395349
"Bdeogale nigripes" 5 130 41 NA NA 0.317073170731707
"Bdeogale nigripes" 5 135 41 NA NA 0.317073170731707
"Bdeogale nigripes" 5 140 40 NA NA 0.325
"Bdeogale nigripes" 5 145 40 NA NA 0.325
"Bdeogale nigripes" 5 150 40 NA NA 0.325
"Bdeogale nigripes" 5 155 39 NA NA 0.333333333333333
"Bdeogale nigripes" 5 160 39 NA NA 0.333333333333333
"Bdeogale nigripes" 5 165 39 NA NA 0.333333333333333
"Bdeogale nigripes" 5 170 39 NA NA 0.333333333333333
"Bdeogale nigripes" 5 175 37 NA NA 0.351351351351351
"Bdeogale nigripes" 5 180 37 NA NA 0.351351351351351
"Bdeogale nigripes" 5 185 35 NA NA 0.342857142857143
"Bdeogale nigripes" 5 190 34 NA NA 0.352941176470588
"Bdeogale nigripes" 5 195 33 NA NA 0.363636363636364
"Bdeogale nigripes" 5 200 33 NA NA 0.363636363636364
"Bdeogale nigripes" 6 12 439 -2.62751175524425 0.00860118699473469 0.118451025056948
"Bdeogale nigripes" 6 18 434 -3.05145591340695 0.00227734489235068 0.165898617511521
"Bdeogale nigripes" 6 24 425 -3.28742135571733 0.00101109425572064 0.2
"Bdeogale nigripes" 6 30 420 -3.79546625011076 0.000147366242427654 0.221428571428571
"Bdeogale nigripes" 6 36 412 -3.52670216092744 0.000420769802489909 0.237864077669903
"Bdeogale nigripes" 6 42 407 -3.78449359781037 0.000154021872192182 0.26044226044226
"Bdeogale nigripes" 6 48 397 -4.20162323483623 2.65007920497357e-05 0.282115869017632
"Bdeogale nigripes" 6 54 381 -4.39998110017279 1.08260306714058e-05 0.293963254593176
"Bdeogale nigripes" 6 60 361 -4.73376883223952 2.20388723885413e-06 0.326869806094183
"Bdeogale nigripes" 6 66 320 -4.5964334182705 4.29784224868175e-06 0.35
"Bdeogale nigripes" 6 72 249 -4.30777684920324 1.64903627407272e-05 0.353413654618474
"Bdeogale nigripes" 6 78 209 NA NA 0.358851674641148
"Bdeogale nigripes" 6 84 166 NA NA 0.373493975903614
"Bdeogale nigripes" 6 90 151 NA NA 0.364238410596026
"Bdeogale nigripes" 6 96 105 NA NA 0.361904761904762
"Bdeogale nigripes" 6 102 75 NA NA 0.333333333333333
"Bdeogale nigripes" 6 108 49 NA NA 0.346938775510204
"Bdeogale nigripes" 6 114 45 NA NA 0.311111111111111
"Bdeogale nigripes" 6 120 43 NA NA 0.302325581395349
"Bdeogale nigripes" 6 126 43 NA NA 0.302325581395349
"Bdeogale nigripes" 6 132 41 NA NA 0.317073170731707
"Bdeogale nigripes" 6 138 41 NA NA 0.317073170731707
"Bdeogale nigripes" 6 144 40 NA NA 0.325
"Bdeogale nigripes" 6 150 40 NA NA 0.325
"Bdeogale nigripes" 6 156 39 NA NA 0.333333333333333
"Bdeogale nigripes" 6 162 39 NA NA 0.333333333333333
"Bdeogale nigripes" 6 168 39 NA NA 0.333333333333333
"Bdeogale nigripes" 6 174 38 NA NA 0.342105263157895
"Bdeogale nigripes" 6 180 37 NA NA 0.351351351351351
"Bdeogale nigripes" 6 186 35 NA NA 0.342857142857143
"Bdeogale nigripes" 6 192 33 NA NA 0.363636363636364
"Bdeogale nigripes" 6 198 33 NA NA 0.363636363636364
"Bdeogale nigripes" 7 14 436 -2.57806341150795 0.00993557634627425 0.135321100917431
"Bdeogale nigripes" 7 21 429 -3.23545609675028 0.00121448560859831 0.181818181818182
"Bdeogale nigripes" 7 28 422 -3.70836307402216 0.000208603410453119 0.210900473933649
"Bdeogale nigripes" 7 35 413 -3.46276114890189 0.000534662787073727 0.234866828087167
"Bdeogale nigripes" 7 42 407 -3.84361369996979 0.000121235791189899 0.26044226044226
"Bdeogale nigripes" 7 49 395 -4.33073463930656 1.48612690365117e-05 0.283544303797468
"Bdeogale nigripes" 7 56 373 -4.82785394517166 1.38012251006085e-06 0.310991957104558
"Bdeogale nigripes" 7 63 349 -4.68783657581202 2.7610836363293e-06 0.340974212034384
"Bdeogale nigripes" 7 70 272 -4.22760799035936 2.36188824542376e-05 0.363970588235294
"Bdeogale nigripes" 7 77 211 NA NA 0.355450236966825
"Bdeogale nigripes" 7 84 166 NA NA 0.373493975903614
"Bdeogale nigripes" 7 91 150 NA NA 0.366666666666667
"Bdeogale nigripes" 7 98 75 NA NA 0.32
"Bdeogale nigripes" 7 105 73 NA NA 0.328767123287671
"Bdeogale nigripes" 7 112 45 NA NA 0.311111111111111
"Bdeogale nigripes" 7 119 43 NA NA 0.302325581395349
"Bdeogale nigripes" 7 126 43 NA NA 0.302325581395349
"Bdeogale nigripes" 7 133 41 NA NA 0.317073170731707
"Bdeogale nigripes" 7 140 40 NA NA 0.325
"Bdeogale nigripes" 7 147 40 NA NA 0.325
"Bdeogale nigripes" 7 154 39 NA NA 0.333333333333333
"Bdeogale nigripes" 7 161 39 NA NA 0.333333333333333
"Bdeogale nigripes" 7 168 39 NA NA 0.333333333333333
"Bdeogale nigripes" 7 175 37 NA NA 0.351351351351351
"Bdeogale nigripes" 7 182 37 NA NA 0.351351351351351
"Bdeogale nigripes" 7 189 34 NA NA 0.352941176470588
"Bdeogale nigripes" 7 196 33 NA NA 0.363636363636364
"Bdeogale nigripes" 8 16 435 -2.75514045170977 0.00586669453582662 0.149425287356322
"Bdeogale nigripes" 8 24 425 -3.21149902997551 0.00132044416353168 0.2
"Bdeogale nigripes" 8 32 419 -3.41071129861214 0.000647936579748084 0.231503579952267
"Bdeogale nigripes" 8 40 408 -3.59745125169563 0.000321350698749381 0.25
"Bdeogale nigripes" 8 48 397 -4.1694575665404 3.05325454263369e-05 0.282115869017632
"Bdeogale nigripes" 8 56 373 -4.75995363925937 1.9363743288179e-06 0.310991957104558
"Bdeogale nigripes" 8 64 341 -4.49432553846507 6.97907935408699e-06 0.343108504398827
"Bdeogale nigripes" 8 72 249 -4.29200108893611 1.77070080240769e-05 0.353413654618474
"Bdeogale nigripes" 8 80 180 NA NA 0.333333333333333
"Bdeogale nigripes" 8 88 158 NA NA 0.360759493670886
"Bdeogale nigripes" 8 96 105 NA NA 0.361904761904762
"Bdeogale nigripes" 8 104 75 NA NA 0.333333333333333
"Bdeogale nigripes" 8 112 45 NA NA 0.311111111111111
"Bdeogale nigripes" 8 120 43 NA NA 0.302325581395349
"Bdeogale nigripes" 8 128 42 NA NA 0.333333333333333
"Bdeogale nigripes" 8 136 41 NA NA 0.317073170731707
"Bdeogale nigripes" 8 144 40 NA NA 0.325
"Bdeogale nigripes" 8 152 40 NA NA 0.325
"Bdeogale nigripes" 8 160 39 NA NA 0.333333333333333
"Bdeogale nigripes" 8 168 39 NA NA 0.333333333333333
"Bdeogale nigripes" 8 176 37 NA NA 0.351351351351351
"Bdeogale nigripes" 8 184 36 NA NA 0.361111111111111
"Bdeogale nigripes" 8 192 33 NA NA 0.363636363636364
"Bdeogale nigripes" 8 200 33 NA NA 0.363636363636364
"Bdeogale nigripes" 9 18 434 -3.06370041521839 0.00218617716485749 0.165898617511521
"Bdeogale nigripes" 9 27 422 -3.6869315359012 0.000226974390008626 0.208530805687204
"Bdeogale nigripes" 9 36 412 -3.63085144674826 0.000282487752587665 0.237864077669903
"Bdeogale nigripes" 9 45 402 -4.15477961945383 3.25601215018862e-05 0.27363184079602
"Bdeogale nigripes" 9 54 381 -4.53265344196275 5.82473355710074e-06 0.293963254593176
"Bdeogale nigripes" 9 63 349 -4.83078957714776 1.35992669033803e-06 0.340974212034384
"Bdeogale nigripes" 9 72 249 -4.33159227834315 1.48034880756373e-05 0.353413654618474
"Bdeogale nigripes" 9 81 176 NA NA 0.352272727272727
"Bdeogale nigripes" 9 90 151 NA NA 0.364238410596026
"Bdeogale nigripes" 9 99 75 NA NA 0.32
"Bdeogale nigripes" 9 108 49 NA NA 0.346938775510204
"Bdeogale nigripes" 9 117 43 NA NA 0.302325581395349
"Bdeogale nigripes" 9 126 43 NA NA 0.302325581395349
"Bdeogale nigripes" 9 135 41 NA NA 0.317073170731707
"Bdeogale nigripes" 9 144 40 NA NA 0.325
"Bdeogale nigripes" 9 153 40 NA NA 0.325
"Bdeogale nigripes" 9 162 39 NA NA 0.333333333333333
"Bdeogale nigripes" 9 171 39 NA NA 0.333333333333333
"Bdeogale nigripes" 9 180 37 NA NA 0.351351351351351
"Bdeogale nigripes" 9 189 34 NA NA 0.352941176470588
"Bdeogale nigripes" 9 198 33 NA NA 0.363636363636364
"Bdeogale nigripes" 10 20 430 -3.31907840359864 0.000903150677648309 0.181395348837209
"Bdeogale nigripes" 10 30 420 -3.94007041317737 8.14576965141784e-05 0.221428571428571
"Bdeogale nigripes" 10 40 408 -3.79291517688705 0.000148889026241566 0.25
"Bdeogale nigripes" 10 50 391 -4.44877711064577 8.63605772129978e-06 0.286445012787724
"Bdeogale nigripes" 10 60 361 -4.77793056493726 1.77108513965525e-06 0.326869806094183
"Bdeogale nigripes" 10 70 272 -4.18727963674245 2.82317906373729e-05 0.363970588235294
"Bdeogale nigripes" 10 80 180 NA NA 0.333333333333333
"Bdeogale nigripes" 10 90 151 NA NA 0.364238410596026
"Bdeogale nigripes" 10 100 75 NA NA 0.32
"Bdeogale nigripes" 10 110 47 NA NA 0.340425531914894
"Bdeogale nigripes" 10 120 43 NA NA 0.302325581395349
"Bdeogale nigripes" 10 130 41 NA NA 0.317073170731707
"Bdeogale nigripes" 10 140 40 NA NA 0.325
"Bdeogale nigripes" 10 150 40 NA NA 0.325
"Bdeogale nigripes" 10 160 39 NA NA 0.333333333333333
"Bdeogale nigripes" 10 170 39 NA NA 0.333333333333333
"Bdeogale nigripes" 10 180 37 NA NA 0.351351351351351
"Bdeogale nigripes" 10 190 34 NA NA 0.352941176470588
"Bdeogale nigripes" 10 200 33 NA NA 0.363636363636364
"Bdeogale nigripes" 11 22 427 -3.460694204895 0.000538784454589384 0.192037470725995
"Bdeogale nigripes" 11 33 415 -3.40356941213629 0.000665115116228105 0.231325301204819
"Bdeogale nigripes" 11 44 403 -4.19659987274751 2.7095200803766e-05 0.267990074441687
"Bdeogale nigripes" 11 55 376 -4.8773627217335 1.07513622658262e-06 0.303191489361702
"Bdeogale nigripes" 11 66 320 -4.71445725827799 2.42355868371195e-06 0.35
"Bdeogale nigripes" 11 77 211 NA NA 0.355450236966825
"Bdeogale nigripes" 11 88 158 NA NA 0.360759493670886
"Bdeogale nigripes" 11 99 75 NA NA 0.32
"Bdeogale nigripes" 11 110 47 NA NA 0.340425531914894
"Bdeogale nigripes" 11 121 43 NA NA 0.302325581395349
"Bdeogale nigripes" 11 132 41 NA NA 0.317073170731707
"Bdeogale nigripes" 11 143 40 NA NA 0.325
"Bdeogale nigripes" 11 154 39 NA NA 0.333333333333333
"Bdeogale nigripes" 11 165 39 NA NA 0.333333333333333
"Bdeogale nigripes" 11 176 37 NA NA 0.351351351351351
"Bdeogale nigripes" 11 187 34 NA NA 0.352941176470588
"Bdeogale nigripes" 11 198 33 NA NA 0.363636363636364
"Bdeogale nigripes" 12 24 425 -3.38324161291571 0.000716355801148284 0.2
"Bdeogale nigripes" 12 36 412 -3.631417119558 0.000281869181677387 0.237864077669903
"Bdeogale nigripes" 12 48 397 -4.37688754740095 1.20386044352573e-05 0.282115869017632
"Bdeogale nigripes" 12 60 361 -4.82860544231295 1.37492525367224e-06 0.326869806094183
"Bdeogale nigripes" 12 72 249 -4.40676858714451 1.04924181298146e-05 0.353413654618474
"Bdeogale nigripes" 12 84 166 NA NA 0.373493975903614
"Bdeogale nigripes" 12 96 105 NA NA 0.361904761904762
"Bdeogale nigripes" 12 108 49 NA NA 0.346938775510204
"Bdeogale nigripes" 12 120 43 NA NA 0.302325581395349
"Bdeogale nigripes" 12 132 41 NA NA 0.317073170731707
"Bdeogale nigripes" 12 144 40 NA NA 0.325
"Bdeogale nigripes" 12 156 39 NA NA 0.333333333333333
"Bdeogale nigripes" 12 168 39 NA NA 0.333333333333333
"Bdeogale nigripes" 12 180 37 NA NA 0.351351351351351
"Bdeogale nigripes" 12 192 33 NA NA 0.363636363636364
"Bdeogale nigripes" 13 26 422 -3.6134299351409 0.000302173036350623 0.206161137440758
"Bdeogale nigripes" 13 39 409 -3.63764287658878 0.000275144567597403 0.244498777506112
"Bdeogale nigripes" 13 52 386 -4.60924396988582 4.04135873561214e-06 0.284974093264249
"Bdeogale nigripes" 13 65 327 -4.68658208971513 2.77805421061602e-06 0.345565749235474
"Bdeogale nigripes" 13 78 209 NA NA 0.358851674641148
"Bdeogale nigripes" 13 91 150 NA NA 0.366666666666667
"Bdeogale nigripes" 13 104 75 NA NA 0.333333333333333
"Bdeogale nigripes" 13 117 43 NA NA 0.302325581395349
"Bdeogale nigripes" 13 130 41 NA NA 0.317073170731707
"Bdeogale nigripes" 13 143 40 NA NA 0.325
"Bdeogale nigripes" 13 156 39 NA NA 0.333333333333333
"Bdeogale nigripes" 13 169 39 NA NA 0.333333333333333
"Bdeogale nigripes" 13 182 37 NA NA 0.351351351351351
"Bdeogale nigripes" 13 195 33 NA NA 0.363636363636364
"Bdeogale nigripes" 14 28 422 -3.76976893104855 0.000163398756811423 0.210900473933649
"Bdeogale nigripes" 14 42 407 -3.89682428304288 9.74622789064302e-05 0.26044226044226
"Bdeogale nigripes" 14 56 373 -4.82727274866459 1.38415494028641e-06 0.310991957104558
"Bdeogale nigripes" 14 70 272 -4.22987226909165 2.3382403896915e-05 0.363970588235294
"Bdeogale nigripes" 14 84 166 NA NA 0.373493975903614
"Bdeogale nigripes" 14 98 75 NA NA 0.32
"Bdeogale nigripes" 14 112 45 NA NA 0.311111111111111
"Bdeogale nigripes" 14 126 43 NA NA 0.302325581395349
"Bdeogale nigripes" 14 140 40 NA NA 0.325
"Bdeogale nigripes" 14 154 39 NA NA 0.333333333333333
"Bdeogale nigripes" 14 168 39 NA NA 0.333333333333333
"Bdeogale nigripes" 14 182 37 NA NA 0.351351351351351
"Bdeogale nigripes" 14 196 33 NA NA 0.363636363636364
"Bdeogale nigripes" 15 30 420 -3.81309642886605 0.000137236536573818 0.221428571428571
"Bdeogale nigripes" 15 45 402 -4.1111966761459 3.93613727417255e-05 0.27363184079602
"Bdeogale nigripes" 15 60 361 -4.69566119492708 2.65745703502306e-06 0.326869806094183
"Bdeogale nigripes" 15 75 218 NA NA 0.348623853211009
"Bdeogale nigripes" 15 90 151 NA NA 0.364238410596026
"Bdeogale nigripes" 15 105 73 NA NA 0.328767123287671
"Bdeogale nigripes" 15 120 43 NA NA 0.302325581395349
"Bdeogale nigripes" 15 135 41 NA NA 0.317073170731707
"Bdeogale nigripes" 15 150 40 NA NA 0.325
"Bdeogale nigripes" 15 165 39 NA NA 0.333333333333333
"Bdeogale nigripes" 15 180 37 NA NA 0.351351351351351
"Bdeogale nigripes" 15 195 33 NA NA 0.363636363636364
"Bdeogale nigripes" 16 32 419 -3.48529723422844 0.000491590640039127 0.231503579952267
"Bdeogale nigripes" 16 48 397 -4.33024088047767 1.48946320926696e-05 0.282115869017632
"Bdeogale nigripes" 16 64 341 -4.59617196270968 4.30323593517657e-06 0.343108504398827
"Bdeogale nigripes" 16 80 180 NA NA 0.333333333333333
"Bdeogale nigripes" 16 96 105 NA NA 0.361904761904762
"Bdeogale nigripes" 16 112 45 NA NA 0.311111111111111
"Bdeogale nigripes" 16 128 42 NA NA 0.333333333333333
"Bdeogale nigripes" 16 144 40 NA NA 0.325
"Bdeogale nigripes" 16 160 39 NA NA 0.333333333333333
"Bdeogale nigripes" 16 176 37 NA NA 0.351351351351351
"Bdeogale nigripes" 16 192 33 NA NA 0.363636363636364
"Bdeogale nigripes" 17 34 415 -3.39209666605088 0.000693599653702997 0.231325301204819
"Bdeogale nigripes" 17 51 388 -4.51525444944981 6.32407862628295e-06 0.286082474226804
"Bdeogale nigripes" 17 68 296 -4.21869927552421 2.45715743621471e-05 0.35472972972973
"Bdeogale nigripes" 17 85 166 NA NA 0.373493975903614
"Bdeogale nigripes" 17 102 75 NA NA 0.333333333333333
"Bdeogale nigripes" 17 119 43 NA NA 0.302325581395349
"Bdeogale nigripes" 17 136 41 NA NA 0.317073170731707
"Bdeogale nigripes" 17 153 40 NA NA 0.325
"Bdeogale nigripes" 17 170 39 NA NA 0.333333333333333
"Bdeogale nigripes" 17 187 34 NA NA 0.352941176470588
"Bdeogale nigripes" 18 36 412 -3.66924084862126 0.000243271806987748 0.237864077669903
"Bdeogale nigripes" 18 54 381 -4.58451982940545 4.5503090502931e-06 0.293963254593176
"Bdeogale nigripes" 18 72 249 -4.39306046896673 1.11766023745066e-05 0.353413654618474
"Bdeogale nigripes" 18 90 151 NA NA 0.364238410596026
"Bdeogale nigripes" 18 108 49 NA NA 0.346938775510204
"Bdeogale nigripes" 18 126 43 NA NA 0.302325581395349
"Bdeogale nigripes" 18 144 40 NA NA 0.325
"Bdeogale nigripes" 18 162 39 NA NA 0.333333333333333
"Bdeogale nigripes" 18 180 37 NA NA 0.351351351351351
"Bdeogale nigripes" 18 198 33 NA NA 0.363636363636364
"Bdeogale nigripes" 19 38 410 -3.66248929801546 0.000249776190791071 0.241463414634146
"Bdeogale nigripes" 19 57 370 -4.93308656589139 8.09402607230209e-07 0.310810810810811
"Bdeogale nigripes" 19 76 216 NA NA 0.351851851851852
"Bdeogale nigripes" 19 95 127 NA NA 0.377952755905512
"Bdeogale nigripes" 19 114 45 NA NA 0.311111111111111
"Bdeogale nigripes" 19 133 41 NA NA 0.317073170731707
"Bdeogale nigripes" 19 152 40 NA NA 0.325
"Bdeogale nigripes" 19 171 39 NA NA 0.333333333333333
"Bdeogale nigripes" 19 190 34 NA NA 0.352941176470588
"Bdeogale nigripes" 20 40 408 -3.8619236275775 0.000112497737148627 0.25
"Bdeogale nigripes" 20 60 361 -4.70637145871198 2.52164860214491e-06 0.326869806094183
"Bdeogale nigripes" 20 80 180 NA NA 0.333333333333333
"Bdeogale nigripes" 20 100 75 NA NA 0.32
"Bdeogale nigripes" 20 120 43 NA NA 0.302325581395349
"Bdeogale nigripes" 20 140 40 NA NA 0.325
"Bdeogale nigripes" 20 160 39 NA NA 0.333333333333333
"Bdeogale nigripes" 20 180 37 NA NA 0.351351351351351
"Bdeogale nigripes" 20 200 33 NA NA 0.363636363636364
"Bdeogale nigripes" 21 42 407 -4.03176901667288 5.53585816610652e-05 0.26044226044226
"Bdeogale nigripes" 21 63 349 -4.59053164503873 4.4211841698109e-06 0.340974212034384
"Bdeogale nigripes" 21 84 166 NA NA 0.373493975903614
"Bdeogale nigripes" 21 105 73 NA NA 0.328767123287671
"Bdeogale nigripes" 21 126 43 NA NA 0.302325581395349
"Bdeogale nigripes" 21 147 40 NA NA 0.325
"Bdeogale nigripes" 21 168 39 NA NA 0.333333333333333
"Bdeogale nigripes" 21 189 34 NA NA 0.352941176470588
"Bdeogale nigripes" 22 44 403 -4.10422401001444 4.05674240203447e-05 0.267990074441687
"Bdeogale nigripes" 22 66 320 -4.47827234719407 7.52495605822482e-06 0.35
"Bdeogale nigripes" 22 88 158 NA NA 0.360759493670886
"Bdeogale nigripes" 22 110 47 NA NA 0.340425531914894
"Bdeogale nigripes" 22 132 41 NA NA 0.317073170731707
"Bdeogale nigripes" 22 154 39 NA NA 0.333333333333333
"Bdeogale nigripes" 22 176 37 NA NA 0.351351351351351
"Bdeogale nigripes" 22 198 33 NA NA 0.363636363636364
"Bdeogale nigripes" 23 46 401 -4.10459919663529 4.05016457022164e-05 0.27930174563591
"Bdeogale nigripes" 23 69 283 -3.94970612392408 7.82472032136841e-05 0.367491166077739
"Bdeogale nigripes" 23 92 146 NA NA 0.36986301369863
"Bdeogale nigripes" 23 115 44 NA NA 0.295454545454545
"Bdeogale nigripes" 23 138 41 NA NA 0.317073170731707
"Bdeogale nigripes" 23 161 39 NA NA 0.333333333333333
"Bdeogale nigripes" 23 184 36 NA NA 0.361111111111111
"Bdeogale nigripes" 24 48 397 -4.19346878016068 2.74720900992486e-05 0.282115869017632
"Bdeogale nigripes" 24 72 249 -4.2487954272412 2.14923074320909e-05 0.353413654618474
"Bdeogale nigripes" 24 96 105 NA NA 0.361904761904762
"Bdeogale nigripes" 24 120 43 NA NA 0.302325581395349
"Bdeogale nigripes" 24 144 40 NA NA 0.325
"Bdeogale nigripes" 24 168 39 NA NA 0.333333333333333
"Bdeogale nigripes" 24 192 33 NA NA 0.363636363636364
"Bdeogale nigripes" 25 50 391 -4.20687357488824 2.58927896188483e-05 0.286445012787724
"Bdeogale nigripes" 25 75 218 NA NA 0.348623853211009
"Bdeogale nigripes" 25 100 75 NA NA 0.32
"Bdeogale nigripes" 25 125 43 NA NA 0.302325581395349
"Bdeogale nigripes" 25 150 40 NA NA 0.325
"Bdeogale nigripes" 25 175 37 NA NA 0.351351351351351
"Bdeogale nigripes" 25 200 33 NA NA 0.363636363636364
"Bdeogale nigripes" 26 52 386 -4.43784580917332 9.08636695197931e-06 0.284974093264249
"Bdeogale nigripes" 26 78 209 NA NA 0.358851674641148
"Bdeogale nigripes" 26 104 75 NA NA 0.333333333333333
"Bdeogale nigripes" 26 130 41 NA NA 0.317073170731707
"Bdeogale nigripes" 26 156 39 NA NA 0.333333333333333
"Bdeogale nigripes" 26 182 37 NA NA 0.351351351351351
"Bdeogale nigripes" 27 54 381 -4.37823520325457 1.19644191765419e-05 0.293963254593176
"Bdeogale nigripes" 27 81 176 NA NA 0.352272727272727
"Bdeogale nigripes" 27 108 49 NA NA 0.346938775510204
"Bdeogale nigripes" 27 135 41 NA NA 0.317073170731707
"Bdeogale nigripes" 27 162 39 NA NA 0.333333333333333
"Bdeogale nigripes" 27 189 34 NA NA 0.352941176470588
"Bdeogale nigripes" 28 56 373 -4.77350833017235 1.81044057231176e-06 0.310991957104558
"Bdeogale nigripes" 28 84 166 NA NA 0.373493975903614
"Bdeogale nigripes" 28 112 45 NA NA 0.311111111111111
"Bdeogale nigripes" 28 140 40 NA NA 0.325
"Bdeogale nigripes" 28 168 39 NA NA 0.333333333333333
"Bdeogale nigripes" 28 196 33 NA NA 0.363636363636364
"Bdeogale nigripes" 29 58 366 -4.69744384686766 2.63437576856601e-06 0.316939890710383
"Bdeogale nigripes" 29 87 163 NA NA 0.368098159509202
"Bdeogale nigripes" 29 116 44 NA NA 0.295454545454545
"Bdeogale nigripes" 29 145 40 NA NA 0.325
"Bdeogale nigripes" 29 174 38 NA NA 0.342105263157895
"Bdeogale nigripes" 30 60 361 -4.73848827449926 2.15318485722618e-06 0.326869806094183
"Bdeogale nigripes" 30 90 151 NA NA 0.364238410596026
"Bdeogale nigripes" 30 120 43 NA NA 0.302325581395349
"Bdeogale nigripes" 30 150 40 NA NA 0.325
"Bdeogale nigripes" 30 180 37 NA NA 0.351351351351351
"Bdeogale nigripes" 31 62 351 -4.613532941079 3.9588148677995e-06 0.333333333333333
"Bdeogale nigripes" 31 93 142 NA NA 0.366197183098592
"Bdeogale nigripes" 31 124 43 NA NA 0.302325581395349
"Bdeogale nigripes" 31 155 39 NA NA 0.333333333333333
"Bdeogale nigripes" 31 186 35 NA NA 0.342857142857143
"Bdeogale nigripes" 32 64 341 -4.50003390826542 6.79426237028389e-06 0.343108504398827
"Bdeogale nigripes" 32 96 105 NA NA 0.361904761904762
"Bdeogale nigripes" 32 128 42 NA NA 0.333333333333333
"Bdeogale nigripes" 32 160 39 NA NA 0.333333333333333
"Bdeogale nigripes" 32 192 33 NA NA 0.363636363636364
"Bdeogale nigripes" 33 66 320 -4.4467721012333 8.71702309953438e-06 0.35
"Bdeogale nigripes" 33 99 75 NA NA 0.32
"Bdeogale nigripes" 33 132 41 NA NA 0.317073170731707
"Bdeogale nigripes" 33 165 39 NA NA 0.333333333333333
"Bdeogale nigripes" 33 198 33 NA NA 0.363636363636364
"Bdeogale nigripes" 34 68 296 -4.04850281688078 5.15463139170216e-05 0.35472972972973
"Bdeogale nigripes" 34 102 75 NA NA 0.333333333333333
"Bdeogale nigripes" 34 136 41 NA NA 0.317073170731707
"Bdeogale nigripes" 34 170 39 NA NA 0.333333333333333
"Bdeogale nigripes" 35 70 272 -4.23735164196292 2.26171769104547e-05 0.363970588235294
"Bdeogale nigripes" 35 105 73 NA NA 0.328767123287671
"Bdeogale nigripes" 35 140 40 NA NA 0.325
"Bdeogale nigripes" 35 175 37 NA NA 0.351351351351351
"Bdeogale nigripes" 36 72 249 -4.49376126573787 6.99760746012524e-06 0.353413654618474
"Bdeogale nigripes" 36 108 49 NA NA 0.346938775510204
"Bdeogale nigripes" 36 144 40 NA NA 0.325
"Bdeogale nigripes" 36 180 37 NA NA 0.351351351351351
"Bdeogale nigripes" 37 74 225 NA NA 0.351111111111111
"Bdeogale nigripes" 37 111 45 NA NA 0.311111111111111
"Bdeogale nigripes" 37 148 40 NA NA 0.325
"Bdeogale nigripes" 37 185 35 NA NA 0.342857142857143
"Bdeogale nigripes" 38 76 216 NA NA 0.351851851851852
"Bdeogale nigripes" 38 114 45 NA NA 0.311111111111111
"Bdeogale nigripes" 38 152 40 NA NA 0.325
"Bdeogale nigripes" 38 190 34 NA NA 0.352941176470588
"Bdeogale nigripes" 39 78 209 NA NA 0.358851674641148
"Bdeogale nigripes" 39 117 43 NA NA 0.302325581395349
"Bdeogale nigripes" 39 156 39 NA NA 0.333333333333333
"Bdeogale nigripes" 39 195 33 NA NA 0.363636363636364
"Bdeogale nigripes" 40 80 180 NA NA 0.333333333333333
"Bdeogale nigripes" 40 120 43 NA NA 0.302325581395349
"Bdeogale nigripes" 40 160 39 NA NA 0.333333333333333
"Bdeogale nigripes" 40 200 33 NA NA 0.363636363636364
"Bdeogale nigripes" 41 82 170 NA NA 0.364705882352941
"Bdeogale nigripes" 41 123 43 NA NA 0.302325581395349
"Bdeogale nigripes" 41 164 39 NA NA 0.333333333333333
"Bdeogale nigripes" 42 84 166 NA NA 0.373493975903614
"Bdeogale nigripes" 42 126 43 NA NA 0.302325581395349
"Bdeogale nigripes" 42 168 39 NA NA 0.333333333333333
"Bdeogale nigripes" 43 86 165 NA NA 0.36969696969697
"Bdeogale nigripes" 43 129 42 NA NA 0.333333333333333
"Bdeogale nigripes" 43 172 39 NA NA 0.333333333333333
"Bdeogale nigripes" 44 88 158 NA NA 0.360759493670886
"Bdeogale nigripes" 44 132 41 NA NA 0.317073170731707
"Bdeogale nigripes" 44 176 37 NA NA 0.351351351351351
"Bdeogale nigripes" 45 90 151 NA NA 0.364238410596026
"Bdeogale nigripes" 45 135 41 NA NA 0.317073170731707
"Bdeogale nigripes" 45 180 37 NA NA 0.351351351351351
"Bdeogale nigripes" 46 92 146 NA NA 0.36986301369863
"Bdeogale nigripes" 46 138 41 NA NA 0.317073170731707
"Bdeogale nigripes" 46 184 36 NA NA 0.361111111111111
"Bdeogale nigripes" 47 94 142 NA NA 0.373239436619718
"Bdeogale nigripes" 47 141 40 NA NA 0.325
"Bdeogale nigripes" 47 188 34 NA NA 0.352941176470588
"Bdeogale nigripes" 48 96 105 NA NA 0.361904761904762
"Bdeogale nigripes" 48 144 40 NA NA 0.325
"Bdeogale nigripes" 48 192 33 NA NA 0.363636363636364
"Bdeogale nigripes" 49 98 75 NA NA 0.32
"Bdeogale nigripes" 49 147 40 NA NA 0.325
"Bdeogale nigripes" 49 196 33 NA NA 0.363636363636364
"Bdeogale nigripes" 50 100 75 NA NA 0.32
"Bdeogale nigripes" 50 150 40 NA NA 0.325
"Bdeogale nigripes" 50 200 33 NA NA 0.363636363636364
"Bdeogale nigripes" 51 102 75 NA NA 0.333333333333333
"Bdeogale nigripes" 51 153 40 NA NA 0.325
"Bdeogale nigripes" 52 104 75 NA NA 0.333333333333333
"Bdeogale nigripes" 52 156 39 NA NA 0.333333333333333
"Bdeogale nigripes" 53 106 61 NA NA 0.327868852459016
"Bdeogale nigripes" 53 159 39 NA NA 0.333333333333333
"Bdeogale nigripes" 54 108 49 NA NA 0.346938775510204
"Bdeogale nigripes" 54 162 39 NA NA 0.333333333333333
"Bdeogale nigripes" 55 110 47 NA NA 0.340425531914894
"Bdeogale nigripes" 55 165 39 NA NA 0.333333333333333
"Bdeogale nigripes" 56 112 45 NA NA 0.311111111111111
"Bdeogale nigripes" 56 168 39 NA NA 0.333333333333333
"Bdeogale nigripes" 57 114 45 NA NA 0.311111111111111
"Bdeogale nigripes" 57 171 39 NA NA 0.333333333333333
"Bdeogale nigripes" 58 116 44 NA NA 0.295454545454545
"Bdeogale nigripes" 58 174 38 NA NA 0.342105263157895
"Bdeogale nigripes" 59 118 43 NA NA 0.302325581395349
"Bdeogale nigripes" 59 177 37 NA NA 0.351351351351351
"Bdeogale nigripes" 60 120 43 NA NA 0.302325581395349
"Bdeogale nigripes" 60 180 37 NA NA 0.351351351351351
"Bdeogale nigripes" 61 122 43 NA NA 0.302325581395349
"Bdeogale nigripes" 61 183 37 NA NA 0.351351351351351
"Bdeogale nigripes" 62 124 43 NA NA 0.302325581395349
"Bdeogale nigripes" 62 186 35 NA NA 0.342857142857143
"Bdeogale nigripes" 63 126 43 NA NA 0.302325581395349
"Bdeogale nigripes" 63 189 34 NA NA 0.352941176470588
"Bdeogale nigripes" 64 128 42 NA NA 0.333333333333333
"Bdeogale nigripes" 64 192 33 NA NA 0.363636363636364
"Bdeogale nigripes" 65 130 41 NA NA 0.317073170731707
"Bdeogale nigripes" 65 195 33 NA NA 0.363636363636364
"Bdeogale nigripes" 66 132 41 NA NA 0.317073170731707
"Bdeogale nigripes" 66 198 33 NA NA 0.363636363636364
"Bdeogale nigripes" 67 134 41 NA NA 0.317073170731707
"Bdeogale nigripes" 68 136 41 NA NA 0.317073170731707
"Bdeogale nigripes" 69 138 41 NA NA 0.317073170731707
"Bdeogale nigripes" 70 140 40 NA NA 0.325
"Bdeogale nigripes" 71 142 40 NA NA 0.325
"Bdeogale nigripes" 72 144 40 NA NA 0.325
"Bdeogale nigripes" 73 146 40 NA NA 0.325
"Bdeogale nigripes" 74 148 40 NA NA 0.325
"Bdeogale nigripes" 75 150 40 NA NA 0.325
"Bdeogale nigripes" 76 152 40 NA NA 0.325
"Bdeogale nigripes" 77 154 39 NA NA 0.333333333333333
"Bdeogale nigripes" 78 156 39 NA NA 0.333333333333333
"Bdeogale nigripes" 79 158 39 NA NA 0.333333333333333
"Bdeogale nigripes" 80 160 39 NA NA 0.333333333333333
"Bdeogale nigripes" 81 162 39 NA NA 0.333333333333333
"Bdeogale nigripes" 82 164 39 NA NA 0.333333333333333
"Bdeogale nigripes" 83 166 39 NA NA 0.333333333333333
"Bdeogale nigripes" 84 168 39 NA NA 0.333333333333333
"Bdeogale nigripes" 85 170 39 NA NA 0.333333333333333
"Bdeogale nigripes" 86 172 39 NA NA 0.333333333333333
"Bdeogale nigripes" 87 174 38 NA NA 0.342105263157895
"Bdeogale nigripes" 88 176 37 NA NA 0.351351351351351
"Bdeogale nigripes" 89 178 37 NA NA 0.351351351351351
"Bdeogale nigripes" 90 180 37 NA NA 0.351351351351351
"Bdeogale nigripes" 91 182 37 NA NA 0.351351351351351
"Bdeogale nigripes" 92 184 36 NA NA 0.361111111111111
"Bdeogale nigripes" 93 186 35 NA NA 0.342857142857143
"Bdeogale nigripes" 94 188 34 NA NA 0.352941176470588
"Bdeogale nigripes" 95 190 34 NA NA 0.352941176470588
"Bdeogale nigripes" 96 192 33 NA NA 0.363636363636364
"Bdeogale nigripes" 97 194 33 NA NA 0.363636363636364
"Bdeogale nigripes" 98 196 33 NA NA 0.363636363636364
"Bdeogale nigripes" 99 198 33 NA NA 0.363636363636364
"Bdeogale nigripes" 100 200 33 NA NA 0.363636363636364
