"species" "time_interval" "study_duration" "n_cams" "z" "P" "p_presence"
"Panthera pardus" 1 2 454 -0.433206147288465 0.664865013359367 0.0066079295154185
"Panthera pardus" 1 3 454 -0.488854837650805 0.624944471265193 0.0066079295154185
"Panthera pardus" 1 4 452 NA NA 0.0132743362831858
"Panthera pardus" 1 5 450 NA NA 0.0155555555555556
"Panthera pardus" 1 6 449 NA NA 0.0155902004454343
"Panthera pardus" 1 7 447 NA NA 0.0156599552572707
"Panthera pardus" 1 8 447 NA NA 0.0156599552572707
"Panthera pardus" 1 9 447 NA NA 0.0178970917225951
"Panthera pardus" 1 10 445 NA NA 0.0202247191011236
"Panthera pardus" 1 11 440 NA NA 0.0227272727272727
"Panthera pardus" 1 12 439 NA NA 0.0250569476082005
"Panthera pardus" 1 13 438 0.843499235444318 0.398949293171586 0.0273972602739726
"Panthera pardus" 1 14 436 0.303682373733876 0.761369887916896 0.0321100917431193
"Panthera pardus" 1 15 436 -0.157965484802104 0.874483996325968 0.036697247706422
"Panthera pardus" 1 16 435 0.38304177172386 0.701688792317896 0.0413793103448276
"Panthera pardus" 1 17 435 0.370552849754219 0.710970606054133 0.0413793103448276
"Panthera pardus" 1 18 434 0.164717789916227 0.869166113920237 0.043778801843318
"Panthera pardus" 1 19 432 0.398902676448505 0.689964917016014 0.0462962962962963
"Panthera pardus" 1 20 430 0.112070570379195 0.91076745182905 0.0558139534883721
"Panthera pardus" 1 21 429 0.00331385675005593 0.997355929701793 0.0582750582750583
"Panthera pardus" 1 22 427 -0.373308768630034 0.708918650990006 0.063231850117096
"Panthera pardus" 1 23 426 -0.11679474038594 0.907022711790757 0.0657276995305164
"Panthera pardus" 1 24 425 -0.227999914135918 0.819646307273798 0.0658823529411765
"Panthera pardus" 1 25 423 -0.0910342834882368 0.927465349860273 0.0685579196217494
"Panthera pardus" 1 26 422 -0.0914537845774137 0.92713202684839 0.0687203791469194
"Panthera pardus" 1 27 422 -0.0841134467984223 0.932966233533757 0.0687203791469194
"Panthera pardus" 1 28 422 -0.0831711541269623 0.933715448923027 0.0687203791469194
"Panthera pardus" 1 29 422 -0.487352600841502 0.626008477402366 0.0734597156398104
"Panthera pardus" 1 30 420 -0.42822656904111 0.668486174434578 0.0738095238095238
"Panthera pardus" 1 31 419 -0.748340580789853 0.454254752957651 0.0763723150357995
"Panthera pardus" 1 32 419 -0.819270981494408 0.412631824939676 0.0787589498806683
"Panthera pardus" 1 33 415 -0.813627702702239 0.415858262750009 0.0795180722891566
"Panthera pardus" 1 34 415 -0.810359219506344 0.417733748754269 0.0795180722891566
"Panthera pardus" 1 35 413 -0.638161454668423 0.523368585630325 0.0823244552058111
"Panthera pardus" 1 36 412 -0.75233566609064 0.451849224438553 0.0849514563106796
"Panthera pardus" 1 37 410 -0.770183922964173 0.441190799238048 0.0853658536585366
"Panthera pardus" 1 38 410 -0.766380885440239 0.443449702854155 0.0853658536585366
"Panthera pardus" 1 39 409 -0.780299162889939 0.435214805431099 0.0855745721271394
"Panthera pardus" 1 40 408 -0.54588896611028 0.585142263421474 0.0882352941176471
"Panthera pardus" 1 41 407 -0.689039617044878 0.490798337015764 0.0909090909090909
"Panthera pardus" 1 42 407 -0.685767606305193 0.49285966669601 0.0909090909090909
"Panthera pardus" 1 43 405 -0.654307821287016 0.512913507930971 0.0962962962962963
"Panthera pardus" 1 44 403 -0.707874066223891 0.479023465907077 0.0967741935483871
"Panthera pardus" 1 45 402 -0.730913776021398 0.464831820932738 0.0970149253731343
"Panthera pardus" 1 46 401 -0.763300584455483 0.445284153613321 0.0972568578553616
"Panthera pardus" 1 47 398 -0.807543443440304 0.419353455834088 0.092964824120603
"Panthera pardus" 1 48 397 -0.678588593420106 0.497398572232472 0.0906801007556675
"Panthera pardus" 1 49 395 -0.571486163369348 0.5676701370191 0.0886075949367089
"Panthera pardus" 1 50 391 -0.707080040714519 0.479516738689411 0.0920716112531969
"Panthera pardus" 1 51 388 -0.735554201460772 0.462002042990498 0.095360824742268
"Panthera pardus" 1 52 386 -1.05444651312211 0.2916785365016 0.0958549222797927
"Panthera pardus" 1 53 382 -1.22946467147004 0.218897635777097 0.0994764397905759
"Panthera pardus" 1 54 381 -1.22205428268206 0.221687100035177 0.0997375328083989
"Panthera pardus" 1 55 376 -1.36239746773509 0.173072482471938 0.103723404255319
"Panthera pardus" 1 56 373 -1.39080710741573 0.164283927279911 0.10455764075067
"Panthera pardus" 1 57 370 -1.42806943515847 0.153271873952468 0.105405405405405
"Panthera pardus" 1 58 366 -1.53016249099812 0.125976513248976 0.10655737704918
"Panthera pardus" 1 59 364 -1.24929081326713 0.211558726790421 0.10989010989011
"Panthera pardus" 1 60 361 -1.26094137291075 0.207329970559956 0.110803324099723
"Panthera pardus" 1 61 356 -1.32174863319352 0.186251868250263 0.109550561797753
"Panthera pardus" 1 62 351 -1.30690986065928 0.19124332678049 0.108262108262108
"Panthera pardus" 1 63 349 -1.20862001999625 0.226808861415037 0.108882521489971
"Panthera pardus" 1 64 341 -1.09571714141216 0.273202578852721 0.111436950146628
"Panthera pardus" 1 65 327 -1.19611988352343 0.231649779359274 0.116207951070336
"Panthera pardus" 1 66 320 -1.27437573139361 0.202530288873164 0.115625
"Panthera pardus" 1 67 304 -1.02897267759795 0.303492514143568 0.118421052631579
"Panthera pardus" 1 68 296 -1.22484388959922 0.220634044816399 0.128378378378378
"Panthera pardus" 1 69 283 -1.80435657418236 0.0711754261259234 0.127208480565371
"Panthera pardus" 1 70 272 -1.5962295150744 0.110437560219472 0.136029411764706
"Panthera pardus" 1 71 268 NA NA 0.138059701492537
"Panthera pardus" 1 72 249 -1.5589254979333 0.119014014588829 0.136546184738956
"Panthera pardus" 1 73 231 NA NA 0.134199134199134
"Panthera pardus" 1 74 225 NA NA 0.128888888888889
"Panthera pardus" 1 75 218 NA NA 0.13302752293578
"Panthera pardus" 1 76 216 NA NA 0.12962962962963
"Panthera pardus" 1 77 211 NA NA 0.132701421800948
"Panthera pardus" 1 78 209 NA NA 0.133971291866029
"Panthera pardus" 1 79 195 NA NA 0.112820512820513
"Panthera pardus" 1 80 180 NA NA 0.1
"Panthera pardus" 1 81 176 NA NA 0.0909090909090909
"Panthera pardus" 1 82 170 NA NA 0.0941176470588235
"Panthera pardus" 1 83 166 NA NA 0.0963855421686747
"Panthera pardus" 1 84 166 NA NA 0.0963855421686747
"Panthera pardus" 1 85 166 NA NA 0.0963855421686747
"Panthera pardus" 1 86 165 NA NA 0.096969696969697
"Panthera pardus" 1 87 163 NA NA 0.098159509202454
"Panthera pardus" 1 88 158 NA NA 0.0949367088607595
"Panthera pardus" 1 89 153 NA NA 0.0980392156862745
"Panthera pardus" 1 90 151 NA NA 0.0993377483443709
"Panthera pardus" 1 91 150 NA NA 0.1
"Panthera pardus" 1 92 146 NA NA 0.102739726027397
"Panthera pardus" 1 93 142 NA NA 0.105633802816901
"Panthera pardus" 1 94 142 NA NA 0.112676056338028
"Panthera pardus" 1 95 127 NA NA 0.125984251968504
"Panthera pardus" 1 96 105 NA NA 0.133333333333333
"Panthera pardus" 1 97 89 NA NA 0.112359550561798
"Panthera pardus" 1 98 75 NA NA 0.106666666666667
"Panthera pardus" 1 99 75 NA NA 0.106666666666667
"Panthera pardus" 1 100 75 NA NA 0.106666666666667
"Panthera pardus" 1 101 75 NA NA 0.106666666666667
"Panthera pardus" 1 102 75 NA NA 0.106666666666667
"Panthera pardus" 1 103 75 NA NA 0.106666666666667
"Panthera pardus" 1 104 75 NA NA 0.106666666666667
"Panthera pardus" 1 105 73 NA NA 0.10958904109589
"Panthera pardus" 1 106 61 NA NA 0.0983606557377049
"Panthera pardus" 1 107 56 NA NA 0.0892857142857143
"Panthera pardus" 1 108 49 NA NA 0.102040816326531
"Panthera pardus" 1 109 48 NA NA 0.104166666666667
"Panthera pardus" 1 110 47 NA NA 0.106382978723404
"Panthera pardus" 1 111 45 NA NA 0.111111111111111
"Panthera pardus" 1 112 45 NA NA 0.111111111111111
"Panthera pardus" 1 113 45 NA NA 0.111111111111111
"Panthera pardus" 1 114 45 NA NA 0.111111111111111
"Panthera pardus" 1 115 44 NA NA 0.113636363636364
"Panthera pardus" 1 116 44 NA NA 0.113636363636364
"Panthera pardus" 1 117 43 NA NA 0.116279069767442
"Panthera pardus" 1 118 43 NA NA 0.116279069767442
"Panthera pardus" 1 119 43 NA NA 0.116279069767442
"Panthera pardus" 1 120 43 NA NA 0.116279069767442
"Panthera pardus" 1 121 43 NA NA 0.116279069767442
"Panthera pardus" 1 122 43 NA NA 0.116279069767442
"Panthera pardus" 1 123 43 NA NA 0.116279069767442
"Panthera pardus" 1 124 43 NA NA 0.116279069767442
"Panthera pardus" 1 125 43 NA NA 0.116279069767442
"Panthera pardus" 1 126 43 NA NA 0.116279069767442
"Panthera pardus" 1 127 43 NA NA 0.116279069767442
"Panthera pardus" 1 128 42 NA NA 0.119047619047619
"Panthera pardus" 1 129 42 NA NA 0.119047619047619
"Panthera pardus" 1 130 41 NA NA 0.121951219512195
"Panthera pardus" 1 131 41 NA NA 0.121951219512195
"Panthera pardus" 1 132 41 NA NA 0.121951219512195
"Panthera pardus" 1 133 41 NA NA 0.146341463414634
"Panthera pardus" 1 134 41 NA NA 0.146341463414634
"Panthera pardus" 1 135 41 NA NA 0.146341463414634
"Panthera pardus" 1 136 41 NA NA 0.146341463414634
"Panthera pardus" 1 137 41 NA NA 0.146341463414634
"Panthera pardus" 1 138 41 NA NA 0.146341463414634
"Panthera pardus" 1 139 40 NA NA 0.125
"Panthera pardus" 1 140 40 NA NA 0.125
"Panthera pardus" 1 141 40 NA NA 0.125
"Panthera pardus" 1 142 40 NA NA 0.125
"Panthera pardus" 1 143 40 NA NA 0.125
"Panthera pardus" 1 144 40 NA NA 0.125
"Panthera pardus" 1 145 40 NA NA 0.125
"Panthera pardus" 1 146 40 NA NA 0.125
"Panthera pardus" 1 147 40 NA NA 0.125
"Panthera pardus" 1 148 40 NA NA 0.125
"Panthera pardus" 1 149 40 NA NA 0.125
"Panthera pardus" 1 150 40 NA NA 0.125
"Panthera pardus" 1 151 40 NA NA 0.125
"Panthera pardus" 1 152 40 NA NA 0.125
"Panthera pardus" 1 153 40 NA NA 0.125
"Panthera pardus" 1 154 39 NA NA 0.102564102564103
"Panthera pardus" 1 155 39 NA NA 0.102564102564103
"Panthera pardus" 1 156 39 NA NA 0.102564102564103
"Panthera pardus" 1 157 39 NA NA 0.102564102564103
"Panthera pardus" 1 158 39 NA NA 0.102564102564103
"Panthera pardus" 1 159 39 NA NA 0.102564102564103
"Panthera pardus" 1 160 39 NA NA 0.102564102564103
"Panthera pardus" 1 161 39 NA NA 0.102564102564103
"Panthera pardus" 1 162 39 NA NA 0.102564102564103
"Panthera pardus" 1 163 39 NA NA 0.102564102564103
"Panthera pardus" 1 164 39 NA NA 0.102564102564103
"Panthera pardus" 1 165 39 NA NA 0.102564102564103
"Panthera pardus" 1 166 39 NA NA 0.102564102564103
"Panthera pardus" 1 167 39 NA NA 0.102564102564103
"Panthera pardus" 1 168 39 NA NA 0.102564102564103
"Panthera pardus" 1 169 39 NA NA 0.102564102564103
"Panthera pardus" 1 170 39 NA NA 0.102564102564103
"Panthera pardus" 1 171 39 NA NA 0.102564102564103
"Panthera pardus" 1 172 39 NA NA 0.102564102564103
"Panthera pardus" 1 173 38 NA NA 0.105263157894737
"Panthera pardus" 1 174 38 NA NA 0.105263157894737
"Panthera pardus" 1 175 37 NA NA 0.108108108108108
"Panthera pardus" 1 176 37 NA NA 0.108108108108108
"Panthera pardus" 1 177 37 NA NA 0.108108108108108
"Panthera pardus" 1 178 37 NA NA 0.108108108108108
"Panthera pardus" 1 179 37 NA NA 0.108108108108108
"Panthera pardus" 1 180 37 NA NA 0.108108108108108
"Panthera pardus" 1 181 37 NA NA 0.108108108108108
"Panthera pardus" 1 182 37 NA NA 0.108108108108108
"Panthera pardus" 1 183 37 NA NA 0.108108108108108
"Panthera pardus" 1 184 36 NA NA 0.111111111111111
"Panthera pardus" 1 185 35 NA NA 0.114285714285714
"Panthera pardus" 1 186 35 NA NA 0.114285714285714
"Panthera pardus" 1 187 34 NA NA 0.117647058823529
"Panthera pardus" 1 188 34 NA NA 0.117647058823529
"Panthera pardus" 1 189 34 NA NA 0.117647058823529
"Panthera pardus" 1 190 34 NA NA 0.117647058823529
"Panthera pardus" 1 191 33 NA NA 0.121212121212121
"Panthera pardus" 1 192 33 NA NA 0.121212121212121
"Panthera pardus" 1 193 33 NA NA 0.121212121212121
"Panthera pardus" 1 194 33 NA NA 0.121212121212121
"Panthera pardus" 1 195 33 NA NA 0.121212121212121
"Panthera pardus" 1 196 33 NA NA 0.121212121212121
"Panthera pardus" 1 197 33 NA NA 0.121212121212121
"Panthera pardus" 1 198 33 NA NA 0.121212121212121
"Panthera pardus" 1 199 33 NA NA 0.121212121212121
"Panthera pardus" 1 200 33 NA NA 0.121212121212121
"Panthera pardus" 2 4 452 0.0300051345870436 0.976062958207511 0.0132743362831858
"Panthera pardus" 2 6 449 0.454251252665198 0.649647997643036 0.0155902004454343
"Panthera pardus" 2 8 447 0.443414858758244 0.657465690340294 0.0156599552572707
"Panthera pardus" 2 10 445 NA NA 0.0202247191011236
"Panthera pardus" 2 12 439 NA NA 0.0250569476082005
"Panthera pardus" 2 14 436 0.238752204308895 0.811297733896124 0.0321100917431193
"Panthera pardus" 2 16 435 0.316598219985772 0.751548486600641 0.0413793103448276
"Panthera pardus" 2 18 434 0.103713546170947 0.917396676341426 0.043778801843318
"Panthera pardus" 2 20 430 0.0128810939327578 0.989722658232766 0.0558139534883721
"Panthera pardus" 2 22 427 -0.489080881106418 0.624784436491973 0.063231850117096
"Panthera pardus" 2 24 425 -0.328897044454366 0.742233508338282 0.0658823529411765
"Panthera pardus" 2 26 422 -0.176074001274713 0.860235805786267 0.0687203791469194
"Panthera pardus" 2 28 422 -0.166922280838918 0.867431201530065 0.0687203791469194
"Panthera pardus" 2 30 420 -0.569940438897728 0.568718096014175 0.0738095238095238
"Panthera pardus" 2 32 419 -0.888691006519991 0.374169165792896 0.0787589498806683
"Panthera pardus" 2 34 415 -0.881804493582852 0.377882541222867 0.0795180722891566
"Panthera pardus" 2 36 412 -0.839246811483459 0.40133082357828 0.0849514563106796
"Panthera pardus" 2 38 410 -0.857422872719338 0.391211222965878 0.0853658536585366
"Panthera pardus" 2 40 408 -0.644073827295224 0.51952756129399 0.0882352941176471
"Panthera pardus" 2 42 407 -0.776085289000352 0.437698629097227 0.0909090909090909
"Panthera pardus" 2 44 403 -0.798101089045574 0.424811829524456 0.0967741935483871
"Panthera pardus" 2 46 401 -0.85919618948883 0.390232285328302 0.0972568578553616
"Panthera pardus" 2 48 397 -0.77402737508777 0.438914602880974 0.0906801007556675
"Panthera pardus" 2 50 391 -0.813980561210705 0.41565608703133 0.0920716112531969
"Panthera pardus" 2 52 386 -1.18300245866269 0.236808173002253 0.0958549222797927
"Panthera pardus" 2 54 381 -1.35082329746604 0.176752043235874 0.0997375328083989
"Panthera pardus" 2 56 373 -1.51847597550628 0.128894451451113 0.10455764075067
"Panthera pardus" 2 58 366 -1.65086647607601 0.0987658424925891 0.10655737704918
"Panthera pardus" 2 60 361 -1.39045500297747 0.164390754110482 0.110803324099723
"Panthera pardus" 2 62 351 -1.40978646604204 0.158602744067387 0.108262108262108
"Panthera pardus" 2 64 341 -1.20244990926091 0.229189262213196 0.111436950146628
"Panthera pardus" 2 66 320 -1.35424383282774 0.17565859895327 0.115625
"Panthera pardus" 2 68 296 -1.26914691493398 0.204388670234913 0.128378378378378
"Panthera pardus" 2 70 272 -1.62407455542845 0.104359897672652 0.136029411764706
"Panthera pardus" 2 72 249 -1.56530993910863 0.117510253782874 0.136546184738956
"Panthera pardus" 2 74 225 NA NA 0.128888888888889
"Panthera pardus" 2 76 216 NA NA 0.12962962962963
"Panthera pardus" 2 78 209 NA NA 0.133971291866029
"Panthera pardus" 2 80 180 NA NA 0.1
"Panthera pardus" 2 82 170 NA NA 0.0941176470588235
"Panthera pardus" 2 84 166 NA NA 0.0963855421686747
"Panthera pardus" 2 86 165 NA NA 0.096969696969697
"Panthera pardus" 2 88 158 NA NA 0.0949367088607595
"Panthera pardus" 2 90 151 NA NA 0.0993377483443709
"Panthera pardus" 2 92 146 NA NA 0.102739726027397
"Panthera pardus" 2 94 142 NA NA 0.112676056338028
"Panthera pardus" 2 96 105 NA NA 0.133333333333333
"Panthera pardus" 2 98 75 NA NA 0.106666666666667
"Panthera pardus" 2 100 75 NA NA 0.106666666666667
"Panthera pardus" 2 102 75 NA NA 0.106666666666667
"Panthera pardus" 2 104 75 NA NA 0.106666666666667
"Panthera pardus" 2 106 61 NA NA 0.0983606557377049
"Panthera pardus" 2 108 49 NA NA 0.102040816326531
"Panthera pardus" 2 110 47 NA NA 0.106382978723404
"Panthera pardus" 2 112 45 NA NA 0.111111111111111
"Panthera pardus" 2 114 45 NA NA 0.111111111111111
"Panthera pardus" 2 116 44 NA NA 0.113636363636364
"Panthera pardus" 2 118 43 NA NA 0.116279069767442
"Panthera pardus" 2 120 43 NA NA 0.116279069767442
"Panthera pardus" 2 122 43 NA NA 0.116279069767442
"Panthera pardus" 2 124 43 NA NA 0.116279069767442
"Panthera pardus" 2 126 43 NA NA 0.116279069767442
"Panthera pardus" 2 128 42 NA NA 0.119047619047619
"Panthera pardus" 2 130 41 NA NA 0.121951219512195
"Panthera pardus" 2 132 41 NA NA 0.121951219512195
"Panthera pardus" 2 134 41 NA NA 0.146341463414634
"Panthera pardus" 2 136 41 NA NA 0.146341463414634
"Panthera pardus" 2 138 41 NA NA 0.146341463414634
"Panthera pardus" 2 140 40 NA NA 0.125
"Panthera pardus" 2 142 40 NA NA 0.125
"Panthera pardus" 2 144 40 NA NA 0.125
"Panthera pardus" 2 146 40 NA NA 0.125
"Panthera pardus" 2 148 40 NA NA 0.125
"Panthera pardus" 2 150 40 NA NA 0.125
"Panthera pardus" 2 152 40 NA NA 0.125
"Panthera pardus" 2 154 39 NA NA 0.102564102564103
"Panthera pardus" 2 156 39 NA NA 0.102564102564103
"Panthera pardus" 2 158 39 NA NA 0.102564102564103
"Panthera pardus" 2 160 39 NA NA 0.102564102564103
"Panthera pardus" 2 162 39 NA NA 0.102564102564103
"Panthera pardus" 2 164 39 NA NA 0.102564102564103
"Panthera pardus" 2 166 39 NA NA 0.102564102564103
"Panthera pardus" 2 168 39 NA NA 0.102564102564103
"Panthera pardus" 2 170 39 NA NA 0.102564102564103
"Panthera pardus" 2 172 39 NA NA 0.102564102564103
"Panthera pardus" 2 174 38 NA NA 0.105263157894737
"Panthera pardus" 2 176 37 NA NA 0.108108108108108
"Panthera pardus" 2 178 37 NA NA 0.108108108108108
"Panthera pardus" 2 180 37 NA NA 0.108108108108108
"Panthera pardus" 2 182 37 NA NA 0.108108108108108
"Panthera pardus" 2 184 36 NA NA 0.111111111111111
"Panthera pardus" 2 186 35 NA NA 0.114285714285714
"Panthera pardus" 2 188 34 NA NA 0.117647058823529
"Panthera pardus" 2 190 34 NA NA 0.117647058823529
"Panthera pardus" 2 192 33 NA NA 0.121212121212121
"Panthera pardus" 2 194 33 NA NA 0.121212121212121
"Panthera pardus" 2 196 33 NA NA 0.121212121212121
"Panthera pardus" 2 198 33 NA NA 0.121212121212121
"Panthera pardus" 2 200 33 NA NA 0.121212121212121
"Panthera pardus" 3 6 449 0.46410566178673 0.642572045534989 0.0155902004454343
"Panthera pardus" 3 9 447 NA NA 0.0178970917225951
"Panthera pardus" 3 12 439 NA NA 0.0250569476082005
"Panthera pardus" 3 15 436 -0.239629326510323 0.810617627786914 0.036697247706422
"Panthera pardus" 3 18 434 0.0855447489799635 0.931828321286838 0.043778801843318
"Panthera pardus" 3 21 429 -0.159884875058118 0.872971763196646 0.0582750582750583
"Panthera pardus" 3 24 425 -0.36255536073559 0.71693706138499 0.0658823529411765
"Panthera pardus" 3 27 422 -0.198612954004074 0.84256551965877 0.0687203791469194
"Panthera pardus" 3 30 420 -0.595366458065634 0.551598541291648 0.0738095238095238
"Panthera pardus" 3 33 415 -0.913645190637378 0.360903312539623 0.0795180722891566
"Panthera pardus" 3 36 412 -0.87144657865652 0.383510362606803 0.0849514563106796
"Panthera pardus" 3 39 409 -0.905303260464348 0.365304749580906 0.0855745721271394
"Panthera pardus" 3 42 407 -0.807192391871348 0.41955564835172 0.0909090909090909
"Panthera pardus" 3 45 402 -0.856940354563741 0.391477848994215 0.0970149253731343
"Panthera pardus" 3 48 397 -0.806346598328086 0.420043028991492 0.0906801007556675
"Panthera pardus" 3 51 388 -0.909074204949271 0.363310957605768 0.095360824742268
"Panthera pardus" 3 54 381 -1.39840352604428 0.161991924921714 0.0997375328083989
"Panthera pardus" 3 57 370 -1.60574114538246 0.108330796856025 0.105405405405405
"Panthera pardus" 3 60 361 -1.43573228955641 0.151078533442944 0.110803324099723
"Panthera pardus" 3 63 349 -1.37017350657964 0.170632746372667 0.108882521489971
"Panthera pardus" 3 66 320 -1.39485788545183 0.163058699121026 0.115625
"Panthera pardus" 3 69 283 -1.85300510452352 0.0638816270195164 0.127208480565371
"Panthera pardus" 3 72 249 -1.57025573938658 0.116355626716544 0.136546184738956
"Panthera pardus" 3 75 218 NA NA 0.13302752293578
"Panthera pardus" 3 78 209 NA NA 0.133971291866029
"Panthera pardus" 3 81 176 NA NA 0.0909090909090909
"Panthera pardus" 3 84 166 NA NA 0.0963855421686747
"Panthera pardus" 3 87 163 NA NA 0.098159509202454
"Panthera pardus" 3 90 151 NA NA 0.0993377483443709
"Panthera pardus" 3 93 142 NA NA 0.105633802816901
"Panthera pardus" 3 96 105 NA NA 0.133333333333333
"Panthera pardus" 3 99 75 NA NA 0.106666666666667
"Panthera pardus" 3 102 75 NA NA 0.106666666666667
"Panthera pardus" 3 105 73 NA NA 0.10958904109589
"Panthera pardus" 3 108 49 NA NA 0.102040816326531
"Panthera pardus" 3 111 45 NA NA 0.111111111111111
"Panthera pardus" 3 114 45 NA NA 0.111111111111111
"Panthera pardus" 3 117 43 NA NA 0.116279069767442
"Panthera pardus" 3 120 43 NA NA 0.116279069767442
"Panthera pardus" 3 123 43 NA NA 0.116279069767442
"Panthera pardus" 3 126 43 NA NA 0.116279069767442
"Panthera pardus" 3 129 42 NA NA 0.119047619047619
"Panthera pardus" 3 132 41 NA NA 0.121951219512195
"Panthera pardus" 3 135 41 NA NA 0.146341463414634
"Panthera pardus" 3 138 41 NA NA 0.146341463414634
"Panthera pardus" 3 141 40 NA NA 0.125
"Panthera pardus" 3 144 40 NA NA 0.125
"Panthera pardus" 3 147 40 NA NA 0.125
"Panthera pardus" 3 150 40 NA NA 0.125
"Panthera pardus" 3 153 40 NA NA 0.125
"Panthera pardus" 3 156 39 NA NA 0.102564102564103
"Panthera pardus" 3 159 39 NA NA 0.102564102564103
"Panthera pardus" 3 162 39 NA NA 0.102564102564103
"Panthera pardus" 3 165 39 NA NA 0.102564102564103
"Panthera pardus" 3 168 39 NA NA 0.102564102564103
"Panthera pardus" 3 171 39 NA NA 0.102564102564103
"Panthera pardus" 3 174 38 NA NA 0.105263157894737
"Panthera pardus" 3 177 37 NA NA 0.108108108108108
"Panthera pardus" 3 180 37 NA NA 0.108108108108108
"Panthera pardus" 3 183 37 NA NA 0.108108108108108
"Panthera pardus" 3 186 35 NA NA 0.114285714285714
"Panthera pardus" 3 189 34 NA NA 0.117647058823529
"Panthera pardus" 3 192 33 NA NA 0.121212121212121
"Panthera pardus" 3 195 33 NA NA 0.121212121212121
"Panthera pardus" 3 198 33 NA NA 0.121212121212121
"Panthera pardus" 4 8 447 NA NA 0.0156599552572707
"Panthera pardus" 4 12 439 1.04288858863937 0.296999895333471 0.0250569476082005
"Panthera pardus" 4 16 435 0.270510894064536 0.78676723698726 0.0413793103448276
"Panthera pardus" 4 20 430 -0.0618446187714932 0.950686570828196 0.0558139534883721
"Panthera pardus" 4 24 425 -0.40477390704672 0.685643710322597 0.0658823529411765
"Panthera pardus" 4 28 422 -0.233886597284839 0.815073018486283 0.0687203791469194
"Panthera pardus" 4 32 419 -0.946912321831229 0.343683458604859 0.0787589498806683
"Panthera pardus" 4 36 412 -0.905390497337231 0.365258548219865 0.0849514563106796
"Panthera pardus" 4 40 408 -0.713084374559372 0.475793547870053 0.0882352941176471
"Panthera pardus" 4 44 403 -0.864379536494179 0.3873794305015 0.0967741935483871
"Panthera pardus" 4 48 397 -0.84352078691891 0.398937245175832 0.0906801007556675
"Panthera pardus" 4 52 386 -1.27687696227179 0.201645688697997 0.0958549222797927
"Panthera pardus" 4 56 373 -1.60407129614698 0.108698338072076 0.10455764075067
"Panthera pardus" 4 60 361 -1.4810075228121 0.138604568853859 0.110803324099723
"Panthera pardus" 4 64 341 -1.29012643650997 0.197006762355005 0.111436950146628
"Panthera pardus" 4 68 296 -1.30829685438164 0.190772641663883 0.128378378378378
"Panthera pardus" 4 72 249 -1.57458552190286 0.115352146884644 0.136546184738956
"Panthera pardus" 4 76 216 NA NA 0.12962962962963
"Panthera pardus" 4 80 180 NA NA 0.1
"Panthera pardus" 4 84 166 NA NA 0.0963855421686747
"Panthera pardus" 4 88 158 NA NA 0.0949367088607595
"Panthera pardus" 4 92 146 NA NA 0.102739726027397
"Panthera pardus" 4 96 105 NA NA 0.133333333333333
"Panthera pardus" 4 100 75 NA NA 0.106666666666667
"Panthera pardus" 4 104 75 NA NA 0.106666666666667
"Panthera pardus" 4 108 49 NA NA 0.102040816326531
"Panthera pardus" 4 112 45 NA NA 0.111111111111111
"Panthera pardus" 4 116 44 NA NA 0.113636363636364
"Panthera pardus" 4 120 43 NA NA 0.116279069767442
"Panthera pardus" 4 124 43 NA NA 0.116279069767442
"Panthera pardus" 4 128 42 NA NA 0.119047619047619
"Panthera pardus" 4 132 41 NA NA 0.121951219512195
"Panthera pardus" 4 136 41 NA NA 0.146341463414634
"Panthera pardus" 4 140 40 NA NA 0.125
"Panthera pardus" 4 144 40 NA NA 0.125
"Panthera pardus" 4 148 40 NA NA 0.125
"Panthera pardus" 4 152 40 NA NA 0.125
"Panthera pardus" 4 156 39 NA NA 0.102564102564103
"Panthera pardus" 4 160 39 NA NA 0.102564102564103
"Panthera pardus" 4 164 39 NA NA 0.102564102564103
"Panthera pardus" 4 168 39 NA NA 0.102564102564103
"Panthera pardus" 4 172 39 NA NA 0.102564102564103
"Panthera pardus" 4 176 37 NA NA 0.108108108108108
"Panthera pardus" 4 180 37 NA NA 0.108108108108108
"Panthera pardus" 4 184 36 NA NA 0.111111111111111
"Panthera pardus" 4 188 34 NA NA 0.117647058823529
"Panthera pardus" 4 192 33 NA NA 0.121212121212121
"Panthera pardus" 4 196 33 NA NA 0.121212121212121
"Panthera pardus" 4 200 33 NA NA 0.121212121212121
"Panthera pardus" 5 10 445 NA NA 0.0202247191011236
"Panthera pardus" 5 15 436 -0.297007942760054 0.766460445171635 0.036697247706422
"Panthera pardus" 5 20 430 -0.0969150262290514 0.922793875775875 0.0558139534883721
"Panthera pardus" 5 25 423 -0.268416920672718 0.788378416431306 0.0685579196217494
"Panthera pardus" 5 30 420 -0.648017730425405 0.516973482596171 0.0738095238095238
"Panthera pardus" 5 35 413 -0.809602461413672 0.418168692977331 0.0823244552058111
"Panthera pardus" 5 40 408 -0.740284058661442 0.459127651738354 0.0882352941176471
"Panthera pardus" 5 45 402 -0.922092590708748 0.356480281401348 0.0970149253731343
"Panthera pardus" 5 50 391 -0.92401294360634 0.355479576764088 0.0920716112531969
"Panthera pardus" 5 55 376 -1.62263495512712 0.104667463532704 0.103723404255319
"Panthera pardus" 5 60 361 -1.51681805801275 0.129312626505261 0.110803324099723
"Panthera pardus" 5 65 327 -1.39720928881555 0.162350644256674 0.116207951070336
"Panthera pardus" 5 70 272 -1.65692127847684 0.0975353917471767 0.136029411764706
"Panthera pardus" 5 75 218 NA NA 0.13302752293578
"Panthera pardus" 5 80 180 NA NA 0.1
"Panthera pardus" 5 85 166 NA NA 0.0963855421686747
"Panthera pardus" 5 90 151 NA NA 0.0993377483443709
"Panthera pardus" 5 95 127 NA NA 0.125984251968504
"Panthera pardus" 5 100 75 NA NA 0.106666666666667
"Panthera pardus" 5 105 73 NA NA 0.10958904109589
"Panthera pardus" 5 110 47 NA NA 0.106382978723404
"Panthera pardus" 5 115 44 NA NA 0.113636363636364
"Panthera pardus" 5 120 43 NA NA 0.116279069767442
"Panthera pardus" 5 125 43 NA NA 0.116279069767442
"Panthera pardus" 5 130 41 NA NA 0.121951219512195
"Panthera pardus" 5 135 41 NA NA 0.146341463414634
"Panthera pardus" 5 140 40 NA NA 0.125
"Panthera pardus" 5 145 40 NA NA 0.125
"Panthera pardus" 5 150 40 NA NA 0.125
"Panthera pardus" 5 155 39 NA NA 0.102564102564103
"Panthera pardus" 5 160 39 NA NA 0.102564102564103
"Panthera pardus" 5 165 39 NA NA 0.102564102564103
"Panthera pardus" 5 170 39 NA NA 0.102564102564103
"Panthera pardus" 5 175 37 NA NA 0.108108108108108
"Panthera pardus" 5 180 37 NA NA 0.108108108108108
"Panthera pardus" 5 185 35 NA NA 0.114285714285714
"Panthera pardus" 5 190 34 NA NA 0.117647058823529
"Panthera pardus" 5 195 33 NA NA 0.121212121212121
"Panthera pardus" 5 200 33 NA NA 0.121212121212121
"Panthera pardus" 6 12 439 1.00715936946081 0.31385819471569 0.0250569476082005
"Panthera pardus" 6 18 434 0.00826000694674989 0.99340954292712 0.043778801843318
"Panthera pardus" 6 24 425 -0.466821202270692 0.64062780523356 0.0658823529411765
"Panthera pardus" 6 30 420 -0.667269845339682 0.504599784140695 0.0738095238095238
"Panthera pardus" 6 36 412 -0.950348397987221 0.341935254585577 0.0849514563106796
"Panthera pardus" 6 42 407 -0.890230650970962 0.373342049639599 0.0909090909090909
"Panthera pardus" 6 48 397 -0.893634625206322 0.371517414077755 0.0906801007556675
"Panthera pardus" 6 54 381 -1.50910106969918 0.131272956253633 0.0997375328083989
"Panthera pardus" 6 60 361 -1.54719957238245 0.121815129070373 0.110803324099723
"Panthera pardus" 6 66 320 -1.46559429396694 0.14275884669288 0.115625
"Panthera pardus" 6 72 249 -1.55500431631328 0.119945041348472 0.136546184738956
"Panthera pardus" 6 78 209 NA NA 0.133971291866029
"Panthera pardus" 6 84 166 NA NA 0.0963855421686747
"Panthera pardus" 6 90 151 NA NA 0.0993377483443709
"Panthera pardus" 6 96 105 NA NA 0.133333333333333
"Panthera pardus" 6 102 75 NA NA 0.106666666666667
"Panthera pardus" 6 108 49 NA NA 0.102040816326531
"Panthera pardus" 6 114 45 NA NA 0.111111111111111
"Panthera pardus" 6 120 43 NA NA 0.116279069767442
"Panthera pardus" 6 126 43 NA NA 0.116279069767442
"Panthera pardus" 6 132 41 NA NA 0.121951219512195
"Panthera pardus" 6 138 41 NA NA 0.146341463414634
"Panthera pardus" 6 144 40 NA NA 0.125
"Panthera pardus" 6 150 40 NA NA 0.125
"Panthera pardus" 6 156 39 NA NA 0.102564102564103
"Panthera pardus" 6 162 39 NA NA 0.102564102564103
"Panthera pardus" 6 168 39 NA NA 0.102564102564103
"Panthera pardus" 6 174 38 NA NA 0.105263157894737
"Panthera pardus" 6 180 37 NA NA 0.108108108108108
"Panthera pardus" 6 186 35 NA NA 0.114285714285714
"Panthera pardus" 6 192 33 NA NA 0.121212121212121
"Panthera pardus" 6 198 33 NA NA 0.121212121212121
"Panthera pardus" 7 14 436 0.137361976118478 0.890744684763423 0.0321100917431193
"Panthera pardus" 7 21 429 -0.312476554027727 0.754678378809868 0.0582750582750583
"Panthera pardus" 7 28 422 -0.298487808015636 0.765330880055522 0.0687203791469194
"Panthera pardus" 7 35 413 -0.843907373999251 0.398721167259084 0.0823244552058111
"Panthera pardus" 7 42 407 -0.907365702686355 0.364213440088097 0.0909090909090909
"Panthera pardus" 7 49 395 -0.8130643448549 0.416181167633006 0.0886075949367089
"Panthera pardus" 7 56 373 -1.69809480536732 0.0894898698612036 0.10455764075067
"Panthera pardus" 7 63 349 -1.48515623600622 0.137502442029705 0.108882521489971
"Panthera pardus" 7 70 272 -1.69578771905657 0.0899260890791869 0.136029411764706
"Panthera pardus" 7 77 211 NA NA 0.132701421800948
"Panthera pardus" 7 84 166 NA NA 0.0963855421686747
"Panthera pardus" 7 91 150 NA NA 0.1
"Panthera pardus" 7 98 75 NA NA 0.106666666666667
"Panthera pardus" 7 105 73 NA NA 0.10958904109589
"Panthera pardus" 7 112 45 NA NA 0.111111111111111
"Panthera pardus" 7 119 43 NA NA 0.116279069767442
"Panthera pardus" 7 126 43 NA NA 0.116279069767442
"Panthera pardus" 7 133 41 NA NA 0.146341463414634
"Panthera pardus" 7 140 40 NA NA 0.125
"Panthera pardus" 7 147 40 NA NA 0.125
"Panthera pardus" 7 154 39 NA NA 0.102564102564103
"Panthera pardus" 7 161 39 NA NA 0.102564102564103
"Panthera pardus" 7 168 39 NA NA 0.102564102564103
"Panthera pardus" 7 175 37 NA NA 0.108108108108108
"Panthera pardus" 7 182 37 NA NA 0.108108108108108
"Panthera pardus" 7 189 34 NA NA 0.117647058823529
"Panthera pardus" 7 196 33 NA NA 0.121212121212121
"Panthera pardus" 8 16 435 0.187311816322812 0.851416158867482 0.0413793103448276
"Panthera pardus" 8 24 425 -0.508564927397327 0.611057218010761 0.0658823529411765
"Panthera pardus" 8 32 419 -1.01309269709095 0.311015886190173 0.0787589498806683
"Panthera pardus" 8 40 408 -0.795442779093908 0.426355983770237 0.0882352941176471
"Panthera pardus" 8 48 397 -0.929947405261753 0.352398316665688 0.0906801007556675
"Panthera pardus" 8 56 373 -1.71957515158946 0.085509696180529 0.10455764075067
"Panthera pardus" 8 64 341 -1.38734239011908 0.165337382897141 0.111436950146628
"Panthera pardus" 8 72 249 -1.59007902480559 0.11181699330197 0.136546184738956
"Panthera pardus" 8 80 180 NA NA 0.1
"Panthera pardus" 8 88 158 NA NA 0.0949367088607595
"Panthera pardus" 8 96 105 NA NA 0.133333333333333
"Panthera pardus" 8 104 75 NA NA 0.106666666666667
"Panthera pardus" 8 112 45 NA NA 0.111111111111111
"Panthera pardus" 8 120 43 NA NA 0.116279069767442
"Panthera pardus" 8 128 42 NA NA 0.119047619047619
"Panthera pardus" 8 136 41 NA NA 0.146341463414634
"Panthera pardus" 8 144 40 NA NA 0.125
"Panthera pardus" 8 152 40 NA NA 0.125
"Panthera pardus" 8 160 39 NA NA 0.102564102564103
"Panthera pardus" 8 168 39 NA NA 0.102564102564103
"Panthera pardus" 8 176 37 NA NA 0.108108108108108
"Panthera pardus" 8 184 36 NA NA 0.111111111111111
"Panthera pardus" 8 192 33 NA NA 0.121212121212121
"Panthera pardus" 8 200 33 NA NA 0.121212121212121
"Panthera pardus" 9 18 434 -0.0355574279584198 0.97163525440572 0.043778801843318
"Panthera pardus" 9 27 422 -0.352950149086154 0.724125813582171 0.0687203791469194
"Panthera pardus" 9 36 412 -1.01077918285022 0.31212212871959 0.0849514563106796
"Panthera pardus" 9 45 402 -1.01747430822474 0.30892784818383 0.0970149253731343
"Panthera pardus" 9 54 381 -1.57747666800954 0.114685886583181 0.0997375328083989
"Panthera pardus" 9 63 349 -1.52184367384413 0.128048255355078 0.108882521489971
"Panthera pardus" 9 72 249 -1.59572218698585 0.110550832798426 0.136546184738956
"Panthera pardus" 9 81 176 NA NA 0.0909090909090909
"Panthera pardus" 9 90 151 NA NA 0.0993377483443709
"Panthera pardus" 9 99 75 NA NA 0.106666666666667
"Panthera pardus" 9 108 49 NA NA 0.102040816326531
"Panthera pardus" 9 117 43 NA NA 0.116279069767442
"Panthera pardus" 9 126 43 NA NA 0.116279069767442
"Panthera pardus" 9 135 41 NA NA 0.146341463414634
"Panthera pardus" 9 144 40 NA NA 0.125
"Panthera pardus" 9 153 40 NA NA 0.125
"Panthera pardus" 9 162 39 NA NA 0.102564102564103
"Panthera pardus" 9 171 39 NA NA 0.102564102564103
"Panthera pardus" 9 180 37 NA NA 0.108108108108108
"Panthera pardus" 9 189 34 NA NA 0.117647058823529
"Panthera pardus" 9 198 33 NA NA 0.121212121212121
"Panthera pardus" 10 20 430 -0.195732844062584 0.844819275768969 0.0558139534883721
"Panthera pardus" 10 30 420 -0.740054060241514 0.45926719238981 0.0738095238095238
"Panthera pardus" 10 40 408 -0.839334975680129 0.401281361563719 0.0882352941176471
"Panthera pardus" 10 50 391 -1.04220930840432 0.297314648349036 0.0920716112531969
"Panthera pardus" 10 60 361 -1.63352371948485 0.102358896263658 0.110803324099723
"Panthera pardus" 10 70 272 -1.68748873510051 0.0915094141903584 0.136029411764706
"Panthera pardus" 10 80 180 NA NA 0.1
"Panthera pardus" 10 90 151 NA NA 0.0993377483443709
"Panthera pardus" 10 100 75 NA NA 0.106666666666667
"Panthera pardus" 10 110 47 NA NA 0.106382978723404
"Panthera pardus" 10 120 43 NA NA 0.116279069767442
"Panthera pardus" 10 130 41 NA NA 0.121951219512195
"Panthera pardus" 10 140 40 NA NA 0.125
"Panthera pardus" 10 150 40 NA NA 0.125
"Panthera pardus" 10 160 39 NA NA 0.102564102564103
"Panthera pardus" 10 170 39 NA NA 0.102564102564103
"Panthera pardus" 10 180 37 NA NA 0.108108108108108
"Panthera pardus" 10 190 34 NA NA 0.117647058823529
"Panthera pardus" 10 200 33 NA NA 0.121212121212121
"Panthera pardus" 11 22 427 -0.764487042367018 0.444577055559476 0.063231850117096
"Panthera pardus" 11 33 415 -1.05455585970761 0.291628500399216 0.0795180722891566
"Panthera pardus" 11 44 403 -1.00753217691274 0.313679103015583 0.0967741935483871
"Panthera pardus" 11 55 376 -1.76482373477319 0.0775933943551987 0.103723404255319
"Panthera pardus" 11 66 320 -1.55488013197092 0.119974620006291 0.115625
"Panthera pardus" 11 77 211 NA NA 0.132701421800948
"Panthera pardus" 11 88 158 NA NA 0.0949367088607595
"Panthera pardus" 11 99 75 NA NA 0.106666666666667
"Panthera pardus" 11 110 47 NA NA 0.106382978723404
"Panthera pardus" 11 121 43 NA NA 0.116279069767442
"Panthera pardus" 11 132 41 NA NA 0.121951219512195
"Panthera pardus" 11 143 40 NA NA 0.125
"Panthera pardus" 11 154 39 NA NA 0.102564102564103
"Panthera pardus" 11 165 39 NA NA 0.102564102564103
"Panthera pardus" 11 176 37 NA NA 0.108108108108108
"Panthera pardus" 11 187 34 NA NA 0.117647058823529
"Panthera pardus" 11 198 33 NA NA 0.121212121212121
"Panthera pardus" 12 24 425 -0.569396158843566 0.56908732299292 0.0658823529411765
"Panthera pardus" 12 36 412 -1.01645350301684 0.309413478598293 0.0849514563106796
"Panthera pardus" 12 48 397 -0.979044051981803 0.327558213771942 0.0906801007556675
"Panthera pardus" 12 60 361 -1.67235999222989 0.0944533562685861 0.110803324099723
"Panthera pardus" 12 72 249 -1.58347223063939 0.113313871143957 0.136546184738956
"Panthera pardus" 12 84 166 NA NA 0.0963855421686747
"Panthera pardus" 12 96 105 NA NA 0.133333333333333
"Panthera pardus" 12 108 49 NA NA 0.102040816326531
"Panthera pardus" 12 120 43 NA NA 0.116279069767442
"Panthera pardus" 12 132 41 NA NA 0.121951219512195
"Panthera pardus" 12 144 40 NA NA 0.125
"Panthera pardus" 12 156 39 NA NA 0.102564102564103
"Panthera pardus" 12 168 39 NA NA 0.102564102564103
"Panthera pardus" 12 180 37 NA NA 0.108108108108108
"Panthera pardus" 12 192 33 NA NA 0.121212121212121
"Panthera pardus" 13 26 422 -0.376264229281901 0.706720469545721 0.0687203791469194
"Panthera pardus" 13 39 409 -1.06100655563075 0.288686921929007 0.0855745721271394
"Panthera pardus" 13 52 386 -1.46997424637162 0.141568729128269 0.0958549222797927
"Panthera pardus" 13 65 327 -1.53045419524897 0.125904343043873 0.116207951070336
"Panthera pardus" 13 78 209 NA NA 0.133971291866029
"Panthera pardus" 13 91 150 NA NA 0.1
"Panthera pardus" 13 104 75 NA NA 0.106666666666667
"Panthera pardus" 13 117 43 NA NA 0.116279069767442
"Panthera pardus" 13 130 41 NA NA 0.121951219512195
"Panthera pardus" 13 143 40 NA NA 0.125
"Panthera pardus" 13 156 39 NA NA 0.102564102564103
"Panthera pardus" 13 169 39 NA NA 0.102564102564103
"Panthera pardus" 13 182 37 NA NA 0.108108108108108
"Panthera pardus" 13 195 33 NA NA 0.121212121212121
"Panthera pardus" 14 28 422 -0.376264229281901 0.706720469545721 0.0687203791469194
"Panthera pardus" 14 42 407 -0.986125077695844 0.324071738992893 0.0909090909090909
"Panthera pardus" 14 56 373 -1.81628581417713 0.0693265401810063 0.10455764075067
"Panthera pardus" 14 70 272 -1.73499034336467 0.0827425156488474 0.136029411764706
"Panthera pardus" 14 84 166 NA NA 0.0963855421686747
"Panthera pardus" 14 98 75 NA NA 0.106666666666667
"Panthera pardus" 14 112 45 NA NA 0.111111111111111
"Panthera pardus" 14 126 43 NA NA 0.116279069767442
"Panthera pardus" 14 140 40 NA NA 0.125
"Panthera pardus" 14 154 39 NA NA 0.102564102564103
"Panthera pardus" 14 168 39 NA NA 0.102564102564103
"Panthera pardus" 14 182 37 NA NA 0.108108108108108
"Panthera pardus" 14 196 33 NA NA 0.121212121212121
"Panthera pardus" 15 30 420 -0.747339966571847 0.45485837328304 0.0738095238095238
"Panthera pardus" 15 45 402 -1.06619809722503 0.286334102125817 0.0970149253731343
"Panthera pardus" 15 60 361 -1.71371087575508 0.0865818385068278 0.110803324099723
"Panthera pardus" 15 75 218 NA NA 0.13302752293578
"Panthera pardus" 15 90 151 NA NA 0.0993377483443709
"Panthera pardus" 15 105 73 NA NA 0.10958904109589
"Panthera pardus" 15 120 43 NA NA 0.116279069767442
"Panthera pardus" 15 135 41 NA NA 0.146341463414634
"Panthera pardus" 15 150 40 NA NA 0.125
"Panthera pardus" 15 165 39 NA NA 0.102564102564103
"Panthera pardus" 15 180 37 NA NA 0.108108108108108
"Panthera pardus" 15 195 33 NA NA 0.121212121212121
"Panthera pardus" 16 32 419 -1.09958547298262 0.271512774297731 0.0787589498806683
"Panthera pardus" 16 48 397 -1.05158609768667 0.292989488888763 0.0906801007556675
"Panthera pardus" 16 64 341 -1.53440560081841 0.124929900591893 0.111436950146628
"Panthera pardus" 16 80 180 NA NA 0.1
"Panthera pardus" 16 96 105 NA NA 0.133333333333333
"Panthera pardus" 16 112 45 NA NA 0.111111111111111
"Panthera pardus" 16 128 42 NA NA 0.119047619047619
"Panthera pardus" 16 144 40 NA NA 0.125
"Panthera pardus" 16 160 39 NA NA 0.102564102564103
"Panthera pardus" 16 176 37 NA NA 0.108108108108108
"Panthera pardus" 16 192 33 NA NA 0.121212121212121
"Panthera pardus" 17 34 415 -1.12941501453543 0.258722801925703 0.0795180722891566
"Panthera pardus" 17 51 388 -1.25357836181187 0.209995300188122 0.095360824742268
"Panthera pardus" 17 68 296 -1.44320369947357 0.148963097707992 0.128378378378378
"Panthera pardus" 17 85 166 NA NA 0.0963855421686747
"Panthera pardus" 17 102 75 NA NA 0.106666666666667
"Panthera pardus" 17 119 43 NA NA 0.116279069767442
"Panthera pardus" 17 136 41 NA NA 0.146341463414634
"Panthera pardus" 17 153 40 NA NA 0.125
"Panthera pardus" 17 170 39 NA NA 0.102564102564103
"Panthera pardus" 17 187 34 NA NA 0.117647058823529
"Panthera pardus" 18 36 412 -1.11894586999362 0.263163232440241 0.0849514563106796
"Panthera pardus" 18 54 381 -1.7341701596902 0.0828878958936004 0.0997375328083989
"Panthera pardus" 18 72 249 -1.63170233205722 0.102742208556954 0.136546184738956
"Panthera pardus" 18 90 151 NA NA 0.0993377483443709
"Panthera pardus" 18 108 49 NA NA 0.102040816326531
"Panthera pardus" 18 126 43 NA NA 0.116279069767442
"Panthera pardus" 18 144 40 NA NA 0.125
"Panthera pardus" 18 162 39 NA NA 0.102564102564103
"Panthera pardus" 18 180 37 NA NA 0.108108108108108
"Panthera pardus" 18 198 33 NA NA 0.121212121212121
"Panthera pardus" 19 38 410 -1.10008752858234 0.271293987144245 0.0853658536585366
"Panthera pardus" 19 57 370 -1.93507657294845 0.0529808998533947 0.105405405405405
"Panthera pardus" 19 76 216 NA NA 0.12962962962963
"Panthera pardus" 19 95 127 NA NA 0.125984251968504
"Panthera pardus" 19 114 45 NA NA 0.111111111111111
"Panthera pardus" 19 133 41 NA NA 0.146341463414634
"Panthera pardus" 19 152 40 NA NA 0.125
"Panthera pardus" 19 171 39 NA NA 0.102564102564103
"Panthera pardus" 19 190 34 NA NA 0.117647058823529
"Panthera pardus" 20 40 408 -0.90780020225239 0.363983791518048 0.0882352941176471
"Panthera pardus" 20 60 361 -1.77159324571849 0.0764621017004525 0.110803324099723
"Panthera pardus" 20 80 180 NA NA 0.1
"Panthera pardus" 20 100 75 NA NA 0.106666666666667
"Panthera pardus" 20 120 43 NA NA 0.116279069767442
"Panthera pardus" 20 140 40 NA NA 0.125
"Panthera pardus" 20 160 39 NA NA 0.102564102564103
"Panthera pardus" 20 180 37 NA NA 0.108108108108108
"Panthera pardus" 20 200 33 NA NA 0.121212121212121
"Panthera pardus" 21 42 407 -1.05738696447835 0.290335018294154 0.0909090909090909
"Panthera pardus" 21 63 349 -1.65571589486571 0.0977793668707118 0.108882521489971
"Panthera pardus" 21 84 166 NA NA 0.0963855421686747
"Panthera pardus" 21 105 73 NA NA 0.10958904109589
"Panthera pardus" 21 126 43 NA NA 0.116279069767442
"Panthera pardus" 21 147 40 NA NA 0.125
"Panthera pardus" 21 168 39 NA NA 0.102564102564103
"Panthera pardus" 21 189 34 NA NA 0.117647058823529
"Panthera pardus" 22 44 403 -1.09060030592422 0.275448794895527 0.0967741935483871
"Panthera pardus" 22 66 320 -1.65477023709314 0.0979711134593545 0.115625
"Panthera pardus" 22 88 158 NA NA 0.0949367088607595
"Panthera pardus" 22 110 47 NA NA 0.106382978723404
"Panthera pardus" 22 132 41 NA NA 0.121951219512195
"Panthera pardus" 22 154 39 NA NA 0.102564102564103
"Panthera pardus" 22 176 37 NA NA 0.108108108108108
"Panthera pardus" 22 198 33 NA NA 0.121212121212121
"Panthera pardus" 23 46 401 -1.12254912121538 0.261629034290573 0.0972568578553616
"Panthera pardus" 23 69 283 -1.91475735116648 0.0555234558004749 0.127208480565371
"Panthera pardus" 23 92 146 NA NA 0.102739726027397
"Panthera pardus" 23 115 44 NA NA 0.113636363636364
"Panthera pardus" 23 138 41 NA NA 0.146341463414634
"Panthera pardus" 23 161 39 NA NA 0.102564102564103
"Panthera pardus" 23 184 36 NA NA 0.111111111111111
"Panthera pardus" 24 48 397 -1.05660753943287 0.290690738179315 0.0906801007556675
"Panthera pardus" 24 72 249 -1.59861129370705 0.109906998734085 0.136546184738956
"Panthera pardus" 24 96 105 NA NA 0.133333333333333
"Panthera pardus" 24 120 43 NA NA 0.116279069767442
"Panthera pardus" 24 144 40 NA NA 0.125
"Panthera pardus" 24 168 39 NA NA 0.102564102564103
"Panthera pardus" 24 192 33 NA NA 0.121212121212121
"Panthera pardus" 25 50 391 -1.13200680928588 0.257631571673276 0.0920716112531969
"Panthera pardus" 25 75 218 NA NA 0.13302752293578
"Panthera pardus" 25 100 75 NA NA 0.106666666666667
"Panthera pardus" 25 125 43 NA NA 0.116279069767442
"Panthera pardus" 25 150 40 NA NA 0.125
"Panthera pardus" 25 175 37 NA NA 0.108108108108108
"Panthera pardus" 25 200 33 NA NA 0.121212121212121
"Panthera pardus" 26 52 386 -1.52917899854746 0.126220075453379 0.0958549222797927
"Panthera pardus" 26 78 209 NA NA 0.133971291866029
"Panthera pardus" 26 104 75 NA NA 0.106666666666667
"Panthera pardus" 26 130 41 NA NA 0.121951219512195
"Panthera pardus" 26 156 39 NA NA 0.102564102564103
"Panthera pardus" 26 182 37 NA NA 0.108108108108108
"Panthera pardus" 27 54 381 -1.71363611150608 0.0865955771158043 0.0997375328083989
"Panthera pardus" 27 81 176 NA NA 0.0909090909090909
"Panthera pardus" 27 108 49 NA NA 0.102040816326531
"Panthera pardus" 27 135 41 NA NA 0.146341463414634
"Panthera pardus" 27 162 39 NA NA 0.102564102564103
"Panthera pardus" 27 189 34 NA NA 0.117647058823529
"Panthera pardus" 28 56 373 -1.88799315847426 0.0590268689175001 0.10455764075067
"Panthera pardus" 28 84 166 NA NA 0.0963855421686747
"Panthera pardus" 28 112 45 NA NA 0.111111111111111
"Panthera pardus" 28 140 40 NA NA 0.125
"Panthera pardus" 28 168 39 NA NA 0.102564102564103
"Panthera pardus" 28 196 33 NA NA 0.121212121212121
"Panthera pardus" 29 58 366 -2.06993896349941 0.0384580605957396 0.10655737704918
"Panthera pardus" 29 87 163 NA NA 0.098159509202454
"Panthera pardus" 29 116 44 NA NA 0.113636363636364
"Panthera pardus" 29 145 40 NA NA 0.125
"Panthera pardus" 29 174 38 NA NA 0.105263157894737
"Panthera pardus" 30 60 361 -1.85781114784558 0.0631958374908286 0.110803324099723
"Panthera pardus" 30 90 151 NA NA 0.0993377483443709
"Panthera pardus" 30 120 43 NA NA 0.116279069767442
"Panthera pardus" 30 150 40 NA NA 0.125
"Panthera pardus" 30 180 37 NA NA 0.108108108108108
"Panthera pardus" 31 62 351 -1.74078038179491 0.0817220820524091 0.108262108262108
"Panthera pardus" 31 93 142 NA NA 0.105633802816901
"Panthera pardus" 31 124 43 NA NA 0.116279069767442
"Panthera pardus" 31 155 39 NA NA 0.102564102564103
"Panthera pardus" 31 186 35 NA NA 0.114285714285714
"Panthera pardus" 32 64 341 -1.60049117161049 0.109489663877631 0.111436950146628
"Panthera pardus" 32 96 105 NA NA 0.133333333333333
"Panthera pardus" 32 128 42 NA NA 0.119047619047619
"Panthera pardus" 32 160 39 NA NA 0.102564102564103
"Panthera pardus" 32 192 33 NA NA 0.121212121212121
"Panthera pardus" 33 66 320 -1.67021075211902 0.0948776734380208 0.115625
"Panthera pardus" 33 99 75 NA NA 0.106666666666667
"Panthera pardus" 33 132 41 NA NA 0.121951219512195
"Panthera pardus" 33 165 39 NA NA 0.102564102564103
"Panthera pardus" 33 198 33 NA NA 0.121212121212121
"Panthera pardus" 34 68 296 -1.4634667945367 0.143339693237079 0.128378378378378
"Panthera pardus" 34 102 75 NA NA 0.106666666666667
"Panthera pardus" 34 136 41 NA NA 0.146341463414634
"Panthera pardus" 34 170 39 NA NA 0.102564102564103
"Panthera pardus" 35 70 272 -1.79207134084223 0.0731215389791492 0.136029411764706
"Panthera pardus" 35 105 73 NA NA 0.10958904109589
"Panthera pardus" 35 140 40 NA NA 0.125
"Panthera pardus" 35 175 37 NA NA 0.108108108108108
"Panthera pardus" 36 72 249 -1.67585731539853 0.0937661442776041 0.136546184738956
"Panthera pardus" 36 108 49 NA NA 0.102040816326531
"Panthera pardus" 36 144 40 NA NA 0.125
"Panthera pardus" 36 180 37 NA NA 0.108108108108108
"Panthera pardus" 37 74 225 NA NA 0.128888888888889
"Panthera pardus" 37 111 45 NA NA 0.111111111111111
"Panthera pardus" 37 148 40 NA NA 0.125
"Panthera pardus" 37 185 35 NA NA 0.114285714285714
"Panthera pardus" 38 76 216 NA NA 0.12962962962963
"Panthera pardus" 38 114 45 NA NA 0.111111111111111
"Panthera pardus" 38 152 40 NA NA 0.125
"Panthera pardus" 38 190 34 NA NA 0.117647058823529
"Panthera pardus" 39 78 209 NA NA 0.133971291866029
"Panthera pardus" 39 117 43 NA NA 0.116279069767442
"Panthera pardus" 39 156 39 NA NA 0.102564102564103
"Panthera pardus" 39 195 33 NA NA 0.121212121212121
"Panthera pardus" 40 80 180 NA NA 0.1
"Panthera pardus" 40 120 43 NA NA 0.116279069767442
"Panthera pardus" 40 160 39 NA NA 0.102564102564103
"Panthera pardus" 40 200 33 NA NA 0.121212121212121
"Panthera pardus" 41 82 170 NA NA 0.0941176470588235
"Panthera pardus" 41 123 43 NA NA 0.116279069767442
"Panthera pardus" 41 164 39 NA NA 0.102564102564103
"Panthera pardus" 42 84 166 NA NA 0.0963855421686747
"Panthera pardus" 42 126 43 NA NA 0.116279069767442
"Panthera pardus" 42 168 39 NA NA 0.102564102564103
"Panthera pardus" 43 86 165 NA NA 0.096969696969697
"Panthera pardus" 43 129 42 NA NA 0.119047619047619
"Panthera pardus" 43 172 39 NA NA 0.102564102564103
"Panthera pardus" 44 88 158 NA NA 0.0949367088607595
"Panthera pardus" 44 132 41 NA NA 0.121951219512195
"Panthera pardus" 44 176 37 NA NA 0.108108108108108
"Panthera pardus" 45 90 151 NA NA 0.0993377483443709
"Panthera pardus" 45 135 41 NA NA 0.146341463414634
"Panthera pardus" 45 180 37 NA NA 0.108108108108108
"Panthera pardus" 46 92 146 NA NA 0.102739726027397
"Panthera pardus" 46 138 41 NA NA 0.146341463414634
"Panthera pardus" 46 184 36 NA NA 0.111111111111111
"Panthera pardus" 47 94 142 NA NA 0.112676056338028
"Panthera pardus" 47 141 40 NA NA 0.125
"Panthera pardus" 47 188 34 NA NA 0.117647058823529
"Panthera pardus" 48 96 105 NA NA 0.133333333333333
"Panthera pardus" 48 144 40 NA NA 0.125
"Panthera pardus" 48 192 33 NA NA 0.121212121212121
"Panthera pardus" 49 98 75 NA NA 0.106666666666667
"Panthera pardus" 49 147 40 NA NA 0.125
"Panthera pardus" 49 196 33 NA NA 0.121212121212121
"Panthera pardus" 50 100 75 NA NA 0.106666666666667
"Panthera pardus" 50 150 40 NA NA 0.125
"Panthera pardus" 50 200 33 NA NA 0.121212121212121
"Panthera pardus" 51 102 75 NA NA 0.106666666666667
"Panthera pardus" 51 153 40 NA NA 0.125
"Panthera pardus" 52 104 75 NA NA 0.106666666666667
"Panthera pardus" 52 156 39 NA NA 0.102564102564103
"Panthera pardus" 53 106 61 NA NA 0.0983606557377049
"Panthera pardus" 53 159 39 NA NA 0.102564102564103
"Panthera pardus" 54 108 49 NA NA 0.102040816326531
"Panthera pardus" 54 162 39 NA NA 0.102564102564103
"Panthera pardus" 55 110 47 NA NA 0.106382978723404
"Panthera pardus" 55 165 39 NA NA 0.102564102564103
"Panthera pardus" 56 112 45 NA NA 0.111111111111111
"Panthera pardus" 56 168 39 NA NA 0.102564102564103
"Panthera pardus" 57 114 45 NA NA 0.111111111111111
"Panthera pardus" 57 171 39 NA NA 0.102564102564103
"Panthera pardus" 58 116 44 NA NA 0.113636363636364
"Panthera pardus" 58 174 38 NA NA 0.105263157894737
"Panthera pardus" 59 118 43 NA NA 0.116279069767442
"Panthera pardus" 59 177 37 NA NA 0.108108108108108
"Panthera pardus" 60 120 43 NA NA 0.116279069767442
"Panthera pardus" 60 180 37 NA NA 0.108108108108108
"Panthera pardus" 61 122 43 NA NA 0.116279069767442
"Panthera pardus" 61 183 37 NA NA 0.108108108108108
"Panthera pardus" 62 124 43 NA NA 0.116279069767442
"Panthera pardus" 62 186 35 NA NA 0.114285714285714
"Panthera pardus" 63 126 43 NA NA 0.116279069767442
"Panthera pardus" 63 189 34 NA NA 0.117647058823529
"Panthera pardus" 64 128 42 NA NA 0.119047619047619
"Panthera pardus" 64 192 33 NA NA 0.121212121212121
"Panthera pardus" 65 130 41 NA NA 0.121951219512195
"Panthera pardus" 65 195 33 NA NA 0.121212121212121
"Panthera pardus" 66 132 41 NA NA 0.121951219512195
"Panthera pardus" 66 198 33 NA NA 0.121212121212121
"Panthera pardus" 67 134 41 NA NA 0.146341463414634
"Panthera pardus" 68 136 41 NA NA 0.146341463414634
"Panthera pardus" 69 138 41 NA NA 0.146341463414634
"Panthera pardus" 70 140 40 NA NA 0.125
"Panthera pardus" 71 142 40 NA NA 0.125
"Panthera pardus" 72 144 40 NA NA 0.125
"Panthera pardus" 73 146 40 NA NA 0.125
"Panthera pardus" 74 148 40 NA NA 0.125
"Panthera pardus" 75 150 40 NA NA 0.125
"Panthera pardus" 76 152 40 NA NA 0.125
"Panthera pardus" 77 154 39 NA NA 0.102564102564103
"Panthera pardus" 78 156 39 NA NA 0.102564102564103
"Panthera pardus" 79 158 39 NA NA 0.102564102564103
"Panthera pardus" 80 160 39 NA NA 0.102564102564103
"Panthera pardus" 81 162 39 NA NA 0.102564102564103
"Panthera pardus" 82 164 39 NA NA 0.102564102564103
"Panthera pardus" 83 166 39 NA NA 0.102564102564103
"Panthera pardus" 84 168 39 NA NA 0.102564102564103
"Panthera pardus" 85 170 39 NA NA 0.102564102564103
"Panthera pardus" 86 172 39 NA NA 0.102564102564103
"Panthera pardus" 87 174 38 NA NA 0.105263157894737
"Panthera pardus" 88 176 37 NA NA 0.108108108108108
"Panthera pardus" 89 178 37 NA NA 0.108108108108108
"Panthera pardus" 90 180 37 NA NA 0.108108108108108
"Panthera pardus" 91 182 37 NA NA 0.108108108108108
"Panthera pardus" 92 184 36 NA NA 0.111111111111111
"Panthera pardus" 93 186 35 NA NA 0.114285714285714
"Panthera pardus" 94 188 34 NA NA 0.117647058823529
"Panthera pardus" 95 190 34 NA NA 0.117647058823529
"Panthera pardus" 96 192 33 NA NA 0.121212121212121
"Panthera pardus" 97 194 33 NA NA 0.121212121212121
"Panthera pardus" 98 196 33 NA NA 0.121212121212121
"Panthera pardus" 99 198 33 NA NA 0.121212121212121
"Panthera pardus" 100 200 33 NA NA 0.121212121212121
