"species" "time_interval" "study_duration" "n_cams" "z" "P" "p_presence"
"Cephalophus ogilbyi" 1 2 454 -2.19876339556086 0.0278947505351775 0.0374449339207048
"Cephalophus ogilbyi" 1 3 454 -2.53779178983761 0.0111554330472696 0.0484581497797357
"Cephalophus ogilbyi" 1 4 452 NA NA 0.0707964601769911
"Cephalophus ogilbyi" 1 5 450 -3.66387947364749 0.000248423717346518 0.0822222222222222
"Cephalophus ogilbyi" 1 6 449 -3.96559450029448 7.32132381849268e-05 0.0979955456570156
"Cephalophus ogilbyi" 1 7 447 -4.25470397705265 2.09325762122255e-05 0.105145413870246
"Cephalophus ogilbyi" 1 8 447 -4.48039803830859 7.45039652648847e-06 0.118568232662192
"Cephalophus ogilbyi" 1 9 447 -4.52465475493577 6.049417484086e-06 0.120805369127517
"Cephalophus ogilbyi" 1 10 445 -4.90598628593318 9.29590202251548e-07 0.130337078651685
"Cephalophus ogilbyi" 1 11 440 -4.88436883223947 1.03760687956592e-06 0.136363636363636
"Cephalophus ogilbyi" 1 12 439 -5.14769653066141 2.63704658464691e-07 0.143507972665148
"Cephalophus ogilbyi" 1 13 438 -5.42800468762675 5.69875434629715e-08 0.15296803652968
"Cephalophus ogilbyi" 1 14 436 -5.59769220038752 2.17223971967038e-08 0.153669724770642
"Cephalophus ogilbyi" 1 15 436 -5.89367785401666 3.77693164595444e-09 0.160550458715596
"Cephalophus ogilbyi" 1 16 435 -5.94413984342819 2.77912274820562e-09 0.167816091954023
"Cephalophus ogilbyi" 1 17 435 -5.98864839812629 2.11592025789072e-09 0.174712643678161
"Cephalophus ogilbyi" 1 18 434 -6.01611748149906 1.78649939943766e-09 0.175115207373272
"Cephalophus ogilbyi" 1 19 432 -6.26573688507504 3.71066432969085e-10 0.175925925925926
"Cephalophus ogilbyi" 1 20 430 -6.48909201214524 8.63552181500125e-11 0.17906976744186
"Cephalophus ogilbyi" 1 21 429 -6.55175795669277 5.68636564521698e-11 0.181818181818182
"Cephalophus ogilbyi" 1 22 427 -6.99864007639146 2.58458875584493e-12 0.187353629976581
"Cephalophus ogilbyi" 1 23 426 -7.08980844718537 1.34297756969524e-12 0.192488262910798
"Cephalophus ogilbyi" 1 24 425 -7.02880769772311 2.08305831682053e-12 0.192941176470588
"Cephalophus ogilbyi" 1 25 423 -7.02537714349951 2.13488791462925e-12 0.200945626477541
"Cephalophus ogilbyi" 1 26 422 -7.13485869645346 9.68866388167643e-13 0.199052132701422
"Cephalophus ogilbyi" 1 27 422 -7.33320835598395 2.24707168993738e-13 0.203791469194313
"Cephalophus ogilbyi" 1 28 422 -7.25771508581331 3.93683683472118e-13 0.203791469194313
"Cephalophus ogilbyi" 1 29 422 -7.3422353406853 2.10055612146675e-13 0.203791469194313
"Cephalophus ogilbyi" 1 30 420 -7.56937155672832 3.7503406262325e-14 0.204761904761905
"Cephalophus ogilbyi" 1 31 419 -7.65531274724274 1.92842351557366e-14 0.20763723150358
"Cephalophus ogilbyi" 1 32 419 -7.78019457147455 7.24130896147417e-15 0.212410501193317
"Cephalophus ogilbyi" 1 33 415 -7.60785371511022 2.78685005575879e-14 0.214457831325301
"Cephalophus ogilbyi" 1 34 415 -7.68505620932098 1.52929834243069e-14 0.214457831325301
"Cephalophus ogilbyi" 1 35 413 -7.99761421573905 1.26853087885108e-15 0.215496368038741
"Cephalophus ogilbyi" 1 36 412 -8.10053414554991 5.47184025252336e-16 0.218446601941748
"Cephalophus ogilbyi" 1 37 410 -8.27820834226424 1.25042317699967e-16 0.214634146341463
"Cephalophus ogilbyi" 1 38 410 -8.35574327741235 6.50219815931617e-17 0.217073170731707
"Cephalophus ogilbyi" 1 39 409 -8.29964352804141 1.04424243796964e-16 0.21760391198044
"Cephalophus ogilbyi" 1 40 408 -8.54836251338503 1.24847063607045e-17 0.223039215686275
"Cephalophus ogilbyi" 1 41 407 -8.66755841305845 4.41485162043464e-18 0.226044226044226
"Cephalophus ogilbyi" 1 42 407 -8.71924085652923 2.80073219165399e-18 0.226044226044226
"Cephalophus ogilbyi" 1 43 405 -8.57694636984429 9.7425015895883e-18 0.222222222222222
"Cephalophus ogilbyi" 1 44 403 -8.62436412587767 6.44497494683808e-18 0.225806451612903
"Cephalophus ogilbyi" 1 45 402 -8.74353575710581 2.25926335521647e-18 0.23134328358209
"Cephalophus ogilbyi" 1 46 401 -8.85622622564764 8.27688209121241e-19 0.234413965087282
"Cephalophus ogilbyi" 1 47 398 -8.74687727045595 2.19338033454404e-18 0.238693467336683
"Cephalophus ogilbyi" 1 48 397 -8.95763217370463 3.31724960578586e-19 0.236775818639798
"Cephalophus ogilbyi" 1 49 395 -9.03833165562231 1.59081083023322e-19 0.237974683544304
"Cephalophus ogilbyi" 1 50 391 -9.02400705880999 1.81332309769818e-19 0.240409207161125
"Cephalophus ogilbyi" 1 51 388 -9.08249409629675 1.06114845780699e-19 0.242268041237113
"Cephalophus ogilbyi" 1 52 386 -9.02585688403841 1.7829447683582e-19 0.240932642487047
"Cephalophus ogilbyi" 1 53 382 -9.0816378117124 1.06953152958103e-19 0.243455497382199
"Cephalophus ogilbyi" 1 54 381 -9.16628484303507 4.896020118478e-20 0.246719160104987
"Cephalophus ogilbyi" 1 55 376 -9.2793795738651 1.70468275172882e-20 0.247340425531915
"Cephalophus ogilbyi" 1 56 373 -9.36310925749455 7.74240476001059e-21 0.249329758713137
"Cephalophus ogilbyi" 1 57 370 -9.32455397922259 1.11451354708451e-20 0.248648648648649
"Cephalophus ogilbyi" 1 58 366 -9.49982682469332 2.10239638695959e-21 0.251366120218579
"Cephalophus ogilbyi" 1 59 364 -9.47062411099702 2.7817660469493e-21 0.252747252747253
"Cephalophus ogilbyi" 1 60 361 -9.37640362803763 6.8261380898407e-21 0.257617728531856
"Cephalophus ogilbyi" 1 61 356 -9.39710720133891 5.60837784921062e-21 0.258426966292135
"Cephalophus ogilbyi" 1 62 351 -9.4422823638108 3.64746322946554e-21 0.267806267806268
"Cephalophus ogilbyi" 1 63 349 -9.40777262663478 5.06761604361894e-21 0.26647564469914
"Cephalophus ogilbyi" 1 64 341 -9.43592741318948 3.87550468262976e-21 0.272727272727273
"Cephalophus ogilbyi" 1 65 327 -9.20617785206311 3.37944281781489e-20 0.275229357798165
"Cephalophus ogilbyi" 1 66 320 -9.83795735690203 7.72635542162481e-23 0.278125
"Cephalophus ogilbyi" 1 67 304 -9.56328187081644 1.14080517683146e-21 0.276315789473684
"Cephalophus ogilbyi" 1 68 296 -8.34255043146203 7.27051451234597e-17 0.27027027027027
"Cephalophus ogilbyi" 1 69 283 -5.33167373288168 9.73116603660893e-08 0.27208480565371
"Cephalophus ogilbyi" 1 70 272 -3.53719463025814 0.000404401533871026 0.246323529411765
"Cephalophus ogilbyi" 1 71 268 -2.28908911935532 0.0220741748839844 0.253731343283582
"Cephalophus ogilbyi" 1 72 249 -2.28665482648758 0.0222159783703875 0.265060240963855
"Cephalophus ogilbyi" 1 73 231 NA NA 0.272727272727273
"Cephalophus ogilbyi" 1 74 225 NA NA 0.253333333333333
"Cephalophus ogilbyi" 1 75 218 NA NA 0.23394495412844
"Cephalophus ogilbyi" 1 76 216 NA NA 0.226851851851852
"Cephalophus ogilbyi" 1 77 211 NA NA 0.222748815165877
"Cephalophus ogilbyi" 1 78 209 NA NA 0.22488038277512
"Cephalophus ogilbyi" 1 79 195 NA NA 0.220512820512821
"Cephalophus ogilbyi" 1 80 180 NA NA 0.222222222222222
"Cephalophus ogilbyi" 1 81 176 NA NA 0.227272727272727
"Cephalophus ogilbyi" 1 82 170 NA NA 0.229411764705882
"Cephalophus ogilbyi" 1 83 166 NA NA 0.234939759036145
"Cephalophus ogilbyi" 1 84 166 NA NA 0.234939759036145
"Cephalophus ogilbyi" 1 85 166 NA NA 0.234939759036145
"Cephalophus ogilbyi" 1 86 165 NA NA 0.236363636363636
"Cephalophus ogilbyi" 1 87 163 NA NA 0.233128834355828
"Cephalophus ogilbyi" 1 88 158 NA NA 0.234177215189873
"Cephalophus ogilbyi" 1 89 153 NA NA 0.228758169934641
"Cephalophus ogilbyi" 1 90 151 NA NA 0.218543046357616
"Cephalophus ogilbyi" 1 91 150 NA NA 0.213333333333333
"Cephalophus ogilbyi" 1 92 146 NA NA 0.205479452054795
"Cephalophus ogilbyi" 1 93 142 NA NA 0.190140845070423
"Cephalophus ogilbyi" 1 94 142 NA NA 0.190140845070423
"Cephalophus ogilbyi" 1 95 127 NA NA 0.165354330708661
"Cephalophus ogilbyi" 1 96 105 NA NA 0.0857142857142857
"Cephalophus ogilbyi" 1 97 89 NA NA 0.0898876404494382
"Cephalophus ogilbyi" 1 98 75 NA NA 0.0533333333333333
"Cephalophus ogilbyi" 1 99 75 NA NA 0.0533333333333333
"Cephalophus ogilbyi" 1 100 75 NA NA 0.0533333333333333
"Cephalophus ogilbyi" 1 101 75 NA NA 0.0533333333333333
"Cephalophus ogilbyi" 1 102 75 NA NA 0.0533333333333333
"Cephalophus ogilbyi" 1 103 75 NA NA 0.0533333333333333
"Cephalophus ogilbyi" 1 104 75 NA NA 0.0533333333333333
"Cephalophus ogilbyi" 1 105 73 NA NA 0.0547945205479452
"Cephalophus ogilbyi" 1 106 61 NA NA 0.0655737704918033
"Cephalophus ogilbyi" 1 107 56 NA NA 0.0535714285714286
"Cephalophus ogilbyi" 1 108 49 NA NA 0.0612244897959184
"Cephalophus ogilbyi" 1 109 48 NA NA 0.0625
"Cephalophus ogilbyi" 1 110 47 NA NA 0.0638297872340425
"Cephalophus ogilbyi" 1 111 45 NA NA 0.0666666666666667
"Cephalophus ogilbyi" 1 112 45 NA NA 0.0666666666666667
"Cephalophus ogilbyi" 1 113 45 NA NA 0.0666666666666667
"Cephalophus ogilbyi" 1 114 45 NA NA 0.0666666666666667
"Cephalophus ogilbyi" 1 115 44 NA NA 0.0681818181818182
"Cephalophus ogilbyi" 1 116 44 NA NA 0.0681818181818182
"Cephalophus ogilbyi" 1 117 43 NA NA 0.0697674418604651
"Cephalophus ogilbyi" 1 118 43 NA NA 0.0697674418604651
"Cephalophus ogilbyi" 1 119 43 NA NA 0.0697674418604651
"Cephalophus ogilbyi" 1 120 43 NA NA 0.0697674418604651
"Cephalophus ogilbyi" 1 121 43 NA NA 0.0697674418604651
"Cephalophus ogilbyi" 1 122 43 NA NA 0.0697674418604651
"Cephalophus ogilbyi" 1 123 43 NA NA 0.0697674418604651
"Cephalophus ogilbyi" 1 124 43 NA NA 0.0697674418604651
"Cephalophus ogilbyi" 1 125 43 NA NA 0.0697674418604651
"Cephalophus ogilbyi" 1 126 43 NA NA 0.0697674418604651
"Cephalophus ogilbyi" 1 127 43 NA NA 0.0697674418604651
"Cephalophus ogilbyi" 1 128 42 NA NA 0.0714285714285714
"Cephalophus ogilbyi" 1 129 42 NA NA 0.0714285714285714
"Cephalophus ogilbyi" 1 130 41 NA NA 0.0731707317073171
"Cephalophus ogilbyi" 1 131 41 NA NA 0.0731707317073171
"Cephalophus ogilbyi" 1 132 41 NA NA 0.0731707317073171
"Cephalophus ogilbyi" 1 133 41 NA NA 0.0731707317073171
"Cephalophus ogilbyi" 1 134 41 NA NA 0.0731707317073171
"Cephalophus ogilbyi" 1 135 41 NA NA 0.0731707317073171
"Cephalophus ogilbyi" 1 136 41 NA NA 0.0731707317073171
"Cephalophus ogilbyi" 1 137 41 NA NA 0.0731707317073171
"Cephalophus ogilbyi" 1 138 41 NA NA 0.0731707317073171
"Cephalophus ogilbyi" 1 139 40 NA NA 0.075
"Cephalophus ogilbyi" 1 140 40 NA NA 0.075
"Cephalophus ogilbyi" 1 141 40 NA NA 0.075
"Cephalophus ogilbyi" 1 142 40 NA NA 0.075
"Cephalophus ogilbyi" 1 143 40 NA NA 0.075
"Cephalophus ogilbyi" 1 144 40 NA NA 0.075
"Cephalophus ogilbyi" 1 145 40 NA NA 0.075
"Cephalophus ogilbyi" 1 146 40 NA NA 0.075
"Cephalophus ogilbyi" 1 147 40 NA NA 0.075
"Cephalophus ogilbyi" 1 148 40 NA NA 0.075
"Cephalophus ogilbyi" 1 149 40 NA NA 0.075
"Cephalophus ogilbyi" 1 150 40 NA NA 0.075
"Cephalophus ogilbyi" 1 151 40 NA NA 0.075
"Cephalophus ogilbyi" 1 152 40 NA NA 0.075
"Cephalophus ogilbyi" 1 153 40 NA NA 0.075
"Cephalophus ogilbyi" 1 154 39 NA NA 0.0769230769230769
"Cephalophus ogilbyi" 1 155 39 NA NA 0.0769230769230769
"Cephalophus ogilbyi" 1 156 39 NA NA 0.0769230769230769
"Cephalophus ogilbyi" 1 157 39 NA NA 0.0769230769230769
"Cephalophus ogilbyi" 1 158 39 NA NA 0.0769230769230769
"Cephalophus ogilbyi" 1 159 39 NA NA 0.0769230769230769
"Cephalophus ogilbyi" 1 160 39 NA NA 0.0769230769230769
"Cephalophus ogilbyi" 1 161 39 NA NA 0.0769230769230769
"Cephalophus ogilbyi" 1 162 39 NA NA 0.0769230769230769
"Cephalophus ogilbyi" 1 163 39 NA NA 0.0769230769230769
"Cephalophus ogilbyi" 1 164 39 NA NA 0.0769230769230769
"Cephalophus ogilbyi" 1 165 39 NA NA 0.0769230769230769
"Cephalophus ogilbyi" 1 166 39 NA NA 0.0769230769230769
"Cephalophus ogilbyi" 1 167 39 NA NA 0.0769230769230769
"Cephalophus ogilbyi" 1 168 39 NA NA 0.0769230769230769
"Cephalophus ogilbyi" 1 169 39 NA NA 0.0769230769230769
"Cephalophus ogilbyi" 1 170 39 NA NA 0.0769230769230769
"Cephalophus ogilbyi" 1 171 39 NA NA 0.0769230769230769
"Cephalophus ogilbyi" 1 172 39 NA NA 0.0769230769230769
"Cephalophus ogilbyi" 1 173 38 NA NA 0.0789473684210526
"Cephalophus ogilbyi" 1 174 38 NA NA 0.0789473684210526
"Cephalophus ogilbyi" 1 175 37 NA NA 0.0810810810810811
"Cephalophus ogilbyi" 1 176 37 NA NA 0.0810810810810811
"Cephalophus ogilbyi" 1 177 37 NA NA 0.0810810810810811
"Cephalophus ogilbyi" 1 178 37 NA NA 0.0810810810810811
"Cephalophus ogilbyi" 1 179 37 NA NA 0.0810810810810811
"Cephalophus ogilbyi" 1 180 37 NA NA 0.0810810810810811
"Cephalophus ogilbyi" 1 181 37 NA NA 0.0810810810810811
"Cephalophus ogilbyi" 1 182 37 NA NA 0.0810810810810811
"Cephalophus ogilbyi" 1 183 37 NA NA 0.0810810810810811
"Cephalophus ogilbyi" 1 184 36 NA NA 0.0833333333333333
"Cephalophus ogilbyi" 1 185 35 NA NA 0.0857142857142857
"Cephalophus ogilbyi" 1 186 35 NA NA 0.0857142857142857
"Cephalophus ogilbyi" 1 187 34 NA NA 0.0882352941176471
"Cephalophus ogilbyi" 1 188 34 NA NA 0.0882352941176471
"Cephalophus ogilbyi" 1 189 34 NA NA 0.0882352941176471
"Cephalophus ogilbyi" 1 190 34 NA NA 0.0882352941176471
"Cephalophus ogilbyi" 1 191 33 NA NA 0.0909090909090909
"Cephalophus ogilbyi" 1 192 33 NA NA 0.0909090909090909
"Cephalophus ogilbyi" 1 193 33 NA NA 0.0909090909090909
"Cephalophus ogilbyi" 1 194 33 NA NA 0.0909090909090909
"Cephalophus ogilbyi" 1 195 33 NA NA 0.0909090909090909
"Cephalophus ogilbyi" 1 196 33 NA NA 0.0909090909090909
"Cephalophus ogilbyi" 1 197 33 NA NA 0.0909090909090909
"Cephalophus ogilbyi" 1 198 33 NA NA 0.0909090909090909
"Cephalophus ogilbyi" 1 199 33 NA NA 0.0909090909090909
"Cephalophus ogilbyi" 1 200 33 NA NA 0.0909090909090909
"Cephalophus ogilbyi" 2 4 452 NA NA 0.0707964601769911
"Cephalophus ogilbyi" 2 6 449 -3.91705983070191 8.96355081641688e-05 0.0979955456570156
"Cephalophus ogilbyi" 2 8 447 -4.51285016556103 6.39622101987626e-06 0.118568232662192
"Cephalophus ogilbyi" 2 10 445 -4.87224128083518 1.1033929840743e-06 0.130337078651685
"Cephalophus ogilbyi" 2 12 439 -5.03282140503252 4.83313350102434e-07 0.143507972665148
"Cephalophus ogilbyi" 2 14 436 -5.44110082494875 5.2952332422267e-08 0.153669724770642
"Cephalophus ogilbyi" 2 16 435 -5.6688298076493 1.43776093981645e-08 0.167816091954023
"Cephalophus ogilbyi" 2 18 434 -5.6633901409081 1.48411201173799e-08 0.175115207373272
"Cephalophus ogilbyi" 2 20 430 -6.06921087834774 1.28540272640947e-09 0.17906976744186
"Cephalophus ogilbyi" 2 22 427 -6.50152148243568 7.9511678936188e-11 0.187353629976581
"Cephalophus ogilbyi" 2 24 425 -6.4624320439861 1.03033420853388e-10 0.192941176470588
"Cephalophus ogilbyi" 2 26 422 -6.39939547640877 1.55993323350959e-10 0.199052132701422
"Cephalophus ogilbyi" 2 28 422 -6.49596955574287 8.25003409484343e-11 0.203791469194313
"Cephalophus ogilbyi" 2 30 420 -6.77573432755603 1.23775947448796e-11 0.204761904761905
"Cephalophus ogilbyi" 2 32 419 -6.85363547155603 7.1996405462557e-12 0.212410501193317
"Cephalophus ogilbyi" 2 34 415 -6.72450297165084 1.76192824248037e-11 0.214457831325301
"Cephalophus ogilbyi" 2 36 412 -7.15026174290517 8.66125906561613e-13 0.218446601941748
"Cephalophus ogilbyi" 2 38 410 -7.40436489339718 1.31779614605105e-13 0.217073170731707
"Cephalophus ogilbyi" 2 40 408 -7.62484177500142 2.44333889140269e-14 0.223039215686275
"Cephalophus ogilbyi" 2 42 407 -7.85710807786105 3.93103648766759e-15 0.226044226044226
"Cephalophus ogilbyi" 2 44 403 -7.73409405958586 1.04142018235735e-14 0.225806451612903
"Cephalophus ogilbyi" 2 46 401 -7.92746036792795 2.23672864191794e-15 0.234413965087282
"Cephalophus ogilbyi" 2 48 397 -8.00421485375654 1.20231309596155e-15 0.236775818639798
"Cephalophus ogilbyi" 2 50 391 -8.06857843404331 7.11213734215318e-16 0.240409207161125
"Cephalophus ogilbyi" 2 52 386 -8.04125898351578 8.89200997477798e-16 0.240932642487047
"Cephalophus ogilbyi" 2 54 381 -8.20729481025478 2.2622761493145e-16 0.246719160104987
"Cephalophus ogilbyi" 2 56 373 -8.40840294261816 4.15631138076091e-17 0.249329758713137
"Cephalophus ogilbyi" 2 58 366 -8.52327307581828 1.55106508703494e-17 0.251366120218579
"Cephalophus ogilbyi" 2 60 361 -8.41258520959032 4.01071268364903e-17 0.257617728531856
"Cephalophus ogilbyi" 2 62 351 -8.40899379306785 4.13542996048228e-17 0.267806267806268
"Cephalophus ogilbyi" 2 64 341 -8.37883107751221 5.34559292615781e-17 0.272727272727273
"Cephalophus ogilbyi" 2 66 320 -8.72502455520848 2.66122880504975e-18 0.278125
"Cephalophus ogilbyi" 2 68 296 -7.43748410499357 1.02620926705896e-13 0.27027027027027
"Cephalophus ogilbyi" 2 70 272 -3.1988736503085 0.00137965619909157 0.246323529411765
"Cephalophus ogilbyi" 2 72 249 -2.06603820528996 0.038824872266627 0.265060240963855
"Cephalophus ogilbyi" 2 74 225 NA NA 0.253333333333333
"Cephalophus ogilbyi" 2 76 216 NA NA 0.226851851851852
"Cephalophus ogilbyi" 2 78 209 NA NA 0.22488038277512
"Cephalophus ogilbyi" 2 80 180 NA NA 0.222222222222222
"Cephalophus ogilbyi" 2 82 170 NA NA 0.229411764705882
"Cephalophus ogilbyi" 2 84 166 NA NA 0.234939759036145
"Cephalophus ogilbyi" 2 86 165 NA NA 0.236363636363636
"Cephalophus ogilbyi" 2 88 158 NA NA 0.234177215189873
"Cephalophus ogilbyi" 2 90 151 NA NA 0.218543046357616
"Cephalophus ogilbyi" 2 92 146 NA NA 0.205479452054795
"Cephalophus ogilbyi" 2 94 142 NA NA 0.190140845070423
"Cephalophus ogilbyi" 2 96 105 NA NA 0.0857142857142857
"Cephalophus ogilbyi" 2 98 75 NA NA 0.0533333333333333
"Cephalophus ogilbyi" 2 100 75 NA NA 0.0533333333333333
"Cephalophus ogilbyi" 2 102 75 NA NA 0.0533333333333333
"Cephalophus ogilbyi" 2 104 75 NA NA 0.0533333333333333
"Cephalophus ogilbyi" 2 106 61 NA NA 0.0655737704918033
"Cephalophus ogilbyi" 2 108 49 NA NA 0.0612244897959184
"Cephalophus ogilbyi" 2 110 47 NA NA 0.0638297872340425
"Cephalophus ogilbyi" 2 112 45 NA NA 0.0666666666666667
"Cephalophus ogilbyi" 2 114 45 NA NA 0.0666666666666667
"Cephalophus ogilbyi" 2 116 44 NA NA 0.0681818181818182
"Cephalophus ogilbyi" 2 118 43 NA NA 0.0697674418604651
"Cephalophus ogilbyi" 2 120 43 NA NA 0.0697674418604651
"Cephalophus ogilbyi" 2 122 43 NA NA 0.0697674418604651
"Cephalophus ogilbyi" 2 124 43 NA NA 0.0697674418604651
"Cephalophus ogilbyi" 2 126 43 NA NA 0.0697674418604651
"Cephalophus ogilbyi" 2 128 42 NA NA 0.0714285714285714
"Cephalophus ogilbyi" 2 130 41 NA NA 0.0731707317073171
"Cephalophus ogilbyi" 2 132 41 NA NA 0.0731707317073171
"Cephalophus ogilbyi" 2 134 41 NA NA 0.0731707317073171
"Cephalophus ogilbyi" 2 136 41 NA NA 0.0731707317073171
"Cephalophus ogilbyi" 2 138 41 NA NA 0.0731707317073171
"Cephalophus ogilbyi" 2 140 40 NA NA 0.075
"Cephalophus ogilbyi" 2 142 40 NA NA 0.075
"Cephalophus ogilbyi" 2 144 40 NA NA 0.075
"Cephalophus ogilbyi" 2 146 40 NA NA 0.075
"Cephalophus ogilbyi" 2 148 40 NA NA 0.075
"Cephalophus ogilbyi" 2 150 40 NA NA 0.075
"Cephalophus ogilbyi" 2 152 40 NA NA 0.075
"Cephalophus ogilbyi" 2 154 39 NA NA 0.0769230769230769
"Cephalophus ogilbyi" 2 156 39 NA NA 0.0769230769230769
"Cephalophus ogilbyi" 2 158 39 NA NA 0.0769230769230769
"Cephalophus ogilbyi" 2 160 39 NA NA 0.0769230769230769
"Cephalophus ogilbyi" 2 162 39 NA NA 0.0769230769230769
"Cephalophus ogilbyi" 2 164 39 NA NA 0.0769230769230769
"Cephalophus ogilbyi" 2 166 39 NA NA 0.0769230769230769
"Cephalophus ogilbyi" 2 168 39 NA NA 0.0769230769230769
"Cephalophus ogilbyi" 2 170 39 NA NA 0.0769230769230769
"Cephalophus ogilbyi" 2 172 39 NA NA 0.0769230769230769
"Cephalophus ogilbyi" 2 174 38 NA NA 0.0789473684210526
"Cephalophus ogilbyi" 2 176 37 NA NA 0.0810810810810811
"Cephalophus ogilbyi" 2 178 37 NA NA 0.0810810810810811
"Cephalophus ogilbyi" 2 180 37 NA NA 0.0810810810810811
"Cephalophus ogilbyi" 2 182 37 NA NA 0.0810810810810811
"Cephalophus ogilbyi" 2 184 36 NA NA 0.0833333333333333
"Cephalophus ogilbyi" 2 186 35 NA NA 0.0857142857142857
"Cephalophus ogilbyi" 2 188 34 NA NA 0.0882352941176471
"Cephalophus ogilbyi" 2 190 34 NA NA 0.0882352941176471
"Cephalophus ogilbyi" 2 192 33 NA NA 0.0909090909090909
"Cephalophus ogilbyi" 2 194 33 NA NA 0.0909090909090909
"Cephalophus ogilbyi" 2 196 33 NA NA 0.0909090909090909
"Cephalophus ogilbyi" 2 198 33 NA NA 0.0909090909090909
"Cephalophus ogilbyi" 2 200 33 NA NA 0.0909090909090909
"Cephalophus ogilbyi" 3 6 449 -3.87393897673598 0.00010709023890545 0.0979955456570156
"Cephalophus ogilbyi" 3 9 447 -4.48160668156601 7.4083184125151e-06 0.120805369127517
"Cephalophus ogilbyi" 3 12 439 -5.01192759924605 5.38874805247961e-07 0.143507972665148
"Cephalophus ogilbyi" 3 15 436 -5.68043511487005 1.34352513456632e-08 0.160550458715596
"Cephalophus ogilbyi" 3 18 434 -5.72238532620863 1.0503874101701e-08 0.175115207373272
"Cephalophus ogilbyi" 3 21 429 -6.10949765867386 9.99452221214876e-10 0.181818181818182
"Cephalophus ogilbyi" 3 24 425 -6.45814334857721 1.05995317225011e-10 0.192941176470588
"Cephalophus ogilbyi" 3 27 422 -6.50803681124252 7.61392630859991e-11 0.203791469194313
"Cephalophus ogilbyi" 3 30 420 -6.63972168639626 3.14275997100016e-11 0.204761904761905
"Cephalophus ogilbyi" 3 33 415 -6.53968043105312 6.16504235713444e-11 0.214457831325301
"Cephalophus ogilbyi" 3 36 412 -7.01103830953614 2.36555945320725e-12 0.218446601941748
"Cephalophus ogilbyi" 3 39 409 -7.17107001480845 7.44138321949205e-13 0.21760391198044
"Cephalophus ogilbyi" 3 42 407 -7.58031553985955 3.44715546456851e-14 0.226044226044226
"Cephalophus ogilbyi" 3 45 402 -7.55831301162609 4.08330475011453e-14 0.23134328358209
"Cephalophus ogilbyi" 3 48 397 -7.69407070403663 1.42526229089216e-14 0.236775818639798
"Cephalophus ogilbyi" 3 51 388 -7.84951748632046 4.1764094622446e-15 0.242268041237113
"Cephalophus ogilbyi" 3 54 381 -7.92748974549247 2.23619974903137e-15 0.246719160104987
"Cephalophus ogilbyi" 3 57 370 -8.08399651503042 6.26781239660138e-16 0.248648648648649
"Cephalophus ogilbyi" 3 60 361 -8.1323068585402 4.21196959977461e-16 0.257617728531856
"Cephalophus ogilbyi" 3 63 349 -8.10923053331939 5.09413171154434e-16 0.26647564469914
"Cephalophus ogilbyi" 3 66 320 -8.41028751608622 4.09006879997624e-17 0.278125
"Cephalophus ogilbyi" 3 69 283 -4.54915597128805 5.38615115727779e-06 0.27208480565371
"Cephalophus ogilbyi" 3 72 249 -1.89801637346395 0.0576939251688987 0.265060240963855
"Cephalophus ogilbyi" 3 75 218 NA NA 0.23394495412844
"Cephalophus ogilbyi" 3 78 209 NA NA 0.22488038277512
"Cephalophus ogilbyi" 3 81 176 NA NA 0.227272727272727
"Cephalophus ogilbyi" 3 84 166 NA NA 0.234939759036145
"Cephalophus ogilbyi" 3 87 163 NA NA 0.233128834355828
"Cephalophus ogilbyi" 3 90 151 NA NA 0.218543046357616
"Cephalophus ogilbyi" 3 93 142 NA NA 0.190140845070423
"Cephalophus ogilbyi" 3 96 105 NA NA 0.0857142857142857
"Cephalophus ogilbyi" 3 99 75 NA NA 0.0533333333333333
"Cephalophus ogilbyi" 3 102 75 NA NA 0.0533333333333333
"Cephalophus ogilbyi" 3 105 73 NA NA 0.0547945205479452
"Cephalophus ogilbyi" 3 108 49 NA NA 0.0612244897959184
"Cephalophus ogilbyi" 3 111 45 NA NA 0.0666666666666667
"Cephalophus ogilbyi" 3 114 45 NA NA 0.0666666666666667
"Cephalophus ogilbyi" 3 117 43 NA NA 0.0697674418604651
"Cephalophus ogilbyi" 3 120 43 NA NA 0.0697674418604651
"Cephalophus ogilbyi" 3 123 43 NA NA 0.0697674418604651
"Cephalophus ogilbyi" 3 126 43 NA NA 0.0697674418604651
"Cephalophus ogilbyi" 3 129 42 NA NA 0.0714285714285714
"Cephalophus ogilbyi" 3 132 41 NA NA 0.0731707317073171
"Cephalophus ogilbyi" 3 135 41 NA NA 0.0731707317073171
"Cephalophus ogilbyi" 3 138 41 NA NA 0.0731707317073171
"Cephalophus ogilbyi" 3 141 40 NA NA 0.075
"Cephalophus ogilbyi" 3 144 40 NA NA 0.075
"Cephalophus ogilbyi" 3 147 40 NA NA 0.075
"Cephalophus ogilbyi" 3 150 40 NA NA 0.075
"Cephalophus ogilbyi" 3 153 40 NA NA 0.075
"Cephalophus ogilbyi" 3 156 39 NA NA 0.0769230769230769
"Cephalophus ogilbyi" 3 159 39 NA NA 0.0769230769230769
"Cephalophus ogilbyi" 3 162 39 NA NA 0.0769230769230769
"Cephalophus ogilbyi" 3 165 39 NA NA 0.0769230769230769
"Cephalophus ogilbyi" 3 168 39 NA NA 0.0769230769230769
"Cephalophus ogilbyi" 3 171 39 NA NA 0.0769230769230769
"Cephalophus ogilbyi" 3 174 38 NA NA 0.0789473684210526
"Cephalophus ogilbyi" 3 177 37 NA NA 0.0810810810810811
"Cephalophus ogilbyi" 3 180 37 NA NA 0.0810810810810811
"Cephalophus ogilbyi" 3 183 37 NA NA 0.0810810810810811
"Cephalophus ogilbyi" 3 186 35 NA NA 0.0857142857142857
"Cephalophus ogilbyi" 3 189 34 NA NA 0.0882352941176471
"Cephalophus ogilbyi" 3 192 33 NA NA 0.0909090909090909
"Cephalophus ogilbyi" 3 195 33 NA NA 0.0909090909090909
"Cephalophus ogilbyi" 3 198 33 NA NA 0.0909090909090909
"Cephalophus ogilbyi" 4 8 447 -4.36471638098285 1.27287798484839e-05 0.118568232662192
"Cephalophus ogilbyi" 4 12 439 -4.84823485872502 1.24564876080178e-06 0.143507972665148
"Cephalophus ogilbyi" 4 16 435 -5.47263213684924 4.43399913908993e-08 0.167816091954023
"Cephalophus ogilbyi" 4 20 430 -5.78684911954698 7.17189420904222e-09 0.17906976744186
"Cephalophus ogilbyi" 4 24 425 -6.00811018506567 1.87698268852148e-09 0.192941176470588
"Cephalophus ogilbyi" 4 28 422 -5.99573981996885 2.02561114564781e-09 0.203791469194313
"Cephalophus ogilbyi" 4 32 419 -6.188360018713 6.07933583462993e-10 0.212410501193317
"Cephalophus ogilbyi" 4 36 412 -6.52371620464484 6.85864272681315e-11 0.218446601941748
"Cephalophus ogilbyi" 4 40 408 -6.81860140784253 9.19310734385672e-12 0.223039215686275
"Cephalophus ogilbyi" 4 44 403 -7.01684657537256 2.26931558511714e-12 0.225806451612903
"Cephalophus ogilbyi" 4 48 397 -7.24347122740364 4.37344058827878e-13 0.236775818639798
"Cephalophus ogilbyi" 4 52 386 -7.30586346778537 2.75491803270588e-13 0.240932642487047
"Cephalophus ogilbyi" 4 56 373 -7.62455162970696 2.44884042441079e-14 0.249329758713137
"Cephalophus ogilbyi" 4 60 361 -7.57545707897778 3.57865412713676e-14 0.257617728531856
"Cephalophus ogilbyi" 4 64 341 -7.52174555017163 5.40496987897185e-14 0.272727272727273
"Cephalophus ogilbyi" 4 68 296 -6.6654939247539 2.63776722046827e-11 0.27027027027027
"Cephalophus ogilbyi" 4 72 249 -1.84100602554851 0.065620675702277 0.265060240963855
"Cephalophus ogilbyi" 4 76 216 NA NA 0.226851851851852
"Cephalophus ogilbyi" 4 80 180 NA NA 0.222222222222222
"Cephalophus ogilbyi" 4 84 166 NA NA 0.234939759036145
"Cephalophus ogilbyi" 4 88 158 NA NA 0.234177215189873
"Cephalophus ogilbyi" 4 92 146 NA NA 0.205479452054795
"Cephalophus ogilbyi" 4 96 105 NA NA 0.0857142857142857
"Cephalophus ogilbyi" 4 100 75 NA NA 0.0533333333333333
"Cephalophus ogilbyi" 4 104 75 NA NA 0.0533333333333333
"Cephalophus ogilbyi" 4 108 49 NA NA 0.0612244897959184
"Cephalophus ogilbyi" 4 112 45 NA NA 0.0666666666666667
"Cephalophus ogilbyi" 4 116 44 NA NA 0.0681818181818182
"Cephalophus ogilbyi" 4 120 43 NA NA 0.0697674418604651
"Cephalophus ogilbyi" 4 124 43 NA NA 0.0697674418604651
"Cephalophus ogilbyi" 4 128 42 NA NA 0.0714285714285714
"Cephalophus ogilbyi" 4 132 41 NA NA 0.0731707317073171
"Cephalophus ogilbyi" 4 136 41 NA NA 0.0731707317073171
"Cephalophus ogilbyi" 4 140 40 NA NA 0.075
"Cephalophus ogilbyi" 4 144 40 NA NA 0.075
"Cephalophus ogilbyi" 4 148 40 NA NA 0.075
"Cephalophus ogilbyi" 4 152 40 NA NA 0.075
"Cephalophus ogilbyi" 4 156 39 NA NA 0.0769230769230769
"Cephalophus ogilbyi" 4 160 39 NA NA 0.0769230769230769
"Cephalophus ogilbyi" 4 164 39 NA NA 0.0769230769230769
"Cephalophus ogilbyi" 4 168 39 NA NA 0.0769230769230769
"Cephalophus ogilbyi" 4 172 39 NA NA 0.0769230769230769
"Cephalophus ogilbyi" 4 176 37 NA NA 0.0810810810810811
"Cephalophus ogilbyi" 4 180 37 NA NA 0.0810810810810811
"Cephalophus ogilbyi" 4 184 36 NA NA 0.0833333333333333
"Cephalophus ogilbyi" 4 188 34 NA NA 0.0882352941176471
"Cephalophus ogilbyi" 4 192 33 NA NA 0.0909090909090909
"Cephalophus ogilbyi" 4 196 33 NA NA 0.0909090909090909
"Cephalophus ogilbyi" 4 200 33 NA NA 0.0909090909090909
"Cephalophus ogilbyi" 5 10 445 -4.76996932167682 1.84253978350284e-06 0.130337078651685
"Cephalophus ogilbyi" 5 15 436 -5.33272855097012 9.67478829218916e-08 0.160550458715596
"Cephalophus ogilbyi" 5 20 430 -5.64326013186909 1.66859941708324e-08 0.17906976744186
"Cephalophus ogilbyi" 5 25 423 -5.83135837213677 5.49779642451792e-09 0.200945626477541
"Cephalophus ogilbyi" 5 30 420 -6.15008751116703 7.74402068709529e-10 0.204761904761905
"Cephalophus ogilbyi" 5 35 413 -6.32983908836546 2.4541699733828e-10 0.215496368038741
"Cephalophus ogilbyi" 5 40 408 -6.77716693793249 1.22555252840329e-11 0.223039215686275
"Cephalophus ogilbyi" 5 45 402 -6.98268339500371 2.89594552933973e-12 0.23134328358209
"Cephalophus ogilbyi" 5 50 391 -7.08310208332198 1.40962755238777e-12 0.240409207161125
"Cephalophus ogilbyi" 5 55 376 -7.33703521532418 2.18377166499587e-13 0.247340425531915
"Cephalophus ogilbyi" 5 60 361 -7.34648463352343 2.03487605656975e-13 0.257617728531856
"Cephalophus ogilbyi" 5 65 327 -7.04158055895215 1.90071269986978e-12 0.275229357798165
"Cephalophus ogilbyi" 5 70 272 -2.62269635795992 0.00872369820225593 0.246323529411765
"Cephalophus ogilbyi" 5 75 218 NA NA 0.23394495412844
"Cephalophus ogilbyi" 5 80 180 NA NA 0.222222222222222
"Cephalophus ogilbyi" 5 85 166 NA NA 0.234939759036145
"Cephalophus ogilbyi" 5 90 151 NA NA 0.218543046357616
"Cephalophus ogilbyi" 5 95 127 NA NA 0.165354330708661
"Cephalophus ogilbyi" 5 100 75 NA NA 0.0533333333333333
"Cephalophus ogilbyi" 5 105 73 NA NA 0.0547945205479452
"Cephalophus ogilbyi" 5 110 47 NA NA 0.0638297872340425
"Cephalophus ogilbyi" 5 115 44 NA NA 0.0681818181818182
"Cephalophus ogilbyi" 5 120 43 NA NA 0.0697674418604651
"Cephalophus ogilbyi" 5 125 43 NA NA 0.0697674418604651
"Cephalophus ogilbyi" 5 130 41 NA NA 0.0731707317073171
"Cephalophus ogilbyi" 5 135 41 NA NA 0.0731707317073171
"Cephalophus ogilbyi" 5 140 40 NA NA 0.075
"Cephalophus ogilbyi" 5 145 40 NA NA 0.075
"Cephalophus ogilbyi" 5 150 40 NA NA 0.075
"Cephalophus ogilbyi" 5 155 39 NA NA 0.0769230769230769
"Cephalophus ogilbyi" 5 160 39 NA NA 0.0769230769230769
"Cephalophus ogilbyi" 5 165 39 NA NA 0.0769230769230769
"Cephalophus ogilbyi" 5 170 39 NA NA 0.0769230769230769
"Cephalophus ogilbyi" 5 175 37 NA NA 0.0810810810810811
"Cephalophus ogilbyi" 5 180 37 NA NA 0.0810810810810811
"Cephalophus ogilbyi" 5 185 35 NA NA 0.0857142857142857
"Cephalophus ogilbyi" 5 190 34 NA NA 0.0882352941176471
"Cephalophus ogilbyi" 5 195 33 NA NA 0.0909090909090909
"Cephalophus ogilbyi" 5 200 33 NA NA 0.0909090909090909
"Cephalophus ogilbyi" 6 12 439 -4.88191296790322 1.05061626680833e-06 0.143507972665148
"Cephalophus ogilbyi" 6 18 434 -5.50106462897175 3.77504790703889e-08 0.175115207373272
"Cephalophus ogilbyi" 6 24 425 -6.0609089654499 1.35354428440939e-09 0.192941176470588
"Cephalophus ogilbyi" 6 30 420 -6.11518624482436 9.64442590737433e-10 0.204761904761905
"Cephalophus ogilbyi" 6 36 412 -6.52205904698948 6.93487019051782e-11 0.218446601941748
"Cephalophus ogilbyi" 6 42 407 -7.00338891601763 2.49844020081839e-12 0.226044226044226
"Cephalophus ogilbyi" 6 48 397 -7.03226401273331 2.03208819275775e-12 0.236775818639798
"Cephalophus ogilbyi" 6 54 381 -7.18526107445779 6.70788831122702e-13 0.246719160104987
"Cephalophus ogilbyi" 6 60 361 -7.38047774721388 1.57722538230172e-13 0.257617728531856
"Cephalophus ogilbyi" 6 66 320 -7.5309051486774 5.03897835366115e-14 0.278125
"Cephalophus ogilbyi" 6 72 249 -1.44070262743944 0.149668712309652 0.265060240963855
"Cephalophus ogilbyi" 6 78 209 NA NA 0.22488038277512
"Cephalophus ogilbyi" 6 84 166 NA NA 0.234939759036145
"Cephalophus ogilbyi" 6 90 151 NA NA 0.218543046357616
"Cephalophus ogilbyi" 6 96 105 NA NA 0.0857142857142857
"Cephalophus ogilbyi" 6 102 75 NA NA 0.0533333333333333
"Cephalophus ogilbyi" 6 108 49 NA NA 0.0612244897959184
"Cephalophus ogilbyi" 6 114 45 NA NA 0.0666666666666667
"Cephalophus ogilbyi" 6 120 43 NA NA 0.0697674418604651
"Cephalophus ogilbyi" 6 126 43 NA NA 0.0697674418604651
"Cephalophus ogilbyi" 6 132 41 NA NA 0.0731707317073171
"Cephalophus ogilbyi" 6 138 41 NA NA 0.0731707317073171
"Cephalophus ogilbyi" 6 144 40 NA NA 0.075
"Cephalophus ogilbyi" 6 150 40 NA NA 0.075
"Cephalophus ogilbyi" 6 156 39 NA NA 0.0769230769230769
"Cephalophus ogilbyi" 6 162 39 NA NA 0.0769230769230769
"Cephalophus ogilbyi" 6 168 39 NA NA 0.0769230769230769
"Cephalophus ogilbyi" 6 174 38 NA NA 0.0789473684210526
"Cephalophus ogilbyi" 6 180 37 NA NA 0.0810810810810811
"Cephalophus ogilbyi" 6 186 35 NA NA 0.0857142857142857
"Cephalophus ogilbyi" 6 192 33 NA NA 0.0909090909090909
"Cephalophus ogilbyi" 6 198 33 NA NA 0.0909090909090909
"Cephalophus ogilbyi" 7 14 436 -5.22569343327542 1.73503627052189e-07 0.153669724770642
"Cephalophus ogilbyi" 7 21 429 -5.61285596437269 1.99014250792179e-08 0.181818181818182
"Cephalophus ogilbyi" 7 28 422 -5.92772134018158 3.0716716765868e-09 0.203791469194313
"Cephalophus ogilbyi" 7 35 413 -6.28554088112121 3.26714172096283e-10 0.215496368038741
"Cephalophus ogilbyi" 7 42 407 -6.89829141116182 5.26316974149126e-12 0.226044226044226
"Cephalophus ogilbyi" 7 49 395 -6.99760827929181 2.6036882705371e-12 0.237974683544304
"Cephalophus ogilbyi" 7 56 373 -7.21061310957698 5.57005062794257e-13 0.249329758713137
"Cephalophus ogilbyi" 7 63 349 -7.11664064224894 1.1058932438096e-12 0.26647564469914
"Cephalophus ogilbyi" 7 70 272 -2.53048046313903 0.0113906428272806 0.246323529411765
"Cephalophus ogilbyi" 7 77 211 NA NA 0.222748815165877
"Cephalophus ogilbyi" 7 84 166 NA NA 0.234939759036145
"Cephalophus ogilbyi" 7 91 150 NA NA 0.213333333333333
"Cephalophus ogilbyi" 7 98 75 NA NA 0.0533333333333333
"Cephalophus ogilbyi" 7 105 73 NA NA 0.0547945205479452
"Cephalophus ogilbyi" 7 112 45 NA NA 0.0666666666666667
"Cephalophus ogilbyi" 7 119 43 NA NA 0.0697674418604651
"Cephalophus ogilbyi" 7 126 43 NA NA 0.0697674418604651
"Cephalophus ogilbyi" 7 133 41 NA NA 0.0731707317073171
"Cephalophus ogilbyi" 7 140 40 NA NA 0.075
"Cephalophus ogilbyi" 7 147 40 NA NA 0.075
"Cephalophus ogilbyi" 7 154 39 NA NA 0.0769230769230769
"Cephalophus ogilbyi" 7 161 39 NA NA 0.0769230769230769
"Cephalophus ogilbyi" 7 168 39 NA NA 0.0769230769230769
"Cephalophus ogilbyi" 7 175 37 NA NA 0.0810810810810811
"Cephalophus ogilbyi" 7 182 37 NA NA 0.0810810810810811
"Cephalophus ogilbyi" 7 189 34 NA NA 0.0882352941176471
"Cephalophus ogilbyi" 7 196 33 NA NA 0.0909090909090909
"Cephalophus ogilbyi" 8 16 435 -4.96724840605896 6.79095768998891e-07 0.167816091954023
"Cephalophus ogilbyi" 8 24 425 -5.44664276063782 5.13294081239991e-08 0.192941176470588
"Cephalophus ogilbyi" 8 32 419 -5.46571245827918 4.61051197190567e-08 0.212410501193317
"Cephalophus ogilbyi" 8 40 408 -6.0359707248733 1.58009899886177e-09 0.223039215686275
"Cephalophus ogilbyi" 8 48 397 -6.4893310365924 8.62183377825355e-11 0.236775818639798
"Cephalophus ogilbyi" 8 56 373 -6.73377472642248 1.65317069082132e-11 0.249329758713137
"Cephalophus ogilbyi" 8 64 341 -6.74774824407166 1.50157191176387e-11 0.272727272727273
"Cephalophus ogilbyi" 8 72 249 -1.47672920687198 0.139748239772038 0.265060240963855
"Cephalophus ogilbyi" 8 80 180 NA NA 0.222222222222222
"Cephalophus ogilbyi" 8 88 158 NA NA 0.234177215189873
"Cephalophus ogilbyi" 8 96 105 NA NA 0.0857142857142857
"Cephalophus ogilbyi" 8 104 75 NA NA 0.0533333333333333
"Cephalophus ogilbyi" 8 112 45 NA NA 0.0666666666666667
"Cephalophus ogilbyi" 8 120 43 NA NA 0.0697674418604651
"Cephalophus ogilbyi" 8 128 42 NA NA 0.0714285714285714
"Cephalophus ogilbyi" 8 136 41 NA NA 0.0731707317073171
"Cephalophus ogilbyi" 8 144 40 NA NA 0.075
"Cephalophus ogilbyi" 8 152 40 NA NA 0.075
"Cephalophus ogilbyi" 8 160 39 NA NA 0.0769230769230769
"Cephalophus ogilbyi" 8 168 39 NA NA 0.0769230769230769
"Cephalophus ogilbyi" 8 176 37 NA NA 0.0810810810810811
"Cephalophus ogilbyi" 8 184 36 NA NA 0.0833333333333333
"Cephalophus ogilbyi" 8 192 33 NA NA 0.0909090909090909
"Cephalophus ogilbyi" 8 200 33 NA NA 0.0909090909090909
"Cephalophus ogilbyi" 9 18 434 -5.02582494151903 5.01273003667663e-07 0.175115207373272
"Cephalophus ogilbyi" 9 27 422 -5.51360301043059 3.5156111225459e-08 0.203791469194313
"Cephalophus ogilbyi" 9 36 412 -5.93326630557087 2.96966582830271e-09 0.218446601941748
"Cephalophus ogilbyi" 9 45 402 -6.19345253792224 5.88604184745809e-10 0.23134328358209
"Cephalophus ogilbyi" 9 54 381 -6.32500989603113 2.53216354373447e-10 0.246719160104987
"Cephalophus ogilbyi" 9 63 349 -6.45367657635778 1.09168666644321e-10 0.26647564469914
"Cephalophus ogilbyi" 9 72 249 -1.38821543704866 0.165071452972906 0.265060240963855
"Cephalophus ogilbyi" 9 81 176 NA NA 0.227272727272727
"Cephalophus ogilbyi" 9 90 151 NA NA 0.218543046357616
"Cephalophus ogilbyi" 9 99 75 NA NA 0.0533333333333333
"Cephalophus ogilbyi" 9 108 49 NA NA 0.0612244897959184
"Cephalophus ogilbyi" 9 117 43 NA NA 0.0697674418604651
"Cephalophus ogilbyi" 9 126 43 NA NA 0.0697674418604651
"Cephalophus ogilbyi" 9 135 41 NA NA 0.0731707317073171
"Cephalophus ogilbyi" 9 144 40 NA NA 0.075
"Cephalophus ogilbyi" 9 153 40 NA NA 0.075
"Cephalophus ogilbyi" 9 162 39 NA NA 0.0769230769230769
"Cephalophus ogilbyi" 9 171 39 NA NA 0.0769230769230769
"Cephalophus ogilbyi" 9 180 37 NA NA 0.0810810810810811
"Cephalophus ogilbyi" 9 189 34 NA NA 0.0882352941176471
"Cephalophus ogilbyi" 9 198 33 NA NA 0.0909090909090909
"Cephalophus ogilbyi" 10 20 430 -5.73675389987137 9.65083300704306e-09 0.17906976744186
"Cephalophus ogilbyi" 10 30 420 -6.05440729317119 1.4093561094841e-09 0.204761904761905
"Cephalophus ogilbyi" 10 40 408 -6.43049548219505 1.27188661045431e-10 0.223039215686275
"Cephalophus ogilbyi" 10 50 391 -6.76495110938311 1.3335422318803e-11 0.240409207161125
"Cephalophus ogilbyi" 10 60 361 -6.99651986590995 2.62398582350526e-12 0.257617728531856
"Cephalophus ogilbyi" 10 70 272 -2.46872322238247 0.0135596051537109 0.246323529411765
"Cephalophus ogilbyi" 10 80 180 NA NA 0.222222222222222
"Cephalophus ogilbyi" 10 90 151 NA NA 0.218543046357616
"Cephalophus ogilbyi" 10 100 75 NA NA 0.0533333333333333
"Cephalophus ogilbyi" 10 110 47 NA NA 0.0638297872340425
"Cephalophus ogilbyi" 10 120 43 NA NA 0.0697674418604651
"Cephalophus ogilbyi" 10 130 41 NA NA 0.0731707317073171
"Cephalophus ogilbyi" 10 140 40 NA NA 0.075
"Cephalophus ogilbyi" 10 150 40 NA NA 0.075
"Cephalophus ogilbyi" 10 160 39 NA NA 0.0769230769230769
"Cephalophus ogilbyi" 10 170 39 NA NA 0.0769230769230769
"Cephalophus ogilbyi" 10 180 37 NA NA 0.0810810810810811
"Cephalophus ogilbyi" 10 190 34 NA NA 0.0882352941176471
"Cephalophus ogilbyi" 10 200 33 NA NA 0.0909090909090909
"Cephalophus ogilbyi" 11 22 427 -6.49766667326047 8.15752952534538e-11 0.187353629976581
"Cephalophus ogilbyi" 11 33 415 -6.15341272437124 7.58331163673291e-10 0.214457831325301
"Cephalophus ogilbyi" 11 44 403 -6.70937950990151 1.95453730396891e-11 0.225806451612903
"Cephalophus ogilbyi" 11 55 376 -6.93312000052129 4.11658713505207e-12 0.247340425531915
"Cephalophus ogilbyi" 11 66 320 -6.93160742935721 4.16085291299291e-12 0.278125
"Cephalophus ogilbyi" 11 77 211 NA NA 0.222748815165877
"Cephalophus ogilbyi" 11 88 158 NA NA 0.234177215189873
"Cephalophus ogilbyi" 11 99 75 NA NA 0.0533333333333333
"Cephalophus ogilbyi" 11 110 47 NA NA 0.0638297872340425
"Cephalophus ogilbyi" 11 121 43 NA NA 0.0697674418604651
"Cephalophus ogilbyi" 11 132 41 NA NA 0.0731707317073171
"Cephalophus ogilbyi" 11 143 40 NA NA 0.075
"Cephalophus ogilbyi" 11 154 39 NA NA 0.0769230769230769
"Cephalophus ogilbyi" 11 165 39 NA NA 0.0769230769230769
"Cephalophus ogilbyi" 11 176 37 NA NA 0.0810810810810811
"Cephalophus ogilbyi" 11 187 34 NA NA 0.0882352941176471
"Cephalophus ogilbyi" 11 198 33 NA NA 0.0909090909090909
"Cephalophus ogilbyi" 12 24 425 -6.35433581453658 2.09329090358349e-10 0.192941176470588
"Cephalophus ogilbyi" 12 36 412 -6.30180769414727 2.94194046774156e-10 0.218446601941748
"Cephalophus ogilbyi" 12 48 397 -6.45182963373897 1.10507770433888e-10 0.236775818639798
"Cephalophus ogilbyi" 12 60 361 -6.7296778327898 1.70039153207061e-11 0.257617728531856
"Cephalophus ogilbyi" 12 72 249 -1.35444360743096 0.175594893195982 0.265060240963855
"Cephalophus ogilbyi" 12 84 166 NA NA 0.234939759036145
"Cephalophus ogilbyi" 12 96 105 NA NA 0.0857142857142857
"Cephalophus ogilbyi" 12 108 49 NA NA 0.0612244897959184
"Cephalophus ogilbyi" 12 120 43 NA NA 0.0697674418604651
"Cephalophus ogilbyi" 12 132 41 NA NA 0.0731707317073171
"Cephalophus ogilbyi" 12 144 40 NA NA 0.075
"Cephalophus ogilbyi" 12 156 39 NA NA 0.0769230769230769
"Cephalophus ogilbyi" 12 168 39 NA NA 0.0769230769230769
"Cephalophus ogilbyi" 12 180 37 NA NA 0.0810810810810811
"Cephalophus ogilbyi" 12 192 33 NA NA 0.0909090909090909
"Cephalophus ogilbyi" 13 26 422 -5.46234728921194 4.69879695099044e-08 0.199052132701422
"Cephalophus ogilbyi" 13 39 409 -5.68625589452771 1.29854775306075e-08 0.21760391198044
"Cephalophus ogilbyi" 13 52 386 -6.1786487019052 6.4652576092103e-10 0.240932642487047
"Cephalophus ogilbyi" 13 65 327 -6.16506407120559 7.04546069886101e-10 0.275229357798165
"Cephalophus ogilbyi" 13 78 209 NA NA 0.22488038277512
"Cephalophus ogilbyi" 13 91 150 NA NA 0.213333333333333
"Cephalophus ogilbyi" 13 104 75 NA NA 0.0533333333333333
"Cephalophus ogilbyi" 13 117 43 NA NA 0.0697674418604651
"Cephalophus ogilbyi" 13 130 41 NA NA 0.0731707317073171
"Cephalophus ogilbyi" 13 143 40 NA NA 0.075
"Cephalophus ogilbyi" 13 156 39 NA NA 0.0769230769230769
"Cephalophus ogilbyi" 13 169 39 NA NA 0.0769230769230769
"Cephalophus ogilbyi" 13 182 37 NA NA 0.0810810810810811
"Cephalophus ogilbyi" 13 195 33 NA NA 0.0909090909090909
"Cephalophus ogilbyi" 14 28 422 -5.30413979052256 1.13205539950795e-07 0.203791469194313
"Cephalophus ogilbyi" 14 42 407 -5.92341057088045 3.15332245315473e-09 0.226044226044226
"Cephalophus ogilbyi" 14 56 373 -6.29570645587656 3.06002974943876e-10 0.249329758713137
"Cephalophus ogilbyi" 14 70 272 -2.32069124919562 0.0203035133545893 0.246323529411765
"Cephalophus ogilbyi" 14 84 166 NA NA 0.234939759036145
"Cephalophus ogilbyi" 14 98 75 NA NA 0.0533333333333333
"Cephalophus ogilbyi" 14 112 45 NA NA 0.0666666666666667
"Cephalophus ogilbyi" 14 126 43 NA NA 0.0697674418604651
"Cephalophus ogilbyi" 14 140 40 NA NA 0.075
"Cephalophus ogilbyi" 14 154 39 NA NA 0.0769230769230769
"Cephalophus ogilbyi" 14 168 39 NA NA 0.0769230769230769
"Cephalophus ogilbyi" 14 182 37 NA NA 0.0810810810810811
"Cephalophus ogilbyi" 14 196 33 NA NA 0.0909090909090909
"Cephalophus ogilbyi" 15 30 420 -5.41798895032293 6.02731401725801e-08 0.204761904761905
"Cephalophus ogilbyi" 15 45 402 -5.67734712350493 1.36799691100838e-08 0.23134328358209
"Cephalophus ogilbyi" 15 60 361 -5.98989244998634 2.0997984915048e-09 0.257617728531856
"Cephalophus ogilbyi" 15 75 218 NA NA 0.23394495412844
"Cephalophus ogilbyi" 15 90 151 NA NA 0.218543046357616
"Cephalophus ogilbyi" 15 105 73 NA NA 0.0547945205479452
"Cephalophus ogilbyi" 15 120 43 NA NA 0.0697674418604651
"Cephalophus ogilbyi" 15 135 41 NA NA 0.0731707317073171
"Cephalophus ogilbyi" 15 150 40 NA NA 0.075
"Cephalophus ogilbyi" 15 165 39 NA NA 0.0769230769230769
"Cephalophus ogilbyi" 15 180 37 NA NA 0.0810810810810811
"Cephalophus ogilbyi" 15 195 33 NA NA 0.0909090909090909
"Cephalophus ogilbyi" 16 32 419 -5.36058607388048 8.29523908918233e-08 0.212410501193317
"Cephalophus ogilbyi" 16 48 397 -5.85941290853484 4.64506414829989e-09 0.236775818639798
"Cephalophus ogilbyi" 16 64 341 -6.18835477158752 6.07953815579337e-10 0.272727272727273
"Cephalophus ogilbyi" 16 80 180 NA NA 0.222222222222222
"Cephalophus ogilbyi" 16 96 105 NA NA 0.0857142857142857
"Cephalophus ogilbyi" 16 112 45 NA NA 0.0666666666666667
"Cephalophus ogilbyi" 16 128 42 NA NA 0.0714285714285714
"Cephalophus ogilbyi" 16 144 40 NA NA 0.075
"Cephalophus ogilbyi" 16 160 39 NA NA 0.0769230769230769
"Cephalophus ogilbyi" 16 176 37 NA NA 0.0810810810810811
"Cephalophus ogilbyi" 16 192 33 NA NA 0.0909090909090909
"Cephalophus ogilbyi" 17 34 415 -4.90898252763314 9.15501334348823e-07 0.214457831325301
"Cephalophus ogilbyi" 17 51 388 -5.7677903820555 8.0317617535247e-09 0.242268041237113
"Cephalophus ogilbyi" 17 68 296 -5.14919393128185 2.61608286687646e-07 0.27027027027027
"Cephalophus ogilbyi" 17 85 166 NA NA 0.234939759036145
"Cephalophus ogilbyi" 17 102 75 NA NA 0.0533333333333333
"Cephalophus ogilbyi" 17 119 43 NA NA 0.0697674418604651
"Cephalophus ogilbyi" 17 136 41 NA NA 0.0731707317073171
"Cephalophus ogilbyi" 17 153 40 NA NA 0.075
"Cephalophus ogilbyi" 17 170 39 NA NA 0.0769230769230769
"Cephalophus ogilbyi" 17 187 34 NA NA 0.0882352941176471
"Cephalophus ogilbyi" 18 36 412 -5.46364787208017 4.66448366364445e-08 0.218446601941748
"Cephalophus ogilbyi" 18 54 381 -5.72148745294202 1.05595457593544e-08 0.246719160104987
"Cephalophus ogilbyi" 18 72 249 -1.30748432090956 0.191048276486186 0.265060240963855
"Cephalophus ogilbyi" 18 90 151 NA NA 0.218543046357616
"Cephalophus ogilbyi" 18 108 49 NA NA 0.0612244897959184
"Cephalophus ogilbyi" 18 126 43 NA NA 0.0697674418604651
"Cephalophus ogilbyi" 18 144 40 NA NA 0.075
"Cephalophus ogilbyi" 18 162 39 NA NA 0.0769230769230769
"Cephalophus ogilbyi" 18 180 37 NA NA 0.0810810810810811
"Cephalophus ogilbyi" 18 198 33 NA NA 0.0909090909090909
"Cephalophus ogilbyi" 19 38 410 -5.2552265756273 1.47842346911525e-07 0.217073170731707
"Cephalophus ogilbyi" 19 57 370 -5.84339500121053 5.11475418449258e-09 0.248648648648649
"Cephalophus ogilbyi" 19 76 216 NA NA 0.226851851851852
"Cephalophus ogilbyi" 19 95 127 NA NA 0.165354330708661
"Cephalophus ogilbyi" 19 114 45 NA NA 0.0666666666666667
"Cephalophus ogilbyi" 19 133 41 NA NA 0.0731707317073171
"Cephalophus ogilbyi" 19 152 40 NA NA 0.075
"Cephalophus ogilbyi" 19 171 39 NA NA 0.0769230769230769
"Cephalophus ogilbyi" 19 190 34 NA NA 0.0882352941176471
"Cephalophus ogilbyi" 20 40 408 -5.20251166695145 1.96613012134873e-07 0.223039215686275
"Cephalophus ogilbyi" 20 60 361 -5.82380886404237 5.75213586456136e-09 0.257617728531856
"Cephalophus ogilbyi" 20 80 180 NA NA 0.222222222222222
"Cephalophus ogilbyi" 20 100 75 NA NA 0.0533333333333333
"Cephalophus ogilbyi" 20 120 43 NA NA 0.0697674418604651
"Cephalophus ogilbyi" 20 140 40 NA NA 0.075
"Cephalophus ogilbyi" 20 160 39 NA NA 0.0769230769230769
"Cephalophus ogilbyi" 20 180 37 NA NA 0.0810810810810811
"Cephalophus ogilbyi" 20 200 33 NA NA 0.0909090909090909
"Cephalophus ogilbyi" 21 42 407 -5.24939430518795 1.52600124997695e-07 0.226044226044226
"Cephalophus ogilbyi" 21 63 349 -5.40624753803882 6.43588352506717e-08 0.26647564469914
"Cephalophus ogilbyi" 21 84 166 NA NA 0.234939759036145
"Cephalophus ogilbyi" 21 105 73 NA NA 0.0547945205479452
"Cephalophus ogilbyi" 21 126 43 NA NA 0.0697674418604651
"Cephalophus ogilbyi" 21 147 40 NA NA 0.075
"Cephalophus ogilbyi" 21 168 39 NA NA 0.0769230769230769
"Cephalophus ogilbyi" 21 189 34 NA NA 0.0882352941176471
"Cephalophus ogilbyi" 22 44 403 -4.96087392636711 7.01767301721721e-07 0.225806451612903
"Cephalophus ogilbyi" 22 66 320 -5.36232726717306 8.21565177109002e-08 0.278125
"Cephalophus ogilbyi" 22 88 158 NA NA 0.234177215189873
"Cephalophus ogilbyi" 22 110 47 NA NA 0.0638297872340425
"Cephalophus ogilbyi" 22 132 41 NA NA 0.0731707317073171
"Cephalophus ogilbyi" 22 154 39 NA NA 0.0769230769230769
"Cephalophus ogilbyi" 22 176 37 NA NA 0.0810810810810811
"Cephalophus ogilbyi" 22 198 33 NA NA 0.0909090909090909
"Cephalophus ogilbyi" 23 46 401 -4.71248113768443 2.4471873900698e-06 0.234413965087282
"Cephalophus ogilbyi" 23 69 283 -2.99464154781487 0.00274767533781166 0.27208480565371
"Cephalophus ogilbyi" 23 92 146 NA NA 0.205479452054795
"Cephalophus ogilbyi" 23 115 44 NA NA 0.0681818181818182
"Cephalophus ogilbyi" 23 138 41 NA NA 0.0731707317073171
"Cephalophus ogilbyi" 23 161 39 NA NA 0.0769230769230769
"Cephalophus ogilbyi" 23 184 36 NA NA 0.0833333333333333
"Cephalophus ogilbyi" 24 48 397 -4.62881361135472 3.6776659014322e-06 0.236775818639798
"Cephalophus ogilbyi" 24 72 249 -1.35353109102093 0.175886024352183 0.265060240963855
"Cephalophus ogilbyi" 24 96 105 NA NA 0.0857142857142857
"Cephalophus ogilbyi" 24 120 43 NA NA 0.0697674418604651
"Cephalophus ogilbyi" 24 144 40 NA NA 0.075
"Cephalophus ogilbyi" 24 168 39 NA NA 0.0769230769230769
"Cephalophus ogilbyi" 24 192 33 NA NA 0.0909090909090909
"Cephalophus ogilbyi" 25 50 391 -5.03251496685938 4.84086799912925e-07 0.240409207161125
"Cephalophus ogilbyi" 25 75 218 NA NA 0.23394495412844
"Cephalophus ogilbyi" 25 100 75 NA NA 0.0533333333333333
"Cephalophus ogilbyi" 25 125 43 NA NA 0.0697674418604651
"Cephalophus ogilbyi" 25 150 40 NA NA 0.075
"Cephalophus ogilbyi" 25 175 37 NA NA 0.0810810810810811
"Cephalophus ogilbyi" 25 200 33 NA NA 0.0909090909090909
"Cephalophus ogilbyi" 26 52 386 -4.86341994538958 1.15374701236905e-06 0.240932642487047
"Cephalophus ogilbyi" 26 78 209 NA NA 0.22488038277512
"Cephalophus ogilbyi" 26 104 75 NA NA 0.0533333333333333
"Cephalophus ogilbyi" 26 130 41 NA NA 0.0731707317073171
"Cephalophus ogilbyi" 26 156 39 NA NA 0.0769230769230769
"Cephalophus ogilbyi" 26 182 37 NA NA 0.0810810810810811
"Cephalophus ogilbyi" 27 54 381 -5.00036436147605 5.72220723428685e-07 0.246719160104987
"Cephalophus ogilbyi" 27 81 176 NA NA 0.227272727272727
"Cephalophus ogilbyi" 27 108 49 NA NA 0.0612244897959184
"Cephalophus ogilbyi" 27 135 41 NA NA 0.0731707317073171
"Cephalophus ogilbyi" 27 162 39 NA NA 0.0769230769230769
"Cephalophus ogilbyi" 27 189 34 NA NA 0.0882352941176471
"Cephalophus ogilbyi" 28 56 373 -5.35741335365774 8.44218306326932e-08 0.249329758713137
"Cephalophus ogilbyi" 28 84 166 NA NA 0.234939759036145
"Cephalophus ogilbyi" 28 112 45 NA NA 0.0666666666666667
"Cephalophus ogilbyi" 28 140 40 NA NA 0.075
"Cephalophus ogilbyi" 28 168 39 NA NA 0.0769230769230769
"Cephalophus ogilbyi" 28 196 33 NA NA 0.0909090909090909
"Cephalophus ogilbyi" 29 58 366 -5.19237289969968 2.0763061103364e-07 0.251366120218579
"Cephalophus ogilbyi" 29 87 163 NA NA 0.233128834355828
"Cephalophus ogilbyi" 29 116 44 NA NA 0.0681818181818182
"Cephalophus ogilbyi" 29 145 40 NA NA 0.075
"Cephalophus ogilbyi" 29 174 38 NA NA 0.0789473684210526
"Cephalophus ogilbyi" 30 60 361 -5.13908350668652 2.76081695638249e-07 0.257617728531856
"Cephalophus ogilbyi" 30 90 151 NA NA 0.218543046357616
"Cephalophus ogilbyi" 30 120 43 NA NA 0.0697674418604651
"Cephalophus ogilbyi" 30 150 40 NA NA 0.075
"Cephalophus ogilbyi" 30 180 37 NA NA 0.0810810810810811
"Cephalophus ogilbyi" 31 62 351 -4.94588137785807 7.58001093467635e-07 0.267806267806268
"Cephalophus ogilbyi" 31 93 142 NA NA 0.190140845070423
"Cephalophus ogilbyi" 31 124 43 NA NA 0.0697674418604651
"Cephalophus ogilbyi" 31 155 39 NA NA 0.0769230769230769
"Cephalophus ogilbyi" 31 186 35 NA NA 0.0857142857142857
"Cephalophus ogilbyi" 32 64 341 -5.18520718759482 2.15774852034061e-07 0.272727272727273
"Cephalophus ogilbyi" 32 96 105 NA NA 0.0857142857142857
"Cephalophus ogilbyi" 32 128 42 NA NA 0.0714285714285714
"Cephalophus ogilbyi" 32 160 39 NA NA 0.0769230769230769
"Cephalophus ogilbyi" 32 192 33 NA NA 0.0909090909090909
"Cephalophus ogilbyi" 33 66 320 -4.94299549986597 7.69312603425853e-07 0.278125
"Cephalophus ogilbyi" 33 99 75 NA NA 0.0533333333333333
"Cephalophus ogilbyi" 33 132 41 NA NA 0.0731707317073171
"Cephalophus ogilbyi" 33 165 39 NA NA 0.0769230769230769
"Cephalophus ogilbyi" 33 198 33 NA NA 0.0909090909090909
"Cephalophus ogilbyi" 34 68 296 -4.53557873725727 5.74457414903821e-06 0.27027027027027
"Cephalophus ogilbyi" 34 102 75 NA NA 0.0533333333333333
"Cephalophus ogilbyi" 34 136 41 NA NA 0.0731707317073171
"Cephalophus ogilbyi" 34 170 39 NA NA 0.0769230769230769
"Cephalophus ogilbyi" 35 70 272 -2.11919093286226 0.0340743342593933 0.246323529411765
"Cephalophus ogilbyi" 35 105 73 NA NA 0.0547945205479452
"Cephalophus ogilbyi" 35 140 40 NA NA 0.075
"Cephalophus ogilbyi" 35 175 37 NA NA 0.0810810810810811
"Cephalophus ogilbyi" 36 72 249 -1.51483112026893 0.129815177279765 0.265060240963855
"Cephalophus ogilbyi" 36 108 49 NA NA 0.0612244897959184
"Cephalophus ogilbyi" 36 144 40 NA NA 0.075
"Cephalophus ogilbyi" 36 180 37 NA NA 0.0810810810810811
"Cephalophus ogilbyi" 37 74 225 NA NA 0.253333333333333
"Cephalophus ogilbyi" 37 111 45 NA NA 0.0666666666666667
"Cephalophus ogilbyi" 37 148 40 NA NA 0.075
"Cephalophus ogilbyi" 37 185 35 NA NA 0.0857142857142857
"Cephalophus ogilbyi" 38 76 216 NA NA 0.226851851851852
"Cephalophus ogilbyi" 38 114 45 NA NA 0.0666666666666667
"Cephalophus ogilbyi" 38 152 40 NA NA 0.075
"Cephalophus ogilbyi" 38 190 34 NA NA 0.0882352941176471
"Cephalophus ogilbyi" 39 78 209 NA NA 0.22488038277512
"Cephalophus ogilbyi" 39 117 43 NA NA 0.0697674418604651
"Cephalophus ogilbyi" 39 156 39 NA NA 0.0769230769230769
"Cephalophus ogilbyi" 39 195 33 NA NA 0.0909090909090909
"Cephalophus ogilbyi" 40 80 180 NA NA 0.222222222222222
"Cephalophus ogilbyi" 40 120 43 NA NA 0.0697674418604651
"Cephalophus ogilbyi" 40 160 39 NA NA 0.0769230769230769
"Cephalophus ogilbyi" 40 200 33 NA NA 0.0909090909090909
"Cephalophus ogilbyi" 41 82 170 NA NA 0.229411764705882
"Cephalophus ogilbyi" 41 123 43 NA NA 0.0697674418604651
"Cephalophus ogilbyi" 41 164 39 NA NA 0.0769230769230769
"Cephalophus ogilbyi" 42 84 166 NA NA 0.234939759036145
"Cephalophus ogilbyi" 42 126 43 NA NA 0.0697674418604651
"Cephalophus ogilbyi" 42 168 39 NA NA 0.0769230769230769
"Cephalophus ogilbyi" 43 86 165 NA NA 0.236363636363636
"Cephalophus ogilbyi" 43 129 42 NA NA 0.0714285714285714
"Cephalophus ogilbyi" 43 172 39 NA NA 0.0769230769230769
"Cephalophus ogilbyi" 44 88 158 NA NA 0.234177215189873
"Cephalophus ogilbyi" 44 132 41 NA NA 0.0731707317073171
"Cephalophus ogilbyi" 44 176 37 NA NA 0.0810810810810811
"Cephalophus ogilbyi" 45 90 151 NA NA 0.218543046357616
"Cephalophus ogilbyi" 45 135 41 NA NA 0.0731707317073171
"Cephalophus ogilbyi" 45 180 37 NA NA 0.0810810810810811
"Cephalophus ogilbyi" 46 92 146 NA NA 0.205479452054795
"Cephalophus ogilbyi" 46 138 41 NA NA 0.0731707317073171
"Cephalophus ogilbyi" 46 184 36 NA NA 0.0833333333333333
"Cephalophus ogilbyi" 47 94 142 NA NA 0.190140845070423
"Cephalophus ogilbyi" 47 141 40 NA NA 0.075
"Cephalophus ogilbyi" 47 188 34 NA NA 0.0882352941176471
"Cephalophus ogilbyi" 48 96 105 NA NA 0.0857142857142857
"Cephalophus ogilbyi" 48 144 40 NA NA 0.075
"Cephalophus ogilbyi" 48 192 33 NA NA 0.0909090909090909
"Cephalophus ogilbyi" 49 98 75 NA NA 0.0533333333333333
"Cephalophus ogilbyi" 49 147 40 NA NA 0.075
"Cephalophus ogilbyi" 49 196 33 NA NA 0.0909090909090909
"Cephalophus ogilbyi" 50 100 75 NA NA 0.0533333333333333
"Cephalophus ogilbyi" 50 150 40 NA NA 0.075
"Cephalophus ogilbyi" 50 200 33 NA NA 0.0909090909090909
"Cephalophus ogilbyi" 51 102 75 NA NA 0.0533333333333333
"Cephalophus ogilbyi" 51 153 40 NA NA 0.075
"Cephalophus ogilbyi" 52 104 75 NA NA 0.0533333333333333
"Cephalophus ogilbyi" 52 156 39 NA NA 0.0769230769230769
"Cephalophus ogilbyi" 53 106 61 NA NA 0.0655737704918033
"Cephalophus ogilbyi" 53 159 39 NA NA 0.0769230769230769
"Cephalophus ogilbyi" 54 108 49 NA NA 0.0612244897959184
"Cephalophus ogilbyi" 54 162 39 NA NA 0.0769230769230769
"Cephalophus ogilbyi" 55 110 47 NA NA 0.0638297872340425
"Cephalophus ogilbyi" 55 165 39 NA NA 0.0769230769230769
"Cephalophus ogilbyi" 56 112 45 NA NA 0.0666666666666667
"Cephalophus ogilbyi" 56 168 39 NA NA 0.0769230769230769
"Cephalophus ogilbyi" 57 114 45 NA NA 0.0666666666666667
"Cephalophus ogilbyi" 57 171 39 NA NA 0.0769230769230769
"Cephalophus ogilbyi" 58 116 44 NA NA 0.0681818181818182
"Cephalophus ogilbyi" 58 174 38 NA NA 0.0789473684210526
"Cephalophus ogilbyi" 59 118 43 NA NA 0.0697674418604651
"Cephalophus ogilbyi" 59 177 37 NA NA 0.0810810810810811
"Cephalophus ogilbyi" 60 120 43 NA NA 0.0697674418604651
"Cephalophus ogilbyi" 60 180 37 NA NA 0.0810810810810811
"Cephalophus ogilbyi" 61 122 43 NA NA 0.0697674418604651
"Cephalophus ogilbyi" 61 183 37 NA NA 0.0810810810810811
"Cephalophus ogilbyi" 62 124 43 NA NA 0.0697674418604651
"Cephalophus ogilbyi" 62 186 35 NA NA 0.0857142857142857
"Cephalophus ogilbyi" 63 126 43 NA NA 0.0697674418604651
"Cephalophus ogilbyi" 63 189 34 NA NA 0.0882352941176471
"Cephalophus ogilbyi" 64 128 42 NA NA 0.0714285714285714
"Cephalophus ogilbyi" 64 192 33 NA NA 0.0909090909090909
"Cephalophus ogilbyi" 65 130 41 NA NA 0.0731707317073171
"Cephalophus ogilbyi" 65 195 33 NA NA 0.0909090909090909
"Cephalophus ogilbyi" 66 132 41 NA NA 0.0731707317073171
"Cephalophus ogilbyi" 66 198 33 NA NA 0.0909090909090909
"Cephalophus ogilbyi" 67 134 41 NA NA 0.0731707317073171
"Cephalophus ogilbyi" 68 136 41 NA NA 0.0731707317073171
"Cephalophus ogilbyi" 69 138 41 NA NA 0.0731707317073171
"Cephalophus ogilbyi" 70 140 40 NA NA 0.075
"Cephalophus ogilbyi" 71 142 40 NA NA 0.075
"Cephalophus ogilbyi" 72 144 40 NA NA 0.075
"Cephalophus ogilbyi" 73 146 40 NA NA 0.075
"Cephalophus ogilbyi" 74 148 40 NA NA 0.075
"Cephalophus ogilbyi" 75 150 40 NA NA 0.075
"Cephalophus ogilbyi" 76 152 40 NA NA 0.075
"Cephalophus ogilbyi" 77 154 39 NA NA 0.0769230769230769
"Cephalophus ogilbyi" 78 156 39 NA NA 0.0769230769230769
"Cephalophus ogilbyi" 79 158 39 NA NA 0.0769230769230769
"Cephalophus ogilbyi" 80 160 39 NA NA 0.0769230769230769
"Cephalophus ogilbyi" 81 162 39 NA NA 0.0769230769230769
"Cephalophus ogilbyi" 82 164 39 NA NA 0.0769230769230769
"Cephalophus ogilbyi" 83 166 39 NA NA 0.0769230769230769
"Cephalophus ogilbyi" 84 168 39 NA NA 0.0769230769230769
"Cephalophus ogilbyi" 85 170 39 NA NA 0.0769230769230769
"Cephalophus ogilbyi" 86 172 39 NA NA 0.0769230769230769
"Cephalophus ogilbyi" 87 174 38 NA NA 0.0789473684210526
"Cephalophus ogilbyi" 88 176 37 NA NA 0.0810810810810811
"Cephalophus ogilbyi" 89 178 37 NA NA 0.0810810810810811
"Cephalophus ogilbyi" 90 180 37 NA NA 0.0810810810810811
"Cephalophus ogilbyi" 91 182 37 NA NA 0.0810810810810811
"Cephalophus ogilbyi" 92 184 36 NA NA 0.0833333333333333
"Cephalophus ogilbyi" 93 186 35 NA NA 0.0857142857142857
"Cephalophus ogilbyi" 94 188 34 NA NA 0.0882352941176471
"Cephalophus ogilbyi" 95 190 34 NA NA 0.0882352941176471
"Cephalophus ogilbyi" 96 192 33 NA NA 0.0909090909090909
"Cephalophus ogilbyi" 97 194 33 NA NA 0.0909090909090909
"Cephalophus ogilbyi" 98 196 33 NA NA 0.0909090909090909
"Cephalophus ogilbyi" 99 198 33 NA NA 0.0909090909090909
"Cephalophus ogilbyi" 100 200 33 NA NA 0.0909090909090909
