"species" "time_interval" "study_duration" "n_cams" "z" "P" "p_presence"
"Mandrillus sphinx" 1 2 454 1.12164517516709 0.262013335762878 0.0110132158590308
"Mandrillus sphinx" 1 3 454 NA NA 0.0198237885462555
"Mandrillus sphinx" 1 4 452 0.921592864281312 0.356740981954369 0.0265486725663717
"Mandrillus sphinx" 1 5 450 NA NA 0.0311111111111111
"Mandrillus sphinx" 1 6 449 1.32855639364349 0.183994366640269 0.0311804008908686
"Mandrillus sphinx" 1 7 447 NA NA 0.0313199105145414
"Mandrillus sphinx" 1 8 447 NA NA 0.0313199105145414
"Mandrillus sphinx" 1 9 447 NA NA 0.0357941834451902
"Mandrillus sphinx" 1 10 445 1.24652129029057 0.212573077956819 0.0426966292134831
"Mandrillus sphinx" 1 11 440 0.810387380289814 0.417717568582014 0.0454545454545455
"Mandrillus sphinx" 1 12 439 0.305436376194556 0.760033820385268 0.0569476082004556
"Mandrillus sphinx" 1 13 438 0.479254350006488 0.631757693533251 0.0593607305936073
"Mandrillus sphinx" 1 14 436 -0.0244175165980724 0.980519576266335 0.0642201834862385
"Mandrillus sphinx" 1 15 436 0.117030752934507 0.906835683606134 0.0688073394495413
"Mandrillus sphinx" 1 16 435 0.0872898878714661 0.930441091649864 0.0735632183908046
"Mandrillus sphinx" 1 17 435 0.27976000442561 0.7796616386982 0.0758620689655172
"Mandrillus sphinx" 1 18 434 0.246983253395427 0.804921184515107 0.076036866359447
"Mandrillus sphinx" 1 19 432 0.344628207256589 0.730373897152393 0.0833333333333333
"Mandrillus sphinx" 1 20 430 0.281039847690911 0.778679836927018 0.0837209302325581
"Mandrillus sphinx" 1 21 429 -0.186140023650505 0.852334956010433 0.0909090909090909
"Mandrillus sphinx" 1 22 427 -0.444028045389376 0.657022307491105 0.100702576112412
"Mandrillus sphinx" 1 23 426 -0.397752225552899 0.690812836301876 0.103286384976526
"Mandrillus sphinx" 1 24 425 -0.183414594221656 0.854472725574547 0.108235294117647
"Mandrillus sphinx" 1 25 423 -0.146646090571916 0.883411371910104 0.113475177304965
"Mandrillus sphinx" 1 26 422 -0.0673928457817661 0.946268964481284 0.116113744075829
"Mandrillus sphinx" 1 27 422 NA NA 0.12085308056872
"Mandrillus sphinx" 1 28 422 NA NA 0.123222748815166
"Mandrillus sphinx" 1 29 422 NA NA 0.127962085308057
"Mandrillus sphinx" 1 30 420 NA NA 0.130952380952381
"Mandrillus sphinx" 1 31 419 NA NA 0.133651551312649
"Mandrillus sphinx" 1 32 419 0.205021014896504 0.837555706249451 0.145584725536993
"Mandrillus sphinx" 1 33 415 0.26000094028192 0.79486304829437 0.146987951807229
"Mandrillus sphinx" 1 34 415 0.309515402705226 0.756929497348738 0.146987951807229
"Mandrillus sphinx" 1 35 413 0.119309903109408 0.905029837996442 0.150121065375303
"Mandrillus sphinx" 1 36 412 0.0767143400160985 0.938850796476843 0.150485436893204
"Mandrillus sphinx" 1 37 410 -0.613773526886892 0.539364993243144 0.160975609756098
"Mandrillus sphinx" 1 38 410 -0.610045191389937 0.541831871875108 0.160975609756098
"Mandrillus sphinx" 1 39 409 -0.615917688220963 0.53794884673358 0.161369193154034
"Mandrillus sphinx" 1 40 408 -0.801201281191108 0.423015129637509 0.159313725490196
"Mandrillus sphinx" 1 41 407 -0.857363221386066 0.391244178649178 0.15970515970516
"Mandrillus sphinx" 1 42 407 -1.06948191586059 0.284852573316366 0.162162162162162
"Mandrillus sphinx" 1 43 405 -0.932019128647995 0.351326639874443 0.160493827160494
"Mandrillus sphinx" 1 44 403 -0.85902946588614 0.390324259573031 0.158808933002481
"Mandrillus sphinx" 1 45 402 -0.83166596632016 0.405597516039534 0.159203980099502
"Mandrillus sphinx" 1 46 401 -0.869250552520592 0.384710102420063 0.162094763092269
"Mandrillus sphinx" 1 47 398 -0.968942597996413 0.332573830060725 0.163316582914573
"Mandrillus sphinx" 1 48 397 -1.12661251122393 0.259906347040983 0.16624685138539
"Mandrillus sphinx" 1 49 395 -0.871227513231217 0.383629940137559 0.167088607594937
"Mandrillus sphinx" 1 50 391 NA NA 0.168797953964194
"Mandrillus sphinx" 1 51 388 -1.62102434705379 0.10501241722644 0.172680412371134
"Mandrillus sphinx" 1 52 386 -1.76710348804748 0.0772108984794691 0.16839378238342
"Mandrillus sphinx" 1 53 382 -1.43442707348364 0.151450426285622 0.175392670157068
"Mandrillus sphinx" 1 54 381 -1.4299655739702 0.152726899900553 0.175853018372703
"Mandrillus sphinx" 1 55 376 -1.46436991784644 0.143092902857871 0.175531914893617
"Mandrillus sphinx" 1 56 373 -1.66642620208369 0.095628555590654 0.179624664879357
"Mandrillus sphinx" 1 57 370 NA NA 0.181081081081081
"Mandrillus sphinx" 1 58 366 -1.68934521981471 0.0911532923187774 0.183060109289617
"Mandrillus sphinx" 1 59 364 -1.78184874578598 0.0747739006344647 0.184065934065934
"Mandrillus sphinx" 1 60 361 NA NA 0.185595567867036
"Mandrillus sphinx" 1 61 356 -1.40900071135086 0.158834957792093 0.188202247191011
"Mandrillus sphinx" 1 62 351 NA NA 0.188034188034188
"Mandrillus sphinx" 1 63 349 NA NA 0.194842406876791
"Mandrillus sphinx" 1 64 341 NA NA 0.19941348973607
"Mandrillus sphinx" 1 65 327 -1.67274030380151 0.0943784312769581 0.207951070336391
"Mandrillus sphinx" 1 66 320 NA NA 0.2125
"Mandrillus sphinx" 1 67 304 NA NA 0.233552631578947
"Mandrillus sphinx" 1 68 296 -1.77720040382146 0.0755352730465044 0.243243243243243
"Mandrillus sphinx" 1 69 283 NA NA 0.250883392226148
"Mandrillus sphinx" 1 70 272 -1.75409167132893 0.0794148005630169 0.261029411764706
"Mandrillus sphinx" 1 71 268 NA NA 0.257462686567164
"Mandrillus sphinx" 1 72 249 -2.03284238516898 0.0420684494107664 0.269076305220884
"Mandrillus sphinx" 1 73 231 NA NA 0.294372294372294
"Mandrillus sphinx" 1 74 225 NA NA 0.302222222222222
"Mandrillus sphinx" 1 75 218 NA NA 0.31651376146789
"Mandrillus sphinx" 1 76 216 NA NA 0.328703703703704
"Mandrillus sphinx" 1 77 211 NA NA 0.33175355450237
"Mandrillus sphinx" 1 78 209 NA NA 0.330143540669856
"Mandrillus sphinx" 1 79 195 NA NA 0.312820512820513
"Mandrillus sphinx" 1 80 180 NA NA 0.311111111111111
"Mandrillus sphinx" 1 81 176 NA NA 0.318181818181818
"Mandrillus sphinx" 1 82 170 NA NA 0.329411764705882
"Mandrillus sphinx" 1 83 166 NA NA 0.337349397590361
"Mandrillus sphinx" 1 84 166 NA NA 0.337349397590361
"Mandrillus sphinx" 1 85 166 NA NA 0.337349397590361
"Mandrillus sphinx" 1 86 165 NA NA 0.339393939393939
"Mandrillus sphinx" 1 87 163 NA NA 0.343558282208589
"Mandrillus sphinx" 1 88 158 NA NA 0.354430379746835
"Mandrillus sphinx" 1 89 153 NA NA 0.366013071895425
"Mandrillus sphinx" 1 90 151 NA NA 0.370860927152318
"Mandrillus sphinx" 1 91 150 NA NA 0.38
"Mandrillus sphinx" 1 92 146 NA NA 0.383561643835616
"Mandrillus sphinx" 1 93 142 NA NA 0.394366197183099
"Mandrillus sphinx" 1 94 142 NA NA 0.401408450704225
"Mandrillus sphinx" 1 95 127 NA NA 0.409448818897638
"Mandrillus sphinx" 1 96 105 NA NA 0.40952380952381
"Mandrillus sphinx" 1 97 89 NA NA 0.337078651685393
"Mandrillus sphinx" 1 98 75 NA NA 0.253333333333333
"Mandrillus sphinx" 1 99 75 NA NA 0.253333333333333
"Mandrillus sphinx" 1 100 75 NA NA 0.253333333333333
"Mandrillus sphinx" 1 101 75 NA NA 0.253333333333333
"Mandrillus sphinx" 1 102 75 NA NA 0.253333333333333
"Mandrillus sphinx" 1 103 75 NA NA 0.253333333333333
"Mandrillus sphinx" 1 104 75 NA NA 0.253333333333333
"Mandrillus sphinx" 1 105 73 NA NA 0.246575342465753
"Mandrillus sphinx" 1 106 61 NA NA 0.147540983606557
"Mandrillus sphinx" 1 107 56 NA NA 0.142857142857143
"Mandrillus sphinx" 1 108 49 NA NA 0.142857142857143
"Mandrillus sphinx" 1 109 48 NA NA 0.145833333333333
"Mandrillus sphinx" 1 110 47 NA NA 0.127659574468085
"Mandrillus sphinx" 1 111 45 NA NA 0.133333333333333
"Mandrillus sphinx" 1 112 45 NA NA 0.133333333333333
"Mandrillus sphinx" 1 113 45 NA NA 0.133333333333333
"Mandrillus sphinx" 1 114 45 NA NA 0.133333333333333
"Mandrillus sphinx" 1 115 44 NA NA 0.136363636363636
"Mandrillus sphinx" 1 116 44 NA NA 0.136363636363636
"Mandrillus sphinx" 1 117 43 NA NA 0.13953488372093
"Mandrillus sphinx" 1 118 43 NA NA 0.13953488372093
"Mandrillus sphinx" 1 119 43 NA NA 0.13953488372093
"Mandrillus sphinx" 1 120 43 NA NA 0.13953488372093
"Mandrillus sphinx" 1 121 43 NA NA 0.13953488372093
"Mandrillus sphinx" 1 122 43 NA NA 0.13953488372093
"Mandrillus sphinx" 1 123 43 NA NA 0.13953488372093
"Mandrillus sphinx" 1 124 43 NA NA 0.13953488372093
"Mandrillus sphinx" 1 125 43 NA NA 0.13953488372093
"Mandrillus sphinx" 1 126 43 NA NA 0.13953488372093
"Mandrillus sphinx" 1 127 43 NA NA 0.13953488372093
"Mandrillus sphinx" 1 128 42 NA NA 0.142857142857143
"Mandrillus sphinx" 1 129 42 NA NA 0.142857142857143
"Mandrillus sphinx" 1 130 41 NA NA 0.146341463414634
"Mandrillus sphinx" 1 131 41 NA NA 0.146341463414634
"Mandrillus sphinx" 1 132 41 NA NA 0.146341463414634
"Mandrillus sphinx" 1 133 41 NA NA 0.146341463414634
"Mandrillus sphinx" 1 134 41 NA NA 0.146341463414634
"Mandrillus sphinx" 1 135 41 NA NA 0.146341463414634
"Mandrillus sphinx" 1 136 41 NA NA 0.146341463414634
"Mandrillus sphinx" 1 137 41 NA NA 0.146341463414634
"Mandrillus sphinx" 1 138 41 NA NA 0.146341463414634
"Mandrillus sphinx" 1 139 40 NA NA 0.125
"Mandrillus sphinx" 1 140 40 NA NA 0.125
"Mandrillus sphinx" 1 141 40 NA NA 0.125
"Mandrillus sphinx" 1 142 40 NA NA 0.125
"Mandrillus sphinx" 1 143 40 NA NA 0.125
"Mandrillus sphinx" 1 144 40 NA NA 0.125
"Mandrillus sphinx" 1 145 40 NA NA 0.125
"Mandrillus sphinx" 1 146 40 NA NA 0.125
"Mandrillus sphinx" 1 147 40 NA NA 0.125
"Mandrillus sphinx" 1 148 40 NA NA 0.125
"Mandrillus sphinx" 1 149 40 NA NA 0.125
"Mandrillus sphinx" 1 150 40 NA NA 0.125
"Mandrillus sphinx" 1 151 40 NA NA 0.125
"Mandrillus sphinx" 1 152 40 NA NA 0.125
"Mandrillus sphinx" 1 153 40 NA NA 0.125
"Mandrillus sphinx" 1 154 39 NA NA 0.128205128205128
"Mandrillus sphinx" 1 155 39 NA NA 0.128205128205128
"Mandrillus sphinx" 1 156 39 NA NA 0.128205128205128
"Mandrillus sphinx" 1 157 39 NA NA 0.128205128205128
"Mandrillus sphinx" 1 158 39 NA NA 0.128205128205128
"Mandrillus sphinx" 1 159 39 NA NA 0.128205128205128
"Mandrillus sphinx" 1 160 39 NA NA 0.128205128205128
"Mandrillus sphinx" 1 161 39 NA NA 0.128205128205128
"Mandrillus sphinx" 1 162 39 NA NA 0.128205128205128
"Mandrillus sphinx" 1 163 39 NA NA 0.128205128205128
"Mandrillus sphinx" 1 164 39 NA NA 0.128205128205128
"Mandrillus sphinx" 1 165 39 NA NA 0.128205128205128
"Mandrillus sphinx" 1 166 39 NA NA 0.128205128205128
"Mandrillus sphinx" 1 167 39 NA NA 0.128205128205128
"Mandrillus sphinx" 1 168 39 NA NA 0.128205128205128
"Mandrillus sphinx" 1 169 39 NA NA 0.128205128205128
"Mandrillus sphinx" 1 170 39 NA NA 0.128205128205128
"Mandrillus sphinx" 1 171 39 NA NA 0.128205128205128
"Mandrillus sphinx" 1 172 39 NA NA 0.128205128205128
"Mandrillus sphinx" 1 173 38 NA NA 0.131578947368421
"Mandrillus sphinx" 1 174 38 NA NA 0.131578947368421
"Mandrillus sphinx" 1 175 37 NA NA 0.135135135135135
"Mandrillus sphinx" 1 176 37 NA NA 0.135135135135135
"Mandrillus sphinx" 1 177 37 NA NA 0.135135135135135
"Mandrillus sphinx" 1 178 37 NA NA 0.135135135135135
"Mandrillus sphinx" 1 179 37 NA NA 0.135135135135135
"Mandrillus sphinx" 1 180 37 NA NA 0.135135135135135
"Mandrillus sphinx" 1 181 37 NA NA 0.135135135135135
"Mandrillus sphinx" 1 182 37 NA NA 0.135135135135135
"Mandrillus sphinx" 1 183 37 NA NA 0.135135135135135
"Mandrillus sphinx" 1 184 36 NA NA 0.138888888888889
"Mandrillus sphinx" 1 185 35 NA NA 0.142857142857143
"Mandrillus sphinx" 1 186 35 NA NA 0.142857142857143
"Mandrillus sphinx" 1 187 34 NA NA 0.147058823529412
"Mandrillus sphinx" 1 188 34 NA NA 0.147058823529412
"Mandrillus sphinx" 1 189 34 NA NA 0.147058823529412
"Mandrillus sphinx" 1 190 34 NA NA 0.147058823529412
"Mandrillus sphinx" 1 191 33 NA NA 0.121212121212121
"Mandrillus sphinx" 1 192 33 NA NA 0.121212121212121
"Mandrillus sphinx" 1 193 33 NA NA 0.121212121212121
"Mandrillus sphinx" 1 194 33 NA NA 0.121212121212121
"Mandrillus sphinx" 1 195 33 NA NA 0.121212121212121
"Mandrillus sphinx" 1 196 33 NA NA 0.121212121212121
"Mandrillus sphinx" 1 197 33 NA NA 0.121212121212121
"Mandrillus sphinx" 1 198 33 NA NA 0.121212121212121
"Mandrillus sphinx" 1 199 33 NA NA 0.121212121212121
"Mandrillus sphinx" 1 200 33 NA NA 0.121212121212121
"Mandrillus sphinx" 2 4 452 0.999403968440224 0.317599038200595 0.0265486725663717
"Mandrillus sphinx" 2 6 449 1.3859480289945 0.165762773523509 0.0311804008908686
"Mandrillus sphinx" 2 8 447 NA NA 0.0313199105145414
"Mandrillus sphinx" 2 10 445 1.28175519155917 0.199928537273467 0.0426966292134831
"Mandrillus sphinx" 2 12 439 0.340038708369347 0.733827377840705 0.0569476082004556
"Mandrillus sphinx" 2 14 436 0.01687762642483 0.986534241752129 0.0642201834862385
"Mandrillus sphinx" 2 16 435 0.125761965190317 0.899920350047767 0.0735632183908046
"Mandrillus sphinx" 2 18 434 0.283289758384687 0.776954727492168 0.076036866359447
"Mandrillus sphinx" 2 20 430 0.331006331803578 0.740639702818661 0.0837209302325581
"Mandrillus sphinx" 2 22 427 -0.404273725251122 0.686011444562558 0.100702576112412
"Mandrillus sphinx" 2 24 425 -0.120726151343995 0.903907944714577 0.108235294117647
"Mandrillus sphinx" 2 26 422 0.0223052918332064 0.982204427661101 0.116113744075829
"Mandrillus sphinx" 2 28 422 0.353316550997687 0.723851138766129 0.123222748815166
"Mandrillus sphinx" 2 30 420 0.41051241449167 0.681430098565298 0.130952380952381
"Mandrillus sphinx" 2 32 419 0.273532320256677 0.784444051295661 0.145584725536993
"Mandrillus sphinx" 2 34 415 0.400690419826928 0.688648065018954 0.146987951807229
"Mandrillus sphinx" 2 36 412 NA NA 0.150485436893204
"Mandrillus sphinx" 2 38 410 -0.467022872132018 0.640483514165977 0.160975609756098
"Mandrillus sphinx" 2 40 408 -0.643699347514493 0.519770413119716 0.159313725490196
"Mandrillus sphinx" 2 42 407 -0.879748106319319 0.378995782522801 0.162162162162162
"Mandrillus sphinx" 2 44 403 -0.680762205127625 0.496021968527189 0.158808933002481
"Mandrillus sphinx" 2 46 401 -0.720344558498389 0.471312876339211 0.162094763092269
"Mandrillus sphinx" 2 48 397 -0.974027678698068 0.330042796352353 0.16624685138539
"Mandrillus sphinx" 2 50 391 -1.02500226869915 0.305362117192168 0.168797953964194
"Mandrillus sphinx" 2 52 386 -1.55524002587125 0.119888914935136 0.16839378238342
"Mandrillus sphinx" 2 54 381 -1.22607890564281 0.220168983109194 0.175853018372703
"Mandrillus sphinx" 2 56 373 -1.42939324036985 0.152891240170766 0.179624664879357
"Mandrillus sphinx" 2 58 366 -1.4431746816122 0.148971269781545 0.183060109289617
"Mandrillus sphinx" 2 60 361 -1.20089729974678 0.229791041844835 0.185595567867036
"Mandrillus sphinx" 2 62 351 -1.34370561252805 0.179043601694064 0.188034188034188
"Mandrillus sphinx" 2 64 341 -1.41837273206879 0.156081972291581 0.19941348973607
"Mandrillus sphinx" 2 66 320 -1.27934739813771 0.200774748501406 0.2125
"Mandrillus sphinx" 2 68 296 -1.42452815384412 0.154293641152367 0.243243243243243
"Mandrillus sphinx" 2 70 272 -1.3295385068537 0.183670370467685 0.261029411764706
"Mandrillus sphinx" 2 72 249 -1.60743483364549 0.107959013917121 0.269076305220884
"Mandrillus sphinx" 2 74 225 NA NA 0.302222222222222
"Mandrillus sphinx" 2 76 216 NA NA 0.328703703703704
"Mandrillus sphinx" 2 78 209 NA NA 0.330143540669856
"Mandrillus sphinx" 2 80 180 NA NA 0.311111111111111
"Mandrillus sphinx" 2 82 170 NA NA 0.329411764705882
"Mandrillus sphinx" 2 84 166 NA NA 0.337349397590361
"Mandrillus sphinx" 2 86 165 NA NA 0.339393939393939
"Mandrillus sphinx" 2 88 158 NA NA 0.354430379746835
"Mandrillus sphinx" 2 90 151 NA NA 0.370860927152318
"Mandrillus sphinx" 2 92 146 NA NA 0.383561643835616
"Mandrillus sphinx" 2 94 142 NA NA 0.401408450704225
"Mandrillus sphinx" 2 96 105 NA NA 0.40952380952381
"Mandrillus sphinx" 2 98 75 NA NA 0.253333333333333
"Mandrillus sphinx" 2 100 75 NA NA 0.253333333333333
"Mandrillus sphinx" 2 102 75 NA NA 0.253333333333333
"Mandrillus sphinx" 2 104 75 NA NA 0.253333333333333
"Mandrillus sphinx" 2 106 61 NA NA 0.147540983606557
"Mandrillus sphinx" 2 108 49 NA NA 0.142857142857143
"Mandrillus sphinx" 2 110 47 NA NA 0.127659574468085
"Mandrillus sphinx" 2 112 45 NA NA 0.133333333333333
"Mandrillus sphinx" 2 114 45 NA NA 0.133333333333333
"Mandrillus sphinx" 2 116 44 NA NA 0.136363636363636
"Mandrillus sphinx" 2 118 43 NA NA 0.13953488372093
"Mandrillus sphinx" 2 120 43 NA NA 0.13953488372093
"Mandrillus sphinx" 2 122 43 NA NA 0.13953488372093
"Mandrillus sphinx" 2 124 43 NA NA 0.13953488372093
"Mandrillus sphinx" 2 126 43 NA NA 0.13953488372093
"Mandrillus sphinx" 2 128 42 NA NA 0.142857142857143
"Mandrillus sphinx" 2 130 41 NA NA 0.146341463414634
"Mandrillus sphinx" 2 132 41 NA NA 0.146341463414634
"Mandrillus sphinx" 2 134 41 NA NA 0.146341463414634
"Mandrillus sphinx" 2 136 41 NA NA 0.146341463414634
"Mandrillus sphinx" 2 138 41 NA NA 0.146341463414634
"Mandrillus sphinx" 2 140 40 NA NA 0.125
"Mandrillus sphinx" 2 142 40 NA NA 0.125
"Mandrillus sphinx" 2 144 40 NA NA 0.125
"Mandrillus sphinx" 2 146 40 NA NA 0.125
"Mandrillus sphinx" 2 148 40 NA NA 0.125
"Mandrillus sphinx" 2 150 40 NA NA 0.125
"Mandrillus sphinx" 2 152 40 NA NA 0.125
"Mandrillus sphinx" 2 154 39 NA NA 0.128205128205128
"Mandrillus sphinx" 2 156 39 NA NA 0.128205128205128
"Mandrillus sphinx" 2 158 39 NA NA 0.128205128205128
"Mandrillus sphinx" 2 160 39 NA NA 0.128205128205128
"Mandrillus sphinx" 2 162 39 NA NA 0.128205128205128
"Mandrillus sphinx" 2 164 39 NA NA 0.128205128205128
"Mandrillus sphinx" 2 166 39 NA NA 0.128205128205128
"Mandrillus sphinx" 2 168 39 NA NA 0.128205128205128
"Mandrillus sphinx" 2 170 39 NA NA 0.128205128205128
"Mandrillus sphinx" 2 172 39 NA NA 0.128205128205128
"Mandrillus sphinx" 2 174 38 NA NA 0.131578947368421
"Mandrillus sphinx" 2 176 37 NA NA 0.135135135135135
"Mandrillus sphinx" 2 178 37 NA NA 0.135135135135135
"Mandrillus sphinx" 2 180 37 NA NA 0.135135135135135
"Mandrillus sphinx" 2 182 37 NA NA 0.135135135135135
"Mandrillus sphinx" 2 184 36 NA NA 0.138888888888889
"Mandrillus sphinx" 2 186 35 NA NA 0.142857142857143
"Mandrillus sphinx" 2 188 34 NA NA 0.147058823529412
"Mandrillus sphinx" 2 190 34 NA NA 0.147058823529412
"Mandrillus sphinx" 2 192 33 NA NA 0.121212121212121
"Mandrillus sphinx" 2 194 33 NA NA 0.121212121212121
"Mandrillus sphinx" 2 196 33 NA NA 0.121212121212121
"Mandrillus sphinx" 2 198 33 NA NA 0.121212121212121
"Mandrillus sphinx" 2 200 33 NA NA 0.121212121212121
"Mandrillus sphinx" 3 6 449 1.44290711768498 0.149046637846954 0.0311804008908686
"Mandrillus sphinx" 3 9 447 1.68402318301179 0.092177188478318 0.0357941834451902
"Mandrillus sphinx" 3 12 439 0.377177636989065 0.706041598205499 0.0569476082004556
"Mandrillus sphinx" 3 15 436 0.165475459221944 0.868569764247247 0.0688073394495413
"Mandrillus sphinx" 3 18 434 0.302789658153507 0.762050165283887 0.076036866359447
"Mandrillus sphinx" 3 21 429 -0.110829560428112 0.911751503915676 0.0909090909090909
"Mandrillus sphinx" 3 24 425 -0.0851717257683464 0.932124868450711 0.108235294117647
"Mandrillus sphinx" 3 27 422 0.348227277845615 0.727669503512637 0.12085308056872
"Mandrillus sphinx" 3 30 420 0.475746179344414 0.634255217237817 0.130952380952381
"Mandrillus sphinx" 3 33 415 0.354253621887183 0.723148821247966 0.146987951807229
"Mandrillus sphinx" 3 36 412 0.213475688476712 0.830955949858312 0.150485436893204
"Mandrillus sphinx" 3 39 409 -0.434755967827462 0.663739569015615 0.161369193154034
"Mandrillus sphinx" 3 42 407 -0.8310906554417 0.405922418250618 0.162162162162162
"Mandrillus sphinx" 3 45 402 -0.588933835549794 0.555905659024711 0.159203980099502
"Mandrillus sphinx" 3 48 397 -0.896220501658187 0.370135008127395 0.16624685138539
"Mandrillus sphinx" 3 51 388 -1.35840435969174 0.174335411660103 0.172680412371134
"Mandrillus sphinx" 3 54 381 -1.12965806266557 0.258620334828704 0.175853018372703
"Mandrillus sphinx" 3 57 370 -1.30466317335497 0.192007566632817 0.181081081081081
"Mandrillus sphinx" 3 60 361 -1.05630253227341 0.290830019430187 0.185595567867036
"Mandrillus sphinx" 3 63 349 -1.24956254998557 0.211459390716889 0.194842406876791
"Mandrillus sphinx" 3 66 320 -1.10407190183136 0.269561948776292 0.2125
"Mandrillus sphinx" 3 69 283 -1.10752502809608 0.268066997492976 0.250883392226148
"Mandrillus sphinx" 3 72 249 -1.42361621644306 0.154557598951144 0.269076305220884
"Mandrillus sphinx" 3 75 218 NA NA 0.31651376146789
"Mandrillus sphinx" 3 78 209 NA NA 0.330143540669856
"Mandrillus sphinx" 3 81 176 NA NA 0.318181818181818
"Mandrillus sphinx" 3 84 166 NA NA 0.337349397590361
"Mandrillus sphinx" 3 87 163 NA NA 0.343558282208589
"Mandrillus sphinx" 3 90 151 NA NA 0.370860927152318
"Mandrillus sphinx" 3 93 142 NA NA 0.394366197183099
"Mandrillus sphinx" 3 96 105 NA NA 0.40952380952381
"Mandrillus sphinx" 3 99 75 NA NA 0.253333333333333
"Mandrillus sphinx" 3 102 75 NA NA 0.253333333333333
"Mandrillus sphinx" 3 105 73 NA NA 0.246575342465753
"Mandrillus sphinx" 3 108 49 NA NA 0.142857142857143
"Mandrillus sphinx" 3 111 45 NA NA 0.133333333333333
"Mandrillus sphinx" 3 114 45 NA NA 0.133333333333333
"Mandrillus sphinx" 3 117 43 NA NA 0.13953488372093
"Mandrillus sphinx" 3 120 43 NA NA 0.13953488372093
"Mandrillus sphinx" 3 123 43 NA NA 0.13953488372093
"Mandrillus sphinx" 3 126 43 NA NA 0.13953488372093
"Mandrillus sphinx" 3 129 42 NA NA 0.142857142857143
"Mandrillus sphinx" 3 132 41 NA NA 0.146341463414634
"Mandrillus sphinx" 3 135 41 NA NA 0.146341463414634
"Mandrillus sphinx" 3 138 41 NA NA 0.146341463414634
"Mandrillus sphinx" 3 141 40 NA NA 0.125
"Mandrillus sphinx" 3 144 40 NA NA 0.125
"Mandrillus sphinx" 3 147 40 NA NA 0.125
"Mandrillus sphinx" 3 150 40 NA NA 0.125
"Mandrillus sphinx" 3 153 40 NA NA 0.125
"Mandrillus sphinx" 3 156 39 NA NA 0.128205128205128
"Mandrillus sphinx" 3 159 39 NA NA 0.128205128205128
"Mandrillus sphinx" 3 162 39 NA NA 0.128205128205128
"Mandrillus sphinx" 3 165 39 NA NA 0.128205128205128
"Mandrillus sphinx" 3 168 39 NA NA 0.128205128205128
"Mandrillus sphinx" 3 171 39 NA NA 0.128205128205128
"Mandrillus sphinx" 3 174 38 NA NA 0.131578947368421
"Mandrillus sphinx" 3 177 37 NA NA 0.135135135135135
"Mandrillus sphinx" 3 180 37 NA NA 0.135135135135135
"Mandrillus sphinx" 3 183 37 NA NA 0.135135135135135
"Mandrillus sphinx" 3 186 35 NA NA 0.142857142857143
"Mandrillus sphinx" 3 189 34 NA NA 0.147058823529412
"Mandrillus sphinx" 3 192 33 NA NA 0.121212121212121
"Mandrillus sphinx" 3 195 33 NA NA 0.121212121212121
"Mandrillus sphinx" 3 198 33 NA NA 0.121212121212121
"Mandrillus sphinx" 4 8 447 1.40676277097515 0.159497745407758 0.0313199105145414
"Mandrillus sphinx" 4 12 439 0.414551954007594 0.678469926532304 0.0569476082004556
"Mandrillus sphinx" 4 16 435 0.17935580520033 0.857658330965795 0.0735632183908046
"Mandrillus sphinx" 4 20 430 0.377549018580052 0.705765643378232 0.0837209302325581
"Mandrillus sphinx" 4 24 425 -0.0632125288836475 0.949597268126873 0.108235294117647
"Mandrillus sphinx" 4 28 422 0.439593985899775 0.660231197318243 0.123222748815166
"Mandrillus sphinx" 4 32 419 0.327242626974163 0.743484382464878 0.145584725536993
"Mandrillus sphinx" 4 36 412 0.25218713495772 0.800896421599686 0.150485436893204
"Mandrillus sphinx" 4 40 408 -0.555325205099273 0.578672241677381 0.159313725490196
"Mandrillus sphinx" 4 44 403 -0.567059706590344 0.570673617264682 0.158808933002481
"Mandrillus sphinx" 4 48 397 -0.845236207686963 0.397978970203646 0.16624685138539
"Mandrillus sphinx" 4 52 386 -1.39356685863934 0.163448442220636 0.16839378238342
"Mandrillus sphinx" 4 56 373 -1.25069616411307 0.21104535049492 0.179624664879357
"Mandrillus sphinx" 4 60 361 -1.02062328257383 0.30743295428163 0.185595567867036
"Mandrillus sphinx" 4 64 341 -1.12224618467493 0.261757780583818 0.19941348973607
"Mandrillus sphinx" 4 68 296 -1.12837303687193 0.259162409997934 0.243243243243243
"Mandrillus sphinx" 4 72 249 -1.29715966406293 0.194576256086545 0.269076305220884
"Mandrillus sphinx" 4 76 216 NA NA 0.328703703703704
"Mandrillus sphinx" 4 80 180 NA NA 0.311111111111111
"Mandrillus sphinx" 4 84 166 NA NA 0.337349397590361
"Mandrillus sphinx" 4 88 158 NA NA 0.354430379746835
"Mandrillus sphinx" 4 92 146 NA NA 0.383561643835616
"Mandrillus sphinx" 4 96 105 NA NA 0.40952380952381
"Mandrillus sphinx" 4 100 75 NA NA 0.253333333333333
"Mandrillus sphinx" 4 104 75 NA NA 0.253333333333333
"Mandrillus sphinx" 4 108 49 NA NA 0.142857142857143
"Mandrillus sphinx" 4 112 45 NA NA 0.133333333333333
"Mandrillus sphinx" 4 116 44 NA NA 0.136363636363636
"Mandrillus sphinx" 4 120 43 NA NA 0.13953488372093
"Mandrillus sphinx" 4 124 43 NA NA 0.13953488372093
"Mandrillus sphinx" 4 128 42 NA NA 0.142857142857143
"Mandrillus sphinx" 4 132 41 NA NA 0.146341463414634
"Mandrillus sphinx" 4 136 41 NA NA 0.146341463414634
"Mandrillus sphinx" 4 140 40 NA NA 0.125
"Mandrillus sphinx" 4 144 40 NA NA 0.125
"Mandrillus sphinx" 4 148 40 NA NA 0.125
"Mandrillus sphinx" 4 152 40 NA NA 0.125
"Mandrillus sphinx" 4 156 39 NA NA 0.128205128205128
"Mandrillus sphinx" 4 160 39 NA NA 0.128205128205128
"Mandrillus sphinx" 4 164 39 NA NA 0.128205128205128
"Mandrillus sphinx" 4 168 39 NA NA 0.128205128205128
"Mandrillus sphinx" 4 172 39 NA NA 0.128205128205128
"Mandrillus sphinx" 4 176 37 NA NA 0.135135135135135
"Mandrillus sphinx" 4 180 37 NA NA 0.135135135135135
"Mandrillus sphinx" 4 184 36 NA NA 0.138888888888889
"Mandrillus sphinx" 4 188 34 NA NA 0.147058823529412
"Mandrillus sphinx" 4 192 33 NA NA 0.121212121212121
"Mandrillus sphinx" 4 196 33 NA NA 0.121212121212121
"Mandrillus sphinx" 4 200 33 NA NA 0.121212121212121
"Mandrillus sphinx" 5 10 445 1.38303910323308 0.166652876260743 0.0426966292134831
"Mandrillus sphinx" 5 15 436 0.27572207301621 0.782761540739971 0.0688073394495413
"Mandrillus sphinx" 5 20 430 0.472240564304074 0.636755088842183 0.0837209302325581
"Mandrillus sphinx" 5 25 423 0.0972209552364797 0.922550927000729 0.113475177304965
"Mandrillus sphinx" 5 30 420 0.618275261106216 0.536393906475246 0.130952380952381
"Mandrillus sphinx" 5 35 413 0.348971140975664 0.727110975387482 0.150121065375303
"Mandrillus sphinx" 5 40 408 -0.429741764945722 0.667383498821259 0.159313725490196
"Mandrillus sphinx" 5 45 402 -0.406155786566536 0.68462813806594 0.159203980099502
"Mandrillus sphinx" 5 50 391 -0.757147086760559 0.448961746724702 0.168797953964194
"Mandrillus sphinx" 5 55 376 -0.89958025394264 0.368343669354031 0.175531914893617
"Mandrillus sphinx" 5 60 361 -0.82557005104123 0.409048029953212 0.185595567867036
"Mandrillus sphinx" 5 65 327 -0.777024931768009 0.437144061069847 0.207951070336391
"Mandrillus sphinx" 5 70 272 -0.76640837315785 0.443433352205723 0.261029411764706
"Mandrillus sphinx" 5 75 218 NA NA 0.31651376146789
"Mandrillus sphinx" 5 80 180 NA NA 0.311111111111111
"Mandrillus sphinx" 5 85 166 NA NA 0.337349397590361
"Mandrillus sphinx" 5 90 151 NA NA 0.370860927152318
"Mandrillus sphinx" 5 95 127 NA NA 0.409448818897638
"Mandrillus sphinx" 5 100 75 NA NA 0.253333333333333
"Mandrillus sphinx" 5 105 73 NA NA 0.246575342465753
"Mandrillus sphinx" 5 110 47 NA NA 0.127659574468085
"Mandrillus sphinx" 5 115 44 NA NA 0.136363636363636
"Mandrillus sphinx" 5 120 43 NA NA 0.13953488372093
"Mandrillus sphinx" 5 125 43 NA NA 0.13953488372093
"Mandrillus sphinx" 5 130 41 NA NA 0.146341463414634
"Mandrillus sphinx" 5 135 41 NA NA 0.146341463414634
"Mandrillus sphinx" 5 140 40 NA NA 0.125
"Mandrillus sphinx" 5 145 40 NA NA 0.125
"Mandrillus sphinx" 5 150 40 NA NA 0.125
"Mandrillus sphinx" 5 155 39 NA NA 0.128205128205128
"Mandrillus sphinx" 5 160 39 NA NA 0.128205128205128
"Mandrillus sphinx" 5 165 39 NA NA 0.128205128205128
"Mandrillus sphinx" 5 170 39 NA NA 0.128205128205128
"Mandrillus sphinx" 5 175 37 NA NA 0.135135135135135
"Mandrillus sphinx" 5 180 37 NA NA 0.135135135135135
"Mandrillus sphinx" 5 185 35 NA NA 0.142857142857143
"Mandrillus sphinx" 5 190 34 NA NA 0.147058823529412
"Mandrillus sphinx" 5 195 33 NA NA 0.121212121212121
"Mandrillus sphinx" 5 200 33 NA NA 0.121212121212121
"Mandrillus sphinx" 6 12 439 0.490526678426406 0.623761256253393 0.0569476082004556
"Mandrillus sphinx" 6 18 434 0.39409350216343 0.693512008157547 0.076036866359447
"Mandrillus sphinx" 6 24 425 0.0128914103770207 0.989714427584566 0.108235294117647
"Mandrillus sphinx" 6 30 420 0.54766158001187 0.583924297495221 0.130952380952381
"Mandrillus sphinx" 6 36 412 0.234455923418733 0.814631047611736 0.150485436893204
"Mandrillus sphinx" 6 42 407 -0.760464378671809 0.446977053920579 0.162162162162162
"Mandrillus sphinx" 6 48 397 -0.844904513051301 0.398164154488317 0.16624685138539
"Mandrillus sphinx" 6 54 381 -1.07764292405285 0.281193138732503 0.175853018372703
"Mandrillus sphinx" 6 60 361 -0.984970726963672 0.324638450087255 0.185595567867036
"Mandrillus sphinx" 6 66 320 -0.885460036329838 0.375908564573121 0.2125
"Mandrillus sphinx" 6 72 249 -1.10000687460199 0.271329126610073 0.269076305220884
"Mandrillus sphinx" 6 78 209 NA NA 0.330143540669856
"Mandrillus sphinx" 6 84 166 NA NA 0.337349397590361
"Mandrillus sphinx" 6 90 151 NA NA 0.370860927152318
"Mandrillus sphinx" 6 96 105 NA NA 0.40952380952381
"Mandrillus sphinx" 6 102 75 NA NA 0.253333333333333
"Mandrillus sphinx" 6 108 49 NA NA 0.142857142857143
"Mandrillus sphinx" 6 114 45 NA NA 0.133333333333333
"Mandrillus sphinx" 6 120 43 NA NA 0.13953488372093
"Mandrillus sphinx" 6 126 43 NA NA 0.13953488372093
"Mandrillus sphinx" 6 132 41 NA NA 0.146341463414634
"Mandrillus sphinx" 6 138 41 NA NA 0.146341463414634
"Mandrillus sphinx" 6 144 40 NA NA 0.125
"Mandrillus sphinx" 6 150 40 NA NA 0.125
"Mandrillus sphinx" 6 156 39 NA NA 0.128205128205128
"Mandrillus sphinx" 6 162 39 NA NA 0.128205128205128
"Mandrillus sphinx" 6 168 39 NA NA 0.128205128205128
"Mandrillus sphinx" 6 174 38 NA NA 0.131578947368421
"Mandrillus sphinx" 6 180 37 NA NA 0.135135135135135
"Mandrillus sphinx" 6 186 35 NA NA 0.142857142857143
"Mandrillus sphinx" 6 192 33 NA NA 0.121212121212121
"Mandrillus sphinx" 6 198 33 NA NA 0.121212121212121
"Mandrillus sphinx" 7 14 436 0.203568838551331 0.838690446435188 0.0642201834862385
"Mandrillus sphinx" 7 21 429 0.0702432393410831 0.944000059280678 0.0909090909090909
"Mandrillus sphinx" 7 28 422 0.670602754448558 0.502473627334049 0.123222748815166
"Mandrillus sphinx" 7 35 413 0.423455148088131 0.671963215997427 0.150121065375303
"Mandrillus sphinx" 7 42 407 -0.57480653538003 0.565422146312276 0.162162162162162
"Mandrillus sphinx" 7 49 395 -0.403892097292256 0.686292067903662 0.167088607594937
"Mandrillus sphinx" 7 56 373 -1.06923346735036 0.284964481789519 0.179624664879357
"Mandrillus sphinx" 7 63 349 -0.96412171142173 0.334984908730968 0.194842406876791
"Mandrillus sphinx" 7 70 272 -0.802342306312203 0.422354976397628 0.261029411764706
"Mandrillus sphinx" 7 77 211 NA NA 0.33175355450237
"Mandrillus sphinx" 7 84 166 NA NA 0.337349397590361
"Mandrillus sphinx" 7 91 150 NA NA 0.38
"Mandrillus sphinx" 7 98 75 NA NA 0.253333333333333
"Mandrillus sphinx" 7 105 73 NA NA 0.246575342465753
"Mandrillus sphinx" 7 112 45 NA NA 0.133333333333333
"Mandrillus sphinx" 7 119 43 NA NA 0.13953488372093
"Mandrillus sphinx" 7 126 43 NA NA 0.13953488372093
"Mandrillus sphinx" 7 133 41 NA NA 0.146341463414634
"Mandrillus sphinx" 7 140 40 NA NA 0.125
"Mandrillus sphinx" 7 147 40 NA NA 0.125
"Mandrillus sphinx" 7 154 39 NA NA 0.128205128205128
"Mandrillus sphinx" 7 161 39 NA NA 0.128205128205128
"Mandrillus sphinx" 7 168 39 NA NA 0.128205128205128
"Mandrillus sphinx" 7 175 37 NA NA 0.135135135135135
"Mandrillus sphinx" 7 182 37 NA NA 0.135135135135135
"Mandrillus sphinx" 7 189 34 NA NA 0.147058823529412
"Mandrillus sphinx" 7 196 33 NA NA 0.121212121212121
"Mandrillus sphinx" 8 16 435 0.359661463068791 0.71910031408462 0.0735632183908046
"Mandrillus sphinx" 8 24 425 0.163056091426638 0.870474270998843 0.108235294117647
"Mandrillus sphinx" 8 32 419 0.553060446389569 0.580222019962055 0.145584725536993
"Mandrillus sphinx" 8 40 408 -0.252093498658148 0.800968795041157 0.159313725490196
"Mandrillus sphinx" 8 48 397 -0.587364315371657 0.556959054640784 0.16624685138539
"Mandrillus sphinx" 8 56 373 -0.970527757123313 0.331783496124201 0.179624664879357
"Mandrillus sphinx" 8 64 341 -0.787336104846123 0.431085139544017 0.19941348973607
"Mandrillus sphinx" 8 72 249 -0.910130402943265 0.362753742470473 0.269076305220884
"Mandrillus sphinx" 8 80 180 NA NA 0.311111111111111
"Mandrillus sphinx" 8 88 158 NA NA 0.354430379746835
"Mandrillus sphinx" 8 96 105 NA NA 0.40952380952381
"Mandrillus sphinx" 8 104 75 NA NA 0.253333333333333
"Mandrillus sphinx" 8 112 45 NA NA 0.133333333333333
"Mandrillus sphinx" 8 120 43 NA NA 0.13953488372093
"Mandrillus sphinx" 8 128 42 NA NA 0.142857142857143
"Mandrillus sphinx" 8 136 41 NA NA 0.146341463414634
"Mandrillus sphinx" 8 144 40 NA NA 0.125
"Mandrillus sphinx" 8 152 40 NA NA 0.125
"Mandrillus sphinx" 8 160 39 NA NA 0.128205128205128
"Mandrillus sphinx" 8 168 39 NA NA 0.128205128205128
"Mandrillus sphinx" 8 176 37 NA NA 0.135135135135135
"Mandrillus sphinx" 8 184 36 NA NA 0.138888888888889
"Mandrillus sphinx" 8 192 33 NA NA 0.121212121212121
"Mandrillus sphinx" 8 200 33 NA NA 0.121212121212121
"Mandrillus sphinx" 9 18 434 0.543801465524948 0.586578100233083 0.076036866359447
"Mandrillus sphinx" 9 27 422 0.608172359766631 0.543073164564215 0.12085308056872
"Mandrillus sphinx" 9 36 412 0.405768989259181 0.68491234616533 0.150485436893204
"Mandrillus sphinx" 9 45 402 -0.327316584373039 0.743428450171436 0.159203980099502
"Mandrillus sphinx" 9 54 381 -0.846331412267101 0.39736788893321 0.175853018372703
"Mandrillus sphinx" 9 63 349 -0.830901307289146 0.406029385091046 0.194842406876791
"Mandrillus sphinx" 9 72 249 -0.942073314839397 0.346155105611683 0.269076305220884
"Mandrillus sphinx" 9 81 176 NA NA 0.318181818181818
"Mandrillus sphinx" 9 90 151 NA NA 0.370860927152318
"Mandrillus sphinx" 9 99 75 NA NA 0.253333333333333
"Mandrillus sphinx" 9 108 49 NA NA 0.142857142857143
"Mandrillus sphinx" 9 117 43 NA NA 0.13953488372093
"Mandrillus sphinx" 9 126 43 NA NA 0.13953488372093
"Mandrillus sphinx" 9 135 41 NA NA 0.146341463414634
"Mandrillus sphinx" 9 144 40 NA NA 0.125
"Mandrillus sphinx" 9 153 40 NA NA 0.125
"Mandrillus sphinx" 9 162 39 NA NA 0.128205128205128
"Mandrillus sphinx" 9 171 39 NA NA 0.128205128205128
"Mandrillus sphinx" 9 180 37 NA NA 0.135135135135135
"Mandrillus sphinx" 9 189 34 NA NA 0.147058823529412
"Mandrillus sphinx" 9 198 33 NA NA 0.121212121212121
"Mandrillus sphinx" 10 20 430 0.652737229287574 0.513925696980179 0.0837209302325581
"Mandrillus sphinx" 10 30 420 0.81929231877008 0.412619653976943 0.130952380952381
"Mandrillus sphinx" 10 40 408 -0.215207349926986 0.829605660771035 0.159313725490196
"Mandrillus sphinx" 10 50 391 -0.563215627398355 0.573288062765134 0.168797953964194
"Mandrillus sphinx" 10 60 361 -0.610841873283863 0.541304269223054 0.185595567867036
"Mandrillus sphinx" 10 70 272 -0.530720345937496 0.59561258479055 0.261029411764706
"Mandrillus sphinx" 10 80 180 NA NA 0.311111111111111
"Mandrillus sphinx" 10 90 151 NA NA 0.370860927152318
"Mandrillus sphinx" 10 100 75 NA NA 0.253333333333333
"Mandrillus sphinx" 10 110 47 NA NA 0.127659574468085
"Mandrillus sphinx" 10 120 43 NA NA 0.13953488372093
"Mandrillus sphinx" 10 130 41 NA NA 0.146341463414634
"Mandrillus sphinx" 10 140 40 NA NA 0.125
"Mandrillus sphinx" 10 150 40 NA NA 0.125
"Mandrillus sphinx" 10 160 39 NA NA 0.128205128205128
"Mandrillus sphinx" 10 170 39 NA NA 0.128205128205128
"Mandrillus sphinx" 10 180 37 NA NA 0.135135135135135
"Mandrillus sphinx" 10 190 34 NA NA 0.147058823529412
"Mandrillus sphinx" 10 200 33 NA NA 0.121212121212121
"Mandrillus sphinx" 11 22 427 -0.182933961921022 0.854849834759206 0.100702576112412
"Mandrillus sphinx" 11 33 415 0.571273958799252 0.56781395116632 0.146987951807229
"Mandrillus sphinx" 11 44 403 -0.320450841796329 0.748626589610357 0.158808933002481
"Mandrillus sphinx" 11 55 376 -0.670589303026742 0.502482198844298 0.175531914893617
"Mandrillus sphinx" 11 66 320 -0.509746008043842 0.610229415957541 0.2125
"Mandrillus sphinx" 11 77 211 NA NA 0.33175355450237
"Mandrillus sphinx" 11 88 158 NA NA 0.354430379746835
"Mandrillus sphinx" 11 99 75 NA NA 0.253333333333333
"Mandrillus sphinx" 11 110 47 NA NA 0.127659574468085
"Mandrillus sphinx" 11 121 43 NA NA 0.13953488372093
"Mandrillus sphinx" 11 132 41 NA NA 0.146341463414634
"Mandrillus sphinx" 11 143 40 NA NA 0.125
"Mandrillus sphinx" 11 154 39 NA NA 0.128205128205128
"Mandrillus sphinx" 11 165 39 NA NA 0.128205128205128
"Mandrillus sphinx" 11 176 37 NA NA 0.135135135135135
"Mandrillus sphinx" 11 187 34 NA NA 0.147058823529412
"Mandrillus sphinx" 11 198 33 NA NA 0.121212121212121
"Mandrillus sphinx" 12 24 425 0.207612106405112 0.835531850787588 0.108235294117647
"Mandrillus sphinx" 12 36 412 0.455470831741816 0.648770547292306 0.150485436893204
"Mandrillus sphinx" 12 48 397 -0.546475485309587 0.584739134454359 0.16624685138539
"Mandrillus sphinx" 12 60 361 -0.639438972384962 0.522537402668894 0.185595567867036
"Mandrillus sphinx" 12 72 249 -0.759880159392306 0.447326222238765 0.269076305220884
"Mandrillus sphinx" 12 84 166 NA NA 0.337349397590361
"Mandrillus sphinx" 12 96 105 NA NA 0.40952380952381
"Mandrillus sphinx" 12 108 49 NA NA 0.142857142857143
"Mandrillus sphinx" 12 120 43 NA NA 0.13953488372093
"Mandrillus sphinx" 12 132 41 NA NA 0.146341463414634
"Mandrillus sphinx" 12 144 40 NA NA 0.125
"Mandrillus sphinx" 12 156 39 NA NA 0.128205128205128
"Mandrillus sphinx" 12 168 39 NA NA 0.128205128205128
"Mandrillus sphinx" 12 180 37 NA NA 0.135135135135135
"Mandrillus sphinx" 12 192 33 NA NA 0.121212121212121
"Mandrillus sphinx" 13 26 422 0.296876135009031 0.76656107671781 0.116113744075829
"Mandrillus sphinx" 13 39 409 -0.235505003772869 0.813816795611201 0.161369193154034
"Mandrillus sphinx" 13 52 386 -1.16050225267721 0.245844377119024 0.16839378238342
"Mandrillus sphinx" 13 65 327 -0.606119637751723 0.544435311561109 0.207951070336391
"Mandrillus sphinx" 13 78 209 NA NA 0.330143540669856
"Mandrillus sphinx" 13 91 150 NA NA 0.38
"Mandrillus sphinx" 13 104 75 NA NA 0.253333333333333
"Mandrillus sphinx" 13 117 43 NA NA 0.13953488372093
"Mandrillus sphinx" 13 130 41 NA NA 0.146341463414634
"Mandrillus sphinx" 13 143 40 NA NA 0.125
"Mandrillus sphinx" 13 156 39 NA NA 0.128205128205128
"Mandrillus sphinx" 13 169 39 NA NA 0.128205128205128
"Mandrillus sphinx" 13 182 37 NA NA 0.135135135135135
"Mandrillus sphinx" 13 195 33 NA NA 0.121212121212121
"Mandrillus sphinx" 14 28 422 0.691466053472147 0.489272706586621 0.123222748815166
"Mandrillus sphinx" 14 42 407 -0.546433201951557 0.584768192518905 0.162162162162162
"Mandrillus sphinx" 14 56 373 -0.902961906099804 0.366546112980987 0.179624664879357
"Mandrillus sphinx" 14 70 272 -0.492452412706393 0.622399554941434 0.261029411764706
"Mandrillus sphinx" 14 84 166 NA NA 0.337349397590361
"Mandrillus sphinx" 14 98 75 NA NA 0.253333333333333
"Mandrillus sphinx" 14 112 45 NA NA 0.133333333333333
"Mandrillus sphinx" 14 126 43 NA NA 0.13953488372093
"Mandrillus sphinx" 14 140 40 NA NA 0.125
"Mandrillus sphinx" 14 154 39 NA NA 0.128205128205128
"Mandrillus sphinx" 14 168 39 NA NA 0.128205128205128
"Mandrillus sphinx" 14 182 37 NA NA 0.135135135135135
"Mandrillus sphinx" 14 196 33 NA NA 0.121212121212121
"Mandrillus sphinx" 15 30 420 0.680088525276539 0.496448409644885 0.130952380952381
"Mandrillus sphinx" 15 45 402 -0.231979487429563 0.816553945917474 0.159203980099502
"Mandrillus sphinx" 15 60 361 -0.667231776650353 0.504624096600468 0.185595567867036
"Mandrillus sphinx" 15 75 218 NA NA 0.31651376146789
"Mandrillus sphinx" 15 90 151 NA NA 0.370860927152318
"Mandrillus sphinx" 15 105 73 NA NA 0.246575342465753
"Mandrillus sphinx" 15 120 43 NA NA 0.13953488372093
"Mandrillus sphinx" 15 135 41 NA NA 0.146341463414634
"Mandrillus sphinx" 15 150 40 NA NA 0.125
"Mandrillus sphinx" 15 165 39 NA NA 0.128205128205128
"Mandrillus sphinx" 15 180 37 NA NA 0.135135135135135
"Mandrillus sphinx" 15 195 33 NA NA 0.121212121212121
"Mandrillus sphinx" 16 32 419 0.619842136689222 0.535361724163697 0.145584725536993
"Mandrillus sphinx" 16 48 397 -0.325413117635231 0.744868428878826 0.16624685138539
"Mandrillus sphinx" 16 64 341 -0.448221770873778 0.653993152137283 0.19941348973607
"Mandrillus sphinx" 16 80 180 NA NA 0.311111111111111
"Mandrillus sphinx" 16 96 105 NA NA 0.40952380952381
"Mandrillus sphinx" 16 112 45 NA NA 0.133333333333333
"Mandrillus sphinx" 16 128 42 NA NA 0.142857142857143
"Mandrillus sphinx" 16 144 40 NA NA 0.125
"Mandrillus sphinx" 16 160 39 NA NA 0.128205128205128
"Mandrillus sphinx" 16 176 37 NA NA 0.135135135135135
"Mandrillus sphinx" 16 192 33 NA NA 0.121212121212121
"Mandrillus sphinx" 17 34 415 0.728598084017031 0.46624755086185 0.146987951807229
"Mandrillus sphinx" 17 51 388 -0.805533328191519 0.420511981898151 0.172680412371134
"Mandrillus sphinx" 17 68 296 -0.442626521206454 0.658035898407277 0.243243243243243
"Mandrillus sphinx" 17 85 166 NA NA 0.337349397590361
"Mandrillus sphinx" 17 102 75 NA NA 0.253333333333333
"Mandrillus sphinx" 17 119 43 NA NA 0.13953488372093
"Mandrillus sphinx" 17 136 41 NA NA 0.146341463414634
"Mandrillus sphinx" 17 153 40 NA NA 0.125
"Mandrillus sphinx" 17 170 39 NA NA 0.128205128205128
"Mandrillus sphinx" 17 187 34 NA NA 0.147058823529412
"Mandrillus sphinx" 18 36 412 0.562854641842844 0.573533868691494 0.150485436893204
"Mandrillus sphinx" 18 54 381 -0.553509099770703 0.579914851224161 0.175853018372703
"Mandrillus sphinx" 18 72 249 -0.498240609290774 0.618314462803445 0.269076305220884
"Mandrillus sphinx" 18 90 151 NA NA 0.370860927152318
"Mandrillus sphinx" 18 108 49 NA NA 0.142857142857143
"Mandrillus sphinx" 18 126 43 NA NA 0.13953488372093
"Mandrillus sphinx" 18 144 40 NA NA 0.125
"Mandrillus sphinx" 18 162 39 NA NA 0.128205128205128
"Mandrillus sphinx" 18 180 37 NA NA 0.135135135135135
"Mandrillus sphinx" 18 198 33 NA NA 0.121212121212121
"Mandrillus sphinx" 19 38 410 -0.00933199850385863 0.992554250542825 0.160975609756098
"Mandrillus sphinx" 19 57 370 -0.752259869444116 0.451894796130455 0.181081081081081
"Mandrillus sphinx" 19 76 216 NA NA 0.328703703703704
"Mandrillus sphinx" 19 95 127 NA NA 0.409448818897638
"Mandrillus sphinx" 19 114 45 NA NA 0.133333333333333
"Mandrillus sphinx" 19 133 41 NA NA 0.146341463414634
"Mandrillus sphinx" 19 152 40 NA NA 0.125
"Mandrillus sphinx" 19 171 39 NA NA 0.128205128205128
"Mandrillus sphinx" 19 190 34 NA NA 0.147058823529412
"Mandrillus sphinx" 20 40 408 -0.129810031779498 0.896716725862756 0.159313725490196
"Mandrillus sphinx" 20 60 361 -0.488925901967748 0.624894157077956 0.185595567867036
"Mandrillus sphinx" 20 80 180 NA NA 0.311111111111111
"Mandrillus sphinx" 20 100 75 NA NA 0.253333333333333
"Mandrillus sphinx" 20 120 43 NA NA 0.13953488372093
"Mandrillus sphinx" 20 140 40 NA NA 0.125
"Mandrillus sphinx" 20 160 39 NA NA 0.128205128205128
"Mandrillus sphinx" 20 180 37 NA NA 0.135135135135135
"Mandrillus sphinx" 20 200 33 NA NA 0.121212121212121
"Mandrillus sphinx" 21 42 407 -0.443050626141603 0.657729116666292 0.162162162162162
"Mandrillus sphinx" 21 63 349 -0.595384625288848 0.551586400248874 0.194842406876791
"Mandrillus sphinx" 21 84 166 NA NA 0.337349397590361
"Mandrillus sphinx" 21 105 73 NA NA 0.246575342465753
"Mandrillus sphinx" 21 126 43 NA NA 0.13953488372093
"Mandrillus sphinx" 21 147 40 NA NA 0.125
"Mandrillus sphinx" 21 168 39 NA NA 0.128205128205128
"Mandrillus sphinx" 21 189 34 NA NA 0.147058823529412
"Mandrillus sphinx" 22 44 403 -0.248307403186626 0.803896571432515 0.158808933002481
"Mandrillus sphinx" 22 66 320 -0.378582846711939 0.704997661982166 0.2125
"Mandrillus sphinx" 22 88 158 NA NA 0.354430379746835
"Mandrillus sphinx" 22 110 47 NA NA 0.127659574468085
"Mandrillus sphinx" 22 132 41 NA NA 0.146341463414634
"Mandrillus sphinx" 22 154 39 NA NA 0.128205128205128
"Mandrillus sphinx" 22 176 37 NA NA 0.135135135135135
"Mandrillus sphinx" 22 198 33 NA NA 0.121212121212121
"Mandrillus sphinx" 23 46 401 -0.190928055039214 0.848581959735962 0.162094763092269
"Mandrillus sphinx" 23 69 283 -0.381094848275773 0.703132869982616 0.250883392226148
"Mandrillus sphinx" 23 92 146 NA NA 0.383561643835616
"Mandrillus sphinx" 23 115 44 NA NA 0.136363636363636
"Mandrillus sphinx" 23 138 41 NA NA 0.146341463414634
"Mandrillus sphinx" 23 161 39 NA NA 0.128205128205128
"Mandrillus sphinx" 23 184 36 NA NA 0.138888888888889
"Mandrillus sphinx" 24 48 397 -0.247043234214022 0.804874764733461 0.16624685138539
"Mandrillus sphinx" 24 72 249 -0.458776591309521 0.646394606424128 0.269076305220884
"Mandrillus sphinx" 24 96 105 NA NA 0.40952380952381
"Mandrillus sphinx" 24 120 43 NA NA 0.13953488372093
"Mandrillus sphinx" 24 144 40 NA NA 0.125
"Mandrillus sphinx" 24 168 39 NA NA 0.128205128205128
"Mandrillus sphinx" 24 192 33 NA NA 0.121212121212121
"Mandrillus sphinx" 25 50 391 -0.340252917376109 0.733666070537032 0.168797953964194
"Mandrillus sphinx" 25 75 218 NA NA 0.31651376146789
"Mandrillus sphinx" 25 100 75 NA NA 0.253333333333333
"Mandrillus sphinx" 25 125 43 NA NA 0.13953488372093
"Mandrillus sphinx" 25 150 40 NA NA 0.125
"Mandrillus sphinx" 25 175 37 NA NA 0.135135135135135
"Mandrillus sphinx" 25 200 33 NA NA 0.121212121212121
"Mandrillus sphinx" 26 52 386 -0.915130979302587 0.360122873334069 0.16839378238342
"Mandrillus sphinx" 26 78 209 NA NA 0.330143540669856
"Mandrillus sphinx" 26 104 75 NA NA 0.253333333333333
"Mandrillus sphinx" 26 130 41 NA NA 0.146341463414634
"Mandrillus sphinx" 26 156 39 NA NA 0.128205128205128
"Mandrillus sphinx" 26 182 37 NA NA 0.135135135135135
"Mandrillus sphinx" 27 54 381 -0.488786223269556 0.624993052534123 0.175853018372703
"Mandrillus sphinx" 27 81 176 NA NA 0.318181818181818
"Mandrillus sphinx" 27 108 49 NA NA 0.142857142857143
"Mandrillus sphinx" 27 135 41 NA NA 0.146341463414634
"Mandrillus sphinx" 27 162 39 NA NA 0.128205128205128
"Mandrillus sphinx" 27 189 34 NA NA 0.147058823529412
"Mandrillus sphinx" 28 56 373 -0.493449842292161 0.621694772075008 0.179624664879357
"Mandrillus sphinx" 28 84 166 NA NA 0.337349397590361
"Mandrillus sphinx" 28 112 45 NA NA 0.133333333333333
"Mandrillus sphinx" 28 140 40 NA NA 0.125
"Mandrillus sphinx" 28 168 39 NA NA 0.128205128205128
"Mandrillus sphinx" 28 196 33 NA NA 0.121212121212121
"Mandrillus sphinx" 29 58 366 -0.506939400093514 0.612197339348719 0.183060109289617
"Mandrillus sphinx" 29 87 163 NA NA 0.343558282208589
"Mandrillus sphinx" 29 116 44 NA NA 0.136363636363636
"Mandrillus sphinx" 29 145 40 NA NA 0.125
"Mandrillus sphinx" 29 174 38 NA NA 0.131578947368421
"Mandrillus sphinx" 30 60 361 -0.0846373292513745 0.932549721078525 0.185595567867036
"Mandrillus sphinx" 30 90 151 NA NA 0.370860927152318
"Mandrillus sphinx" 30 120 43 NA NA 0.13953488372093
"Mandrillus sphinx" 30 150 40 NA NA 0.125
"Mandrillus sphinx" 30 180 37 NA NA 0.135135135135135
"Mandrillus sphinx" 31 62 351 -0.0777759522508757 0.938006275815116 0.188034188034188
"Mandrillus sphinx" 31 93 142 NA NA 0.394366197183099
"Mandrillus sphinx" 31 124 43 NA NA 0.13953488372093
"Mandrillus sphinx" 31 155 39 NA NA 0.128205128205128
"Mandrillus sphinx" 31 186 35 NA NA 0.142857142857143
"Mandrillus sphinx" 32 64 341 -0.0705678067129565 0.943741733034482 0.19941348973607
"Mandrillus sphinx" 32 96 105 NA NA 0.40952380952381
"Mandrillus sphinx" 32 128 42 NA NA 0.142857142857143
"Mandrillus sphinx" 32 160 39 NA NA 0.128205128205128
"Mandrillus sphinx" 32 192 33 NA NA 0.121212121212121
"Mandrillus sphinx" 33 66 320 -0.0280570303182824 0.977616665407707 0.2125
"Mandrillus sphinx" 33 99 75 NA NA 0.253333333333333
"Mandrillus sphinx" 33 132 41 NA NA 0.146341463414634
"Mandrillus sphinx" 33 165 39 NA NA 0.128205128205128
"Mandrillus sphinx" 33 198 33 NA NA 0.121212121212121
"Mandrillus sphinx" 34 68 296 -0.234983247256222 0.814221735961564 0.243243243243243
"Mandrillus sphinx" 34 102 75 NA NA 0.253333333333333
"Mandrillus sphinx" 34 136 41 NA NA 0.146341463414634
"Mandrillus sphinx" 34 170 39 NA NA 0.128205128205128
"Mandrillus sphinx" 35 70 272 -0.156731035218153 0.875456826780398 0.261029411764706
"Mandrillus sphinx" 35 105 73 NA NA 0.246575342465753
"Mandrillus sphinx" 35 140 40 NA NA 0.125
"Mandrillus sphinx" 35 175 37 NA NA 0.135135135135135
"Mandrillus sphinx" 36 72 249 -0.462831985698472 0.643484802339041 0.269076305220884
"Mandrillus sphinx" 36 108 49 NA NA 0.142857142857143
"Mandrillus sphinx" 36 144 40 NA NA 0.125
"Mandrillus sphinx" 36 180 37 NA NA 0.135135135135135
"Mandrillus sphinx" 37 74 225 NA NA 0.302222222222222
"Mandrillus sphinx" 37 111 45 NA NA 0.133333333333333
"Mandrillus sphinx" 37 148 40 NA NA 0.125
"Mandrillus sphinx" 37 185 35 NA NA 0.142857142857143
"Mandrillus sphinx" 38 76 216 NA NA 0.328703703703704
"Mandrillus sphinx" 38 114 45 NA NA 0.133333333333333
"Mandrillus sphinx" 38 152 40 NA NA 0.125
"Mandrillus sphinx" 38 190 34 NA NA 0.147058823529412
"Mandrillus sphinx" 39 78 209 NA NA 0.330143540669856
"Mandrillus sphinx" 39 117 43 NA NA 0.13953488372093
"Mandrillus sphinx" 39 156 39 NA NA 0.128205128205128
"Mandrillus sphinx" 39 195 33 NA NA 0.121212121212121
"Mandrillus sphinx" 40 80 180 NA NA 0.311111111111111
"Mandrillus sphinx" 40 120 43 NA NA 0.13953488372093
"Mandrillus sphinx" 40 160 39 NA NA 0.128205128205128
"Mandrillus sphinx" 40 200 33 NA NA 0.121212121212121
"Mandrillus sphinx" 41 82 170 NA NA 0.329411764705882
"Mandrillus sphinx" 41 123 43 NA NA 0.13953488372093
"Mandrillus sphinx" 41 164 39 NA NA 0.128205128205128
"Mandrillus sphinx" 42 84 166 NA NA 0.337349397590361
"Mandrillus sphinx" 42 126 43 NA NA 0.13953488372093
"Mandrillus sphinx" 42 168 39 NA NA 0.128205128205128
"Mandrillus sphinx" 43 86 165 NA NA 0.339393939393939
"Mandrillus sphinx" 43 129 42 NA NA 0.142857142857143
"Mandrillus sphinx" 43 172 39 NA NA 0.128205128205128
"Mandrillus sphinx" 44 88 158 NA NA 0.354430379746835
"Mandrillus sphinx" 44 132 41 NA NA 0.146341463414634
"Mandrillus sphinx" 44 176 37 NA NA 0.135135135135135
"Mandrillus sphinx" 45 90 151 NA NA 0.370860927152318
"Mandrillus sphinx" 45 135 41 NA NA 0.146341463414634
"Mandrillus sphinx" 45 180 37 NA NA 0.135135135135135
"Mandrillus sphinx" 46 92 146 NA NA 0.383561643835616
"Mandrillus sphinx" 46 138 41 NA NA 0.146341463414634
"Mandrillus sphinx" 46 184 36 NA NA 0.138888888888889
"Mandrillus sphinx" 47 94 142 NA NA 0.401408450704225
"Mandrillus sphinx" 47 141 40 NA NA 0.125
"Mandrillus sphinx" 47 188 34 NA NA 0.147058823529412
"Mandrillus sphinx" 48 96 105 NA NA 0.40952380952381
"Mandrillus sphinx" 48 144 40 NA NA 0.125
"Mandrillus sphinx" 48 192 33 NA NA 0.121212121212121
"Mandrillus sphinx" 49 98 75 NA NA 0.253333333333333
"Mandrillus sphinx" 49 147 40 NA NA 0.125
"Mandrillus sphinx" 49 196 33 NA NA 0.121212121212121
"Mandrillus sphinx" 50 100 75 NA NA 0.253333333333333
"Mandrillus sphinx" 50 150 40 NA NA 0.125
"Mandrillus sphinx" 50 200 33 NA NA 0.121212121212121
"Mandrillus sphinx" 51 102 75 NA NA 0.253333333333333
"Mandrillus sphinx" 51 153 40 NA NA 0.125
"Mandrillus sphinx" 52 104 75 NA NA 0.253333333333333
"Mandrillus sphinx" 52 156 39 NA NA 0.128205128205128
"Mandrillus sphinx" 53 106 61 NA NA 0.147540983606557
"Mandrillus sphinx" 53 159 39 NA NA 0.128205128205128
"Mandrillus sphinx" 54 108 49 NA NA 0.142857142857143
"Mandrillus sphinx" 54 162 39 NA NA 0.128205128205128
"Mandrillus sphinx" 55 110 47 NA NA 0.127659574468085
"Mandrillus sphinx" 55 165 39 NA NA 0.128205128205128
"Mandrillus sphinx" 56 112 45 NA NA 0.133333333333333
"Mandrillus sphinx" 56 168 39 NA NA 0.128205128205128
"Mandrillus sphinx" 57 114 45 NA NA 0.133333333333333
"Mandrillus sphinx" 57 171 39 NA NA 0.128205128205128
"Mandrillus sphinx" 58 116 44 NA NA 0.136363636363636
"Mandrillus sphinx" 58 174 38 NA NA 0.131578947368421
"Mandrillus sphinx" 59 118 43 NA NA 0.13953488372093
"Mandrillus sphinx" 59 177 37 NA NA 0.135135135135135
"Mandrillus sphinx" 60 120 43 NA NA 0.13953488372093
"Mandrillus sphinx" 60 180 37 NA NA 0.135135135135135
"Mandrillus sphinx" 61 122 43 NA NA 0.13953488372093
"Mandrillus sphinx" 61 183 37 NA NA 0.135135135135135
"Mandrillus sphinx" 62 124 43 NA NA 0.13953488372093
"Mandrillus sphinx" 62 186 35 NA NA 0.142857142857143
"Mandrillus sphinx" 63 126 43 NA NA 0.13953488372093
"Mandrillus sphinx" 63 189 34 NA NA 0.147058823529412
"Mandrillus sphinx" 64 128 42 NA NA 0.142857142857143
"Mandrillus sphinx" 64 192 33 NA NA 0.121212121212121
"Mandrillus sphinx" 65 130 41 NA NA 0.146341463414634
"Mandrillus sphinx" 65 195 33 NA NA 0.121212121212121
"Mandrillus sphinx" 66 132 41 NA NA 0.146341463414634
"Mandrillus sphinx" 66 198 33 NA NA 0.121212121212121
"Mandrillus sphinx" 67 134 41 NA NA 0.146341463414634
"Mandrillus sphinx" 68 136 41 NA NA 0.146341463414634
"Mandrillus sphinx" 69 138 41 NA NA 0.146341463414634
"Mandrillus sphinx" 70 140 40 NA NA 0.125
"Mandrillus sphinx" 71 142 40 NA NA 0.125
"Mandrillus sphinx" 72 144 40 NA NA 0.125
"Mandrillus sphinx" 73 146 40 NA NA 0.125
"Mandrillus sphinx" 74 148 40 NA NA 0.125
"Mandrillus sphinx" 75 150 40 NA NA 0.125
"Mandrillus sphinx" 76 152 40 NA NA 0.125
"Mandrillus sphinx" 77 154 39 NA NA 0.128205128205128
"Mandrillus sphinx" 78 156 39 NA NA 0.128205128205128
"Mandrillus sphinx" 79 158 39 NA NA 0.128205128205128
"Mandrillus sphinx" 80 160 39 NA NA 0.128205128205128
"Mandrillus sphinx" 81 162 39 NA NA 0.128205128205128
"Mandrillus sphinx" 82 164 39 NA NA 0.128205128205128
"Mandrillus sphinx" 83 166 39 NA NA 0.128205128205128
"Mandrillus sphinx" 84 168 39 NA NA 0.128205128205128
"Mandrillus sphinx" 85 170 39 NA NA 0.128205128205128
"Mandrillus sphinx" 86 172 39 NA NA 0.128205128205128
"Mandrillus sphinx" 87 174 38 NA NA 0.131578947368421
"Mandrillus sphinx" 88 176 37 NA NA 0.135135135135135
"Mandrillus sphinx" 89 178 37 NA NA 0.135135135135135
"Mandrillus sphinx" 90 180 37 NA NA 0.135135135135135
"Mandrillus sphinx" 91 182 37 NA NA 0.135135135135135
"Mandrillus sphinx" 92 184 36 NA NA 0.138888888888889
"Mandrillus sphinx" 93 186 35 NA NA 0.142857142857143
"Mandrillus sphinx" 94 188 34 NA NA 0.147058823529412
"Mandrillus sphinx" 95 190 34 NA NA 0.147058823529412
"Mandrillus sphinx" 96 192 33 NA NA 0.121212121212121
"Mandrillus sphinx" 97 194 33 NA NA 0.121212121212121
"Mandrillus sphinx" 98 196 33 NA NA 0.121212121212121
"Mandrillus sphinx" 99 198 33 NA NA 0.121212121212121
"Mandrillus sphinx" 100 200 33 NA NA 0.121212121212121
