"species" "time_interval" "study_duration" "n_cams" "z" "P" "p_presence"
"Cricetomys emini" 1 2 454 2.96558485285503 0.00302107993035824 0.134361233480176
"Cricetomys emini" 1 3 454 3.49471688764947 0.000474564855831893 0.180616740088106
"Cricetomys emini" 1 4 452 3.59528643722846 0.000324034855140256 0.207964601769911
"Cricetomys emini" 1 5 450 3.667421644744 0.000245008595198555 0.242222222222222
"Cricetomys emini" 1 6 449 4.09042183594319 4.30589311323059e-05 0.276169265033408
"Cricetomys emini" 1 7 447 4.22014879004397 2.44141130519435e-05 0.288590604026846
"Cricetomys emini" 1 8 447 4.06393255582317 4.82527738372825e-05 0.295302013422819
"Cricetomys emini" 1 9 447 4.23404882124788 2.29521082469044e-05 0.32662192393736
"Cricetomys emini" 1 10 445 4.03327598763028 5.50046147518838e-05 0.339325842696629
"Cricetomys emini" 1 11 440 4.03052819947285 5.56516514676225e-05 0.340909090909091
"Cricetomys emini" 1 12 439 3.4772899383532 0.000506509769193787 0.355353075170843
"Cricetomys emini" 1 13 438 3.23156610613543 0.00123113842926525 0.365296803652968
"Cricetomys emini" 1 14 436 3.21171850124452 0.00131943591513409 0.38302752293578
"Cricetomys emini" 1 15 436 3.17768561695229 0.00148455629207912 0.389908256880734
"Cricetomys emini" 1 16 435 3.09090024261952 0.00199550663486216 0.404597701149425
"Cricetomys emini" 1 17 435 2.94063832702018 0.00327536721069413 0.418390804597701
"Cricetomys emini" 1 18 434 2.97170107621464 0.00296154873978848 0.421658986175115
"Cricetomys emini" 1 19 432 3.01159751085061 0.00259876920861709 0.430555555555556
"Cricetomys emini" 1 20 430 3.05924806941045 0.00221893328040268 0.434883720930233
"Cricetomys emini" 1 21 429 3.1538095875235 0.00161154196505682 0.438228438228438
"Cricetomys emini" 1 22 427 2.89085577331137 0.00384194393224151 0.451990632318501
"Cricetomys emini" 1 23 426 2.83111371641693 0.0046386225998883 0.450704225352113
"Cricetomys emini" 1 24 425 3.03994211555959 0.00236623621470436 0.461176470588235
"Cricetomys emini" 1 25 423 3.10802667146006 0.00188341070018327 0.463356973995272
"Cricetomys emini" 1 26 422 3.08484055277754 0.00203661303398381 0.471563981042654
"Cricetomys emini" 1 27 422 3.18441348016527 0.00145047663631358 0.4739336492891
"Cricetomys emini" 1 28 422 3.34178990986256 0.000832400386652878 0.476303317535545
"Cricetomys emini" 1 29 422 3.39852498645238 0.000677502740268174 0.476303317535545
"Cricetomys emini" 1 30 420 3.47928316358803 0.00050275704830944 0.478571428571429
"Cricetomys emini" 1 31 419 3.43759386215187 0.00058690726819358 0.484486873508353
"Cricetomys emini" 1 32 419 3.5738190578062 0.00035181208964442 0.486873508353222
"Cricetomys emini" 1 33 415 3.3818876077159 0.000719895919174396 0.498795180722892
"Cricetomys emini" 1 34 415 3.3930090351654 0.000691293580354976 0.506024096385542
"Cricetomys emini" 1 35 413 3.268284651102 0.00108201483499507 0.513317191283293
"Cricetomys emini" 1 36 412 3.25449222043956 0.00113595271326137 0.514563106796116
"Cricetomys emini" 1 37 410 3.31886192805962 0.000903851083547078 0.514634146341463
"Cricetomys emini" 1 38 410 3.32450420616867 0.000885758973389313 0.519512195121951
"Cricetomys emini" 1 39 409 3.29733297297091 0.000976077102403067 0.533007334963325
"Cricetomys emini" 1 40 408 3.19749412393636 0.00138627235684619 0.531862745098039
"Cricetomys emini" 1 41 407 3.1432235772399 0.00167098155811976 0.538083538083538
"Cricetomys emini" 1 42 407 3.19174400356195 0.00141416608640328 0.540540540540541
"Cricetomys emini" 1 43 405 3.06511624838141 0.00217585407024391 0.550617283950617
"Cricetomys emini" 1 44 403 3.15311450742049 0.00161538427786865 0.550868486352357
"Cricetomys emini" 1 45 402 3.04478358612139 0.00232847794030109 0.557213930348259
"Cricetomys emini" 1 46 401 3.19956442217262 0.00137635423580769 0.561097256857855
"Cricetomys emini" 1 47 398 3.157852701683 0.00158935843445906 0.565326633165829
"Cricetomys emini" 1 48 397 3.20294810111192 0.00136028492851921 0.566750629722922
"Cricetomys emini" 1 49 395 3.18806472152077 0.0014322847367976 0.572151898734177
"Cricetomys emini" 1 50 391 3.12370371079741 0.00178590192869269 0.575447570332481
"Cricetomys emini" 1 51 388 3.2472556839472 0.00116523658125941 0.579896907216495
"Cricetomys emini" 1 52 386 3.21607347499229 0.00129957554750295 0.582901554404145
"Cricetomys emini" 1 53 382 3.37809731935821 0.000729892446242982 0.583769633507853
"Cricetomys emini" 1 54 381 3.29144917434732 0.000996726258333048 0.582677165354331
"Cricetomys emini" 1 55 376 3.34901194225769 0.000811002999784403 0.582446808510638
"Cricetomys emini" 1 56 373 3.46236733596037 0.000535445811945108 0.587131367292225
"Cricetomys emini" 1 57 370 3.60609177712309 0.000310843238090024 0.589189189189189
"Cricetomys emini" 1 58 366 4.02692064305544 5.6512094907068e-05 0.587431693989071
"Cricetomys emini" 1 59 364 3.99737140119333 6.40497666075793e-05 0.587912087912088
"Cricetomys emini" 1 60 361 4.01497539591855 5.94519964324153e-05 0.590027700831025
"Cricetomys emini" 1 61 356 3.79563813007708 0.000147264173117692 0.587078651685393
"Cricetomys emini" 1 62 351 4.15925277800529 3.19290395623769e-05 0.592592592592593
"Cricetomys emini" 1 63 349 4.22132195135634 2.42873754634838e-05 0.593123209169054
"Cricetomys emini" 1 64 341 3.77092274265534 0.000162645024729339 0.592375366568915
"Cricetomys emini" 1 65 327 3.03646984322103 0.00239366051539226 0.584097859327217
"Cricetomys emini" 1 66 320 2.52912480580882 0.0114347357861284 0.5875
"Cricetomys emini" 1 67 304 0.738598875384302 0.46015060733384 0.578947368421053
"Cricetomys emini" 1 68 296 1.27805001061622 0.201231793305762 0.587837837837838
"Cricetomys emini" 1 69 283 1.01597928473913 0.309639251240569 0.590106007067138
"Cricetomys emini" 1 70 272 1.02589581230127 0.30494069679043 0.606617647058823
"Cricetomys emini" 1 71 268 0.801178808890379 0.423028137310004 0.608208955223881
"Cricetomys emini" 1 72 249 0.775412725130363 0.438095818185349 0.618473895582329
"Cricetomys emini" 1 73 231 NA NA 0.632034632034632
"Cricetomys emini" 1 74 225 NA NA 0.648888888888889
"Cricetomys emini" 1 75 218 NA NA 0.651376146788991
"Cricetomys emini" 1 76 216 NA NA 0.657407407407407
"Cricetomys emini" 1 77 211 NA NA 0.658767772511848
"Cricetomys emini" 1 78 209 NA NA 0.660287081339713
"Cricetomys emini" 1 79 195 NA NA 0.661538461538462
"Cricetomys emini" 1 80 180 NA NA 0.65
"Cricetomys emini" 1 81 176 NA NA 0.653409090909091
"Cricetomys emini" 1 82 170 NA NA 0.670588235294118
"Cricetomys emini" 1 83 166 NA NA 0.674698795180723
"Cricetomys emini" 1 84 166 NA NA 0.680722891566265
"Cricetomys emini" 1 85 166 NA NA 0.680722891566265
"Cricetomys emini" 1 86 165 NA NA 0.684848484848485
"Cricetomys emini" 1 87 163 NA NA 0.687116564417178
"Cricetomys emini" 1 88 158 NA NA 0.69620253164557
"Cricetomys emini" 1 89 153 NA NA 0.718954248366013
"Cricetomys emini" 1 90 151 NA NA 0.721854304635762
"Cricetomys emini" 1 91 150 NA NA 0.72
"Cricetomys emini" 1 92 146 NA NA 0.726027397260274
"Cricetomys emini" 1 93 142 NA NA 0.725352112676056
"Cricetomys emini" 1 94 142 NA NA 0.725352112676056
"Cricetomys emini" 1 95 127 NA NA 0.748031496062992
"Cricetomys emini" 1 96 105 NA NA 0.752380952380952
"Cricetomys emini" 1 97 89 NA NA 0.764044943820225
"Cricetomys emini" 1 98 75 NA NA 0.813333333333333
"Cricetomys emini" 1 99 75 NA NA 0.813333333333333
"Cricetomys emini" 1 100 75 NA NA 0.813333333333333
"Cricetomys emini" 1 101 75 NA NA 0.813333333333333
"Cricetomys emini" 1 102 75 NA NA 0.813333333333333
"Cricetomys emini" 1 103 75 NA NA 0.813333333333333
"Cricetomys emini" 1 104 75 NA NA 0.813333333333333
"Cricetomys emini" 1 105 73 NA NA 0.808219178082192
"Cricetomys emini" 1 106 61 NA NA 0.786885245901639
"Cricetomys emini" 1 107 56 NA NA 0.821428571428571
"Cricetomys emini" 1 108 49 NA NA 0.836734693877551
"Cricetomys emini" 1 109 48 NA NA 0.854166666666667
"Cricetomys emini" 1 110 47 NA NA 0.851063829787234
"Cricetomys emini" 1 111 45 NA NA 0.866666666666667
"Cricetomys emini" 1 112 45 NA NA 0.866666666666667
"Cricetomys emini" 1 113 45 NA NA 0.866666666666667
"Cricetomys emini" 1 114 45 NA NA 0.866666666666667
"Cricetomys emini" 1 115 44 NA NA 0.863636363636364
"Cricetomys emini" 1 116 44 NA NA 0.863636363636364
"Cricetomys emini" 1 117 43 NA NA 0.86046511627907
"Cricetomys emini" 1 118 43 NA NA 0.86046511627907
"Cricetomys emini" 1 119 43 NA NA 0.86046511627907
"Cricetomys emini" 1 120 43 NA NA 0.883720930232558
"Cricetomys emini" 1 121 43 NA NA 0.883720930232558
"Cricetomys emini" 1 122 43 NA NA 0.883720930232558
"Cricetomys emini" 1 123 43 NA NA 0.883720930232558
"Cricetomys emini" 1 124 43 NA NA 0.883720930232558
"Cricetomys emini" 1 125 43 NA NA 0.883720930232558
"Cricetomys emini" 1 126 43 NA NA 0.883720930232558
"Cricetomys emini" 1 127 43 NA NA 0.883720930232558
"Cricetomys emini" 1 128 42 NA NA 0.880952380952381
"Cricetomys emini" 1 129 42 NA NA 0.880952380952381
"Cricetomys emini" 1 130 41 NA NA 0.878048780487805
"Cricetomys emini" 1 131 41 NA NA 0.878048780487805
"Cricetomys emini" 1 132 41 NA NA 0.878048780487805
"Cricetomys emini" 1 133 41 NA NA 0.878048780487805
"Cricetomys emini" 1 134 41 NA NA 0.878048780487805
"Cricetomys emini" 1 135 41 NA NA 0.878048780487805
"Cricetomys emini" 1 136 41 NA NA 0.878048780487805
"Cricetomys emini" 1 137 41 NA NA 0.878048780487805
"Cricetomys emini" 1 138 41 NA NA 0.878048780487805
"Cricetomys emini" 1 139 40 NA NA 0.875
"Cricetomys emini" 1 140 40 NA NA 0.875
"Cricetomys emini" 1 141 40 NA NA 0.875
"Cricetomys emini" 1 142 40 NA NA 0.875
"Cricetomys emini" 1 143 40 NA NA 0.875
"Cricetomys emini" 1 144 40 NA NA 0.875
"Cricetomys emini" 1 145 40 NA NA 0.875
"Cricetomys emini" 1 146 40 NA NA 0.875
"Cricetomys emini" 1 147 40 NA NA 0.875
"Cricetomys emini" 1 148 40 NA NA 0.875
"Cricetomys emini" 1 149 40 NA NA 0.875
"Cricetomys emini" 1 150 40 NA NA 0.875
"Cricetomys emini" 1 151 40 NA NA 0.9
"Cricetomys emini" 1 152 40 NA NA 0.9
"Cricetomys emini" 1 153 40 NA NA 0.9
"Cricetomys emini" 1 154 39 NA NA 0.897435897435897
"Cricetomys emini" 1 155 39 NA NA 0.897435897435897
"Cricetomys emini" 1 156 39 NA NA 0.897435897435897
"Cricetomys emini" 1 157 39 NA NA 0.897435897435897
"Cricetomys emini" 1 158 39 NA NA 0.897435897435897
"Cricetomys emini" 1 159 39 NA NA 0.897435897435897
"Cricetomys emini" 1 160 39 NA NA 0.897435897435897
"Cricetomys emini" 1 161 39 NA NA 0.897435897435897
"Cricetomys emini" 1 162 39 NA NA 0.897435897435897
"Cricetomys emini" 1 163 39 NA NA 0.897435897435897
"Cricetomys emini" 1 164 39 NA NA 0.897435897435897
"Cricetomys emini" 1 165 39 NA NA 0.897435897435897
"Cricetomys emini" 1 166 39 NA NA 0.897435897435897
"Cricetomys emini" 1 167 39 NA NA 0.897435897435897
"Cricetomys emini" 1 168 39 NA NA 0.897435897435897
"Cricetomys emini" 1 169 39 NA NA 0.897435897435897
"Cricetomys emini" 1 170 39 NA NA 0.897435897435897
"Cricetomys emini" 1 171 39 NA NA 0.897435897435897
"Cricetomys emini" 1 172 39 NA NA 0.897435897435897
"Cricetomys emini" 1 173 38 NA NA 0.894736842105263
"Cricetomys emini" 1 174 38 NA NA 0.894736842105263
"Cricetomys emini" 1 175 37 NA NA 0.891891891891892
"Cricetomys emini" 1 176 37 NA NA 0.891891891891892
"Cricetomys emini" 1 177 37 NA NA 0.891891891891892
"Cricetomys emini" 1 178 37 NA NA 0.891891891891892
"Cricetomys emini" 1 179 37 NA NA 0.891891891891892
"Cricetomys emini" 1 180 37 NA NA 0.891891891891892
"Cricetomys emini" 1 181 37 NA NA 0.891891891891892
"Cricetomys emini" 1 182 37 NA NA 0.891891891891892
"Cricetomys emini" 1 183 37 NA NA 0.891891891891892
"Cricetomys emini" 1 184 36 NA NA 0.888888888888889
"Cricetomys emini" 1 185 35 NA NA 0.885714285714286
"Cricetomys emini" 1 186 35 NA NA 0.885714285714286
"Cricetomys emini" 1 187 34 NA NA 0.882352941176471
"Cricetomys emini" 1 188 34 NA NA 0.882352941176471
"Cricetomys emini" 1 189 34 NA NA 0.882352941176471
"Cricetomys emini" 1 190 34 NA NA 0.882352941176471
"Cricetomys emini" 1 191 33 NA NA 0.878787878787879
"Cricetomys emini" 1 192 33 NA NA 0.878787878787879
"Cricetomys emini" 1 193 33 NA NA 0.878787878787879
"Cricetomys emini" 1 194 33 NA NA 0.878787878787879
"Cricetomys emini" 1 195 33 NA NA 0.878787878787879
"Cricetomys emini" 1 196 33 NA NA 0.878787878787879
"Cricetomys emini" 1 197 33 NA NA 0.878787878787879
"Cricetomys emini" 1 198 33 NA NA 0.878787878787879
"Cricetomys emini" 1 199 33 NA NA 0.878787878787879
"Cricetomys emini" 1 200 33 NA NA 0.878787878787879
"Cricetomys emini" 2 4 452 3.74581879052758 0.000179806351782959 0.207964601769911
"Cricetomys emini" 2 6 449 4.09108609223837 4.29357694133608e-05 0.276169265033408
"Cricetomys emini" 2 8 447 4.11274760328195 3.90977771009507e-05 0.295302013422819
"Cricetomys emini" 2 10 445 4.0531720154045 5.05278215395648e-05 0.339325842696629
"Cricetomys emini" 2 12 439 3.4870067045281 0.000488459112040759 0.355353075170843
"Cricetomys emini" 2 14 436 3.18440801309967 0.00145050403431428 0.38302752293578
"Cricetomys emini" 2 16 435 3.06922817117959 0.00214612611311856 0.404597701149425
"Cricetomys emini" 2 18 434 3.00556939842843 0.00265084097271251 0.421658986175115
"Cricetomys emini" 2 20 430 3.01653330819382 0.00255683125566522 0.434883720930233
"Cricetomys emini" 2 22 427 2.85246093130924 0.00433821447827205 0.451990632318501
"Cricetomys emini" 2 24 425 2.98227328076303 0.002861164767427 0.461176470588235
"Cricetomys emini" 2 26 422 3.02060597383544 0.00252269411613215 0.471563981042654
"Cricetomys emini" 2 28 422 3.28572141043146 0.00101721562276151 0.476303317535545
"Cricetomys emini" 2 30 420 3.3748170733646 0.000738647712763927 0.478571428571429
"Cricetomys emini" 2 32 419 3.39880472546606 0.000676810204675797 0.486873508353222
"Cricetomys emini" 2 34 415 3.21205754947652 0.00131787972794064 0.506024096385542
"Cricetomys emini" 2 36 412 3.11124408819896 0.001863008752914 0.514563106796116
"Cricetomys emini" 2 38 410 3.14354065797578 0.00166917225899808 0.519512195121951
"Cricetomys emini" 2 40 408 3.03744601273329 0.00238592139143307 0.531862745098039
"Cricetomys emini" 2 42 407 3.09325183026922 0.00197976058569947 0.540540540540541
"Cricetomys emini" 2 44 403 3.02824869194023 0.00245975570031671 0.550868486352357
"Cricetomys emini" 2 46 401 3.10911429809159 0.0018764911065533 0.561097256857855
"Cricetomys emini" 2 48 397 3.13147426832139 0.00173931027164807 0.566750629722922
"Cricetomys emini" 2 50 391 3.07468843306916 0.00210722560720745 0.575447570332481
"Cricetomys emini" 2 52 386 3.17209566428255 0.00151343143961905 0.582901554404145
"Cricetomys emini" 2 54 381 3.22518566394566 0.00125890997287182 0.582677165354331
"Cricetomys emini" 2 56 373 3.34083657879889 0.000835263713460516 0.587131367292225
"Cricetomys emini" 2 58 366 3.78512704595777 0.000153630073679955 0.587431693989071
"Cricetomys emini" 2 60 361 3.7946706805424 0.000147839552277576 0.590027700831025
"Cricetomys emini" 2 62 351 3.92016113993185 8.84897804811948e-05 0.592592592592593
"Cricetomys emini" 2 64 341 3.37025057737214 0.000750998587728321 0.592375366568915
"Cricetomys emini" 2 66 320 2.21183438354465 0.0269781104087539 0.5875
"Cricetomys emini" 2 68 296 1.3344433298571 0.182058607602106 0.587837837837838
"Cricetomys emini" 2 70 272 1.0719328234129 0.283750206043375 0.606617647058823
"Cricetomys emini" 2 72 249 0.804588894920298 0.421056952565703 0.618473895582329
"Cricetomys emini" 2 74 225 NA NA 0.648888888888889
"Cricetomys emini" 2 76 216 NA NA 0.657407407407407
"Cricetomys emini" 2 78 209 NA NA 0.660287081339713
"Cricetomys emini" 2 80 180 NA NA 0.65
"Cricetomys emini" 2 82 170 NA NA 0.670588235294118
"Cricetomys emini" 2 84 166 NA NA 0.680722891566265
"Cricetomys emini" 2 86 165 NA NA 0.684848484848485
"Cricetomys emini" 2 88 158 NA NA 0.69620253164557
"Cricetomys emini" 2 90 151 NA NA 0.721854304635762
"Cricetomys emini" 2 92 146 NA NA 0.726027397260274
"Cricetomys emini" 2 94 142 NA NA 0.725352112676056
"Cricetomys emini" 2 96 105 NA NA 0.752380952380952
"Cricetomys emini" 2 98 75 NA NA 0.813333333333333
"Cricetomys emini" 2 100 75 NA NA 0.813333333333333
"Cricetomys emini" 2 102 75 NA NA 0.813333333333333
"Cricetomys emini" 2 104 75 NA NA 0.813333333333333
"Cricetomys emini" 2 106 61 NA NA 0.786885245901639
"Cricetomys emini" 2 108 49 NA NA 0.836734693877551
"Cricetomys emini" 2 110 47 NA NA 0.851063829787234
"Cricetomys emini" 2 112 45 NA NA 0.866666666666667
"Cricetomys emini" 2 114 45 NA NA 0.866666666666667
"Cricetomys emini" 2 116 44 NA NA 0.863636363636364
"Cricetomys emini" 2 118 43 NA NA 0.86046511627907
"Cricetomys emini" 2 120 43 NA NA 0.883720930232558
"Cricetomys emini" 2 122 43 NA NA 0.883720930232558
"Cricetomys emini" 2 124 43 NA NA 0.883720930232558
"Cricetomys emini" 2 126 43 NA NA 0.883720930232558
"Cricetomys emini" 2 128 42 NA NA 0.880952380952381
"Cricetomys emini" 2 130 41 NA NA 0.878048780487805
"Cricetomys emini" 2 132 41 NA NA 0.878048780487805
"Cricetomys emini" 2 134 41 NA NA 0.878048780487805
"Cricetomys emini" 2 136 41 NA NA 0.878048780487805
"Cricetomys emini" 2 138 41 NA NA 0.878048780487805
"Cricetomys emini" 2 140 40 NA NA 0.875
"Cricetomys emini" 2 142 40 NA NA 0.875
"Cricetomys emini" 2 144 40 NA NA 0.875
"Cricetomys emini" 2 146 40 NA NA 0.875
"Cricetomys emini" 2 148 40 NA NA 0.875
"Cricetomys emini" 2 150 40 NA NA 0.875
"Cricetomys emini" 2 152 40 NA NA 0.9
"Cricetomys emini" 2 154 39 NA NA 0.897435897435897
"Cricetomys emini" 2 156 39 NA NA 0.897435897435897
"Cricetomys emini" 2 158 39 NA NA 0.897435897435897
"Cricetomys emini" 2 160 39 NA NA 0.897435897435897
"Cricetomys emini" 2 162 39 NA NA 0.897435897435897
"Cricetomys emini" 2 164 39 NA NA 0.897435897435897
"Cricetomys emini" 2 166 39 NA NA 0.897435897435897
"Cricetomys emini" 2 168 39 NA NA 0.897435897435897
"Cricetomys emini" 2 170 39 NA NA 0.897435897435897
"Cricetomys emini" 2 172 39 NA NA 0.897435897435897
"Cricetomys emini" 2 174 38 NA NA 0.894736842105263
"Cricetomys emini" 2 176 37 NA NA 0.891891891891892
"Cricetomys emini" 2 178 37 NA NA 0.891891891891892
"Cricetomys emini" 2 180 37 NA NA 0.891891891891892
"Cricetomys emini" 2 182 37 NA NA 0.891891891891892
"Cricetomys emini" 2 184 36 NA NA 0.888888888888889
"Cricetomys emini" 2 186 35 NA NA 0.885714285714286
"Cricetomys emini" 2 188 34 NA NA 0.882352941176471
"Cricetomys emini" 2 190 34 NA NA 0.882352941176471
"Cricetomys emini" 2 192 33 NA NA 0.878787878787879
"Cricetomys emini" 2 194 33 NA NA 0.878787878787879
"Cricetomys emini" 2 196 33 NA NA 0.878787878787879
"Cricetomys emini" 2 198 33 NA NA 0.878787878787879
"Cricetomys emini" 2 200 33 NA NA 0.878787878787879
"Cricetomys emini" 3 6 449 4.39864989357747 1.08926382181433e-05 0.276169265033408
"Cricetomys emini" 3 9 447 4.6207746157314 3.82309925962278e-06 0.32662192393736
"Cricetomys emini" 3 12 439 3.78961168229301 0.000150882964459889 0.355353075170843
"Cricetomys emini" 3 15 436 3.51832517945764 0.00043427984970833 0.389908256880734
"Cricetomys emini" 3 18 434 3.30815295798287 0.000939135010697728 0.421658986175115
"Cricetomys emini" 3 21 429 3.45637669858925 0.000547489621056363 0.438228438228438
"Cricetomys emini" 3 24 425 3.33394963475105 0.000856221600379776 0.461176470588235
"Cricetomys emini" 3 27 422 3.57878532242973 0.000345194869675237 0.4739336492891
"Cricetomys emini" 3 30 420 3.87069928338513 0.000108523598426733 0.478571428571429
"Cricetomys emini" 3 33 415 3.675205351027 0.000237658181199861 0.498795180722892
"Cricetomys emini" 3 36 412 3.59411775559991 0.000325492612681174 0.514563106796116
"Cricetomys emini" 3 39 409 3.5179864308701 0.000434834596649882 0.533007334963325
"Cricetomys emini" 3 42 407 3.4758149170799 0.0005093036426046 0.540540540540541
"Cricetomys emini" 3 45 402 3.28357328551909 0.00102499990837024 0.557213930348259
"Cricetomys emini" 3 48 397 3.4315763355445 0.000600084218670786 0.566750629722922
"Cricetomys emini" 3 51 388 3.53337459368835 0.000410290687373364 0.579896907216495
"Cricetomys emini" 3 54 381 3.53584313992231 0.00040647597094202 0.582677165354331
"Cricetomys emini" 3 57 370 3.70610326399809 0.000210472513203008 0.589189189189189
"Cricetomys emini" 3 60 361 4.0176034281748 5.8793032624399e-05 0.590027700831025
"Cricetomys emini" 3 63 349 4.23485028252987 2.28704028922898e-05 0.593123209169054
"Cricetomys emini" 3 66 320 2.44397962937756 0.0145262467111234 0.5875
"Cricetomys emini" 3 69 283 1.41494344632279 0.157085078176958 0.590106007067138
"Cricetomys emini" 3 72 249 1.09465244001212 0.273668932132099 0.618473895582329
"Cricetomys emini" 3 75 218 NA NA 0.651376146788991
"Cricetomys emini" 3 78 209 NA NA 0.660287081339713
"Cricetomys emini" 3 81 176 NA NA 0.653409090909091
"Cricetomys emini" 3 84 166 NA NA 0.680722891566265
"Cricetomys emini" 3 87 163 NA NA 0.687116564417178
"Cricetomys emini" 3 90 151 NA NA 0.721854304635762
"Cricetomys emini" 3 93 142 NA NA 0.725352112676056
"Cricetomys emini" 3 96 105 NA NA 0.752380952380952
"Cricetomys emini" 3 99 75 NA NA 0.813333333333333
"Cricetomys emini" 3 102 75 NA NA 0.813333333333333
"Cricetomys emini" 3 105 73 NA NA 0.808219178082192
"Cricetomys emini" 3 108 49 NA NA 0.836734693877551
"Cricetomys emini" 3 111 45 NA NA 0.866666666666667
"Cricetomys emini" 3 114 45 NA NA 0.866666666666667
"Cricetomys emini" 3 117 43 NA NA 0.86046511627907
"Cricetomys emini" 3 120 43 NA NA 0.883720930232558
"Cricetomys emini" 3 123 43 NA NA 0.883720930232558
"Cricetomys emini" 3 126 43 NA NA 0.883720930232558
"Cricetomys emini" 3 129 42 NA NA 0.880952380952381
"Cricetomys emini" 3 132 41 NA NA 0.878048780487805
"Cricetomys emini" 3 135 41 NA NA 0.878048780487805
"Cricetomys emini" 3 138 41 NA NA 0.878048780487805
"Cricetomys emini" 3 141 40 NA NA 0.875
"Cricetomys emini" 3 144 40 NA NA 0.875
"Cricetomys emini" 3 147 40 NA NA 0.875
"Cricetomys emini" 3 150 40 NA NA 0.875
"Cricetomys emini" 3 153 40 NA NA 0.9
"Cricetomys emini" 3 156 39 NA NA 0.897435897435897
"Cricetomys emini" 3 159 39 NA NA 0.897435897435897
"Cricetomys emini" 3 162 39 NA NA 0.897435897435897
"Cricetomys emini" 3 165 39 NA NA 0.897435897435897
"Cricetomys emini" 3 168 39 NA NA 0.897435897435897
"Cricetomys emini" 3 171 39 NA NA 0.897435897435897
"Cricetomys emini" 3 174 38 NA NA 0.894736842105263
"Cricetomys emini" 3 177 37 NA NA 0.891891891891892
"Cricetomys emini" 3 180 37 NA NA 0.891891891891892
"Cricetomys emini" 3 183 37 NA NA 0.891891891891892
"Cricetomys emini" 3 186 35 NA NA 0.885714285714286
"Cricetomys emini" 3 189 34 NA NA 0.882352941176471
"Cricetomys emini" 3 192 33 NA NA 0.878787878787879
"Cricetomys emini" 3 195 33 NA NA 0.878787878787879
"Cricetomys emini" 3 198 33 NA NA 0.878787878787879
"Cricetomys emini" 4 8 447 4.46278469405514 8.0901333400619e-06 0.295302013422819
"Cricetomys emini" 4 12 439 3.83160935035694 0.000127307768422247 0.355353075170843
"Cricetomys emini" 4 16 435 3.47467284961654 0.000511476720805627 0.404597701149425
"Cricetomys emini" 4 20 430 3.40391099371962 0.000664283952466818 0.434883720930233
"Cricetomys emini" 4 24 425 3.424905835999 0.000615012539597662 0.461176470588235
"Cricetomys emini" 4 28 422 3.78145082083341 0.000155917026512487 0.476303317535545
"Cricetomys emini" 4 32 419 3.86688528601226 0.000110234248297068 0.486873508353222
"Cricetomys emini" 4 36 412 3.63872097031174 0.000273995472138856 0.514563106796116
"Cricetomys emini" 4 40 408 3.52840642975749 0.00041806972131308 0.531862745098039
"Cricetomys emini" 4 44 403 3.50037554614445 0.000464603123430382 0.550868486352357
"Cricetomys emini" 4 48 397 3.54346345229139 0.000394908042780672 0.566750629722922
"Cricetomys emini" 4 52 386 3.68670476524392 0.000227176657108796 0.582901554404145
"Cricetomys emini" 4 56 373 3.75278811864702 0.00017487865853072 0.587131367292225
"Cricetomys emini" 4 60 361 4.11074107295565 3.94391270338688e-05 0.590027700831025
"Cricetomys emini" 4 64 341 3.69691532670935 0.00021823509146151 0.592375366568915
"Cricetomys emini" 4 68 296 1.83144653733882 0.0670339205781106 0.587837837837838
"Cricetomys emini" 4 72 249 1.2550618578148 0.20945630535956 0.618473895582329
"Cricetomys emini" 4 76 216 NA NA 0.657407407407407
"Cricetomys emini" 4 80 180 NA NA 0.65
"Cricetomys emini" 4 84 166 NA NA 0.680722891566265
"Cricetomys emini" 4 88 158 NA NA 0.69620253164557
"Cricetomys emini" 4 92 146 NA NA 0.726027397260274
"Cricetomys emini" 4 96 105 NA NA 0.752380952380952
"Cricetomys emini" 4 100 75 NA NA 0.813333333333333
"Cricetomys emini" 4 104 75 NA NA 0.813333333333333
"Cricetomys emini" 4 108 49 NA NA 0.836734693877551
"Cricetomys emini" 4 112 45 NA NA 0.866666666666667
"Cricetomys emini" 4 116 44 NA NA 0.863636363636364
"Cricetomys emini" 4 120 43 NA NA 0.883720930232558
"Cricetomys emini" 4 124 43 NA NA 0.883720930232558
"Cricetomys emini" 4 128 42 NA NA 0.880952380952381
"Cricetomys emini" 4 132 41 NA NA 0.878048780487805
"Cricetomys emini" 4 136 41 NA NA 0.878048780487805
"Cricetomys emini" 4 140 40 NA NA 0.875
"Cricetomys emini" 4 144 40 NA NA 0.875
"Cricetomys emini" 4 148 40 NA NA 0.875
"Cricetomys emini" 4 152 40 NA NA 0.9
"Cricetomys emini" 4 156 39 NA NA 0.897435897435897
"Cricetomys emini" 4 160 39 NA NA 0.897435897435897
"Cricetomys emini" 4 164 39 NA NA 0.897435897435897
"Cricetomys emini" 4 168 39 NA NA 0.897435897435897
"Cricetomys emini" 4 172 39 NA NA 0.897435897435897
"Cricetomys emini" 4 176 37 NA NA 0.891891891891892
"Cricetomys emini" 4 180 37 NA NA 0.891891891891892
"Cricetomys emini" 4 184 36 NA NA 0.888888888888889
"Cricetomys emini" 4 188 34 NA NA 0.882352941176471
"Cricetomys emini" 4 192 33 NA NA 0.878787878787879
"Cricetomys emini" 4 196 33 NA NA 0.878787878787879
"Cricetomys emini" 4 200 33 NA NA 0.878787878787879
"Cricetomys emini" 5 10 445 4.49527551735144 6.9479923917117e-06 0.339325842696629
"Cricetomys emini" 5 15 436 3.36015219400659 0.000778995464512601 0.389908256880734
"Cricetomys emini" 5 20 430 3.21457478046968 0.00130637882572847 0.434883720930233
"Cricetomys emini" 5 25 423 3.3292034492885 0.000870947583796049 0.463356973995272
"Cricetomys emini" 5 30 420 3.72657674068381 0.000194097994609386 0.478571428571429
"Cricetomys emini" 5 35 413 3.43377231308291 0.000595243966214312 0.513317191283293
"Cricetomys emini" 5 40 408 3.48091079445077 0.000499711889176507 0.531862745098039
"Cricetomys emini" 5 45 402 3.34418086561047 0.000825259164873196 0.557213930348259
"Cricetomys emini" 5 50 391 3.3979935368441 0.000678820237828533 0.575447570332481
"Cricetomys emini" 5 55 376 3.50265467813738 0.000460646238868356 0.582446808510638
"Cricetomys emini" 5 60 361 4.05083471505424 5.10352489392885e-05 0.590027700831025
"Cricetomys emini" 5 65 327 2.969918084767 0.00297879167873812 0.584097859327217
"Cricetomys emini" 5 70 272 1.59193049795607 0.111400321990349 0.606617647058823
"Cricetomys emini" 5 75 218 NA NA 0.651376146788991
"Cricetomys emini" 5 80 180 NA NA 0.65
"Cricetomys emini" 5 85 166 NA NA 0.680722891566265
"Cricetomys emini" 5 90 151 NA NA 0.721854304635762
"Cricetomys emini" 5 95 127 NA NA 0.748031496062992
"Cricetomys emini" 5 100 75 NA NA 0.813333333333333
"Cricetomys emini" 5 105 73 NA NA 0.808219178082192
"Cricetomys emini" 5 110 47 NA NA 0.851063829787234
"Cricetomys emini" 5 115 44 NA NA 0.863636363636364
"Cricetomys emini" 5 120 43 NA NA 0.883720930232558
"Cricetomys emini" 5 125 43 NA NA 0.883720930232558
"Cricetomys emini" 5 130 41 NA NA 0.878048780487805
"Cricetomys emini" 5 135 41 NA NA 0.878048780487805
"Cricetomys emini" 5 140 40 NA NA 0.875
"Cricetomys emini" 5 145 40 NA NA 0.875
"Cricetomys emini" 5 150 40 NA NA 0.875
"Cricetomys emini" 5 155 39 NA NA 0.897435897435897
"Cricetomys emini" 5 160 39 NA NA 0.897435897435897
"Cricetomys emini" 5 165 39 NA NA 0.897435897435897
"Cricetomys emini" 5 170 39 NA NA 0.897435897435897
"Cricetomys emini" 5 175 37 NA NA 0.891891891891892
"Cricetomys emini" 5 180 37 NA NA 0.891891891891892
"Cricetomys emini" 5 185 35 NA NA 0.885714285714286
"Cricetomys emini" 5 190 34 NA NA 0.882352941176471
"Cricetomys emini" 5 195 33 NA NA 0.878787878787879
"Cricetomys emini" 5 200 33 NA NA 0.878787878787879
"Cricetomys emini" 6 12 439 3.95478878621715 7.66022945022289e-05 0.355353075170843
"Cricetomys emini" 6 18 434 3.5771597536093 0.000347347906414001 0.421658986175115
"Cricetomys emini" 6 24 425 3.63585528961293 0.000277059840766787 0.461176470588235
"Cricetomys emini" 6 30 420 4.07732709719309 4.55563834399554e-05 0.478571428571429
"Cricetomys emini" 6 36 412 3.80485933528457 0.00014188479874357 0.514563106796116
"Cricetomys emini" 6 42 407 3.60713749890383 0.000309593620912847 0.540540540540541
"Cricetomys emini" 6 48 397 3.58526766477839 0.000336732665684339 0.566750629722922
"Cricetomys emini" 6 54 381 3.65585396613336 0.000256327250502395 0.582677165354331
"Cricetomys emini" 6 60 361 4.12239453471532 3.74954293227649e-05 0.590027700831025
"Cricetomys emini" 6 66 320 2.51665958180643 0.0118473235056476 0.5875
"Cricetomys emini" 6 72 249 1.35385114969204 0.175783871202728 0.618473895582329
"Cricetomys emini" 6 78 209 NA NA 0.660287081339713
"Cricetomys emini" 6 84 166 NA NA 0.680722891566265
"Cricetomys emini" 6 90 151 NA NA 0.721854304635762
"Cricetomys emini" 6 96 105 NA NA 0.752380952380952
"Cricetomys emini" 6 102 75 NA NA 0.813333333333333
"Cricetomys emini" 6 108 49 NA NA 0.836734693877551
"Cricetomys emini" 6 114 45 NA NA 0.866666666666667
"Cricetomys emini" 6 120 43 NA NA 0.883720930232558
"Cricetomys emini" 6 126 43 NA NA 0.883720930232558
"Cricetomys emini" 6 132 41 NA NA 0.878048780487805
"Cricetomys emini" 6 138 41 NA NA 0.878048780487805
"Cricetomys emini" 6 144 40 NA NA 0.875
"Cricetomys emini" 6 150 40 NA NA 0.875
"Cricetomys emini" 6 156 39 NA NA 0.897435897435897
"Cricetomys emini" 6 162 39 NA NA 0.897435897435897
"Cricetomys emini" 6 168 39 NA NA 0.897435897435897
"Cricetomys emini" 6 174 38 NA NA 0.894736842105263
"Cricetomys emini" 6 180 37 NA NA 0.891891891891892
"Cricetomys emini" 6 186 35 NA NA 0.885714285714286
"Cricetomys emini" 6 192 33 NA NA 0.878787878787879
"Cricetomys emini" 6 198 33 NA NA 0.878787878787879
"Cricetomys emini" 7 14 436 3.74080440592488 0.000183432233172886 0.38302752293578
"Cricetomys emini" 7 21 429 3.71447601184102 0.000203625183552687 0.438228438228438
"Cricetomys emini" 7 28 422 3.98530590581823 6.73932464141745e-05 0.476303317535545
"Cricetomys emini" 7 35 413 3.78529140446267 0.000153528568528595 0.513317191283293
"Cricetomys emini" 7 42 407 3.66504904140614 0.000247291192258565 0.540540540540541
"Cricetomys emini" 7 49 395 3.59674060325869 0.000322229529618671 0.572151898734177
"Cricetomys emini" 7 56 373 3.63644069613528 0.000276431247442895 0.587131367292225
"Cricetomys emini" 7 63 349 4.13710688580007 3.51712299969574e-05 0.593123209169054
"Cricetomys emini" 7 70 272 1.41617142327738 0.156725320521051 0.606617647058823
"Cricetomys emini" 7 77 211 NA NA 0.658767772511848
"Cricetomys emini" 7 84 166 NA NA 0.680722891566265
"Cricetomys emini" 7 91 150 NA NA 0.72
"Cricetomys emini" 7 98 75 NA NA 0.813333333333333
"Cricetomys emini" 7 105 73 NA NA 0.808219178082192
"Cricetomys emini" 7 112 45 NA NA 0.866666666666667
"Cricetomys emini" 7 119 43 NA NA 0.86046511627907
"Cricetomys emini" 7 126 43 NA NA 0.883720930232558
"Cricetomys emini" 7 133 41 NA NA 0.878048780487805
"Cricetomys emini" 7 140 40 NA NA 0.875
"Cricetomys emini" 7 147 40 NA NA 0.875
"Cricetomys emini" 7 154 39 NA NA 0.897435897435897
"Cricetomys emini" 7 161 39 NA NA 0.897435897435897
"Cricetomys emini" 7 168 39 NA NA 0.897435897435897
"Cricetomys emini" 7 175 37 NA NA 0.891891891891892
"Cricetomys emini" 7 182 37 NA NA 0.891891891891892
"Cricetomys emini" 7 189 34 NA NA 0.882352941176471
"Cricetomys emini" 7 196 33 NA NA 0.878787878787879
"Cricetomys emini" 8 16 435 3.65108691708168 0.000261132841110569 0.404597701149425
"Cricetomys emini" 8 24 425 3.49592407901969 0.000472423094705799 0.461176470588235
"Cricetomys emini" 8 32 419 3.97758323169932 6.96192571999532e-05 0.486873508353222
"Cricetomys emini" 8 40 408 3.56454886482061 0.000364482546890349 0.531862745098039
"Cricetomys emini" 8 48 397 3.56765732758053 0.000360187118414921 0.566750629722922
"Cricetomys emini" 8 56 373 3.61957331052462 0.000295089202574048 0.587131367292225
"Cricetomys emini" 8 64 341 3.54420382951056 0.000393800670065877 0.592375366568915
"Cricetomys emini" 8 72 249 1.26221455490683 0.206871592747344 0.618473895582329
"Cricetomys emini" 8 80 180 NA NA 0.65
"Cricetomys emini" 8 88 158 NA NA 0.69620253164557
"Cricetomys emini" 8 96 105 NA NA 0.752380952380952
"Cricetomys emini" 8 104 75 NA NA 0.813333333333333
"Cricetomys emini" 8 112 45 NA NA 0.866666666666667
"Cricetomys emini" 8 120 43 NA NA 0.883720930232558
"Cricetomys emini" 8 128 42 NA NA 0.880952380952381
"Cricetomys emini" 8 136 41 NA NA 0.878048780487805
"Cricetomys emini" 8 144 40 NA NA 0.875
"Cricetomys emini" 8 152 40 NA NA 0.9
"Cricetomys emini" 8 160 39 NA NA 0.897435897435897
"Cricetomys emini" 8 168 39 NA NA 0.897435897435897
"Cricetomys emini" 8 176 37 NA NA 0.891891891891892
"Cricetomys emini" 8 184 36 NA NA 0.888888888888889
"Cricetomys emini" 8 192 33 NA NA 0.878787878787879
"Cricetomys emini" 8 200 33 NA NA 0.878787878787879
"Cricetomys emini" 9 18 434 3.74808658695062 0.000178188744428147 0.421658986175115
"Cricetomys emini" 9 27 422 4.12813433892122 3.65718442127788e-05 0.4739336492891
"Cricetomys emini" 9 36 412 4.09125945844278 4.29036801097753e-05 0.514563106796116
"Cricetomys emini" 9 45 402 3.54981168949139 0.000385506803610744 0.557213930348259
"Cricetomys emini" 9 54 381 3.68575305627893 0.000228027376121455 0.582677165354331
"Cricetomys emini" 9 63 349 4.25037785553483 2.13410189887005e-05 0.593123209169054
"Cricetomys emini" 9 72 249 1.36107652525339 0.173489507253295 0.618473895582329
"Cricetomys emini" 9 81 176 NA NA 0.653409090909091
"Cricetomys emini" 9 90 151 NA NA 0.721854304635762
"Cricetomys emini" 9 99 75 NA NA 0.813333333333333
"Cricetomys emini" 9 108 49 NA NA 0.836734693877551
"Cricetomys emini" 9 117 43 NA NA 0.86046511627907
"Cricetomys emini" 9 126 43 NA NA 0.883720930232558
"Cricetomys emini" 9 135 41 NA NA 0.878048780487805
"Cricetomys emini" 9 144 40 NA NA 0.875
"Cricetomys emini" 9 153 40 NA NA 0.9
"Cricetomys emini" 9 162 39 NA NA 0.897435897435897
"Cricetomys emini" 9 171 39 NA NA 0.897435897435897
"Cricetomys emini" 9 180 37 NA NA 0.891891891891892
"Cricetomys emini" 9 189 34 NA NA 0.882352941176471
"Cricetomys emini" 9 198 33 NA NA 0.878787878787879
"Cricetomys emini" 10 20 430 4.01935557470028 5.83575416751768e-05 0.434883720930233
"Cricetomys emini" 10 30 420 4.32441179973774 1.52939376709071e-05 0.478571428571429
"Cricetomys emini" 10 40 408 3.78286884014251 0.000155031116948188 0.531862745098039
"Cricetomys emini" 10 50 391 3.62417994104112 0.000289879742711178 0.575447570332481
"Cricetomys emini" 10 60 361 4.14993759230568 3.32565934669761e-05 0.590027700831025
"Cricetomys emini" 10 70 272 1.71401604408393 0.0865257793111864 0.606617647058823
"Cricetomys emini" 10 80 180 NA NA 0.65
"Cricetomys emini" 10 90 151 NA NA 0.721854304635762
"Cricetomys emini" 10 100 75 NA NA 0.813333333333333
"Cricetomys emini" 10 110 47 NA NA 0.851063829787234
"Cricetomys emini" 10 120 43 NA NA 0.883720930232558
"Cricetomys emini" 10 130 41 NA NA 0.878048780487805
"Cricetomys emini" 10 140 40 NA NA 0.875
"Cricetomys emini" 10 150 40 NA NA 0.875
"Cricetomys emini" 10 160 39 NA NA 0.897435897435897
"Cricetomys emini" 10 170 39 NA NA 0.897435897435897
"Cricetomys emini" 10 180 37 NA NA 0.891891891891892
"Cricetomys emini" 10 190 34 NA NA 0.882352941176471
"Cricetomys emini" 10 200 33 NA NA 0.878787878787879
"Cricetomys emini" 11 22 427 3.86617441562994 0.000110555886649818 0.451990632318501
"Cricetomys emini" 11 33 415 4.15557330163882 3.24472893024373e-05 0.498795180722892
"Cricetomys emini" 11 44 403 3.54325170345559 0.000395225287455519 0.550868486352357
"Cricetomys emini" 11 55 376 3.59015329239549 0.000330483548208443 0.582446808510638
"Cricetomys emini" 11 66 320 2.47745003316292 0.0132324935486569 0.5875
"Cricetomys emini" 11 77 211 NA NA 0.658767772511848
"Cricetomys emini" 11 88 158 NA NA 0.69620253164557
"Cricetomys emini" 11 99 75 NA NA 0.813333333333333
"Cricetomys emini" 11 110 47 NA NA 0.851063829787234
"Cricetomys emini" 11 121 43 NA NA 0.883720930232558
"Cricetomys emini" 11 132 41 NA NA 0.878048780487805
"Cricetomys emini" 11 143 40 NA NA 0.875
"Cricetomys emini" 11 154 39 NA NA 0.897435897435897
"Cricetomys emini" 11 165 39 NA NA 0.897435897435897
"Cricetomys emini" 11 176 37 NA NA 0.891891891891892
"Cricetomys emini" 11 187 34 NA NA 0.882352941176471
"Cricetomys emini" 11 198 33 NA NA 0.878787878787879
"Cricetomys emini" 12 24 425 3.91068897139346 9.20332228922267e-05 0.461176470588235
"Cricetomys emini" 12 36 412 4.19519624554432 2.72635432125383e-05 0.514563106796116
"Cricetomys emini" 12 48 397 3.64559082838511 0.000266778166558905 0.566750629722922
"Cricetomys emini" 12 60 361 3.96129982731489 7.45428591764479e-05 0.590027700831025
"Cricetomys emini" 12 72 249 1.45381340517078 0.145998045919379 0.618473895582329
"Cricetomys emini" 12 84 166 NA NA 0.680722891566265
"Cricetomys emini" 12 96 105 NA NA 0.752380952380952
"Cricetomys emini" 12 108 49 NA NA 0.836734693877551
"Cricetomys emini" 12 120 43 NA NA 0.883720930232558
"Cricetomys emini" 12 132 41 NA NA 0.878048780487805
"Cricetomys emini" 12 144 40 NA NA 0.875
"Cricetomys emini" 12 156 39 NA NA 0.897435897435897
"Cricetomys emini" 12 168 39 NA NA 0.897435897435897
"Cricetomys emini" 12 180 37 NA NA 0.891891891891892
"Cricetomys emini" 12 192 33 NA NA 0.878787878787879
"Cricetomys emini" 13 26 422 3.84137991739969 0.000122344584475698 0.471563981042654
"Cricetomys emini" 13 39 409 3.92024711329379 8.84582169860138e-05 0.533007334963325
"Cricetomys emini" 13 52 386 3.64707073729445 0.000265246920996036 0.582901554404145
"Cricetomys emini" 13 65 327 2.96647940504299 0.00301230535078107 0.584097859327217
"Cricetomys emini" 13 78 209 NA NA 0.660287081339713
"Cricetomys emini" 13 91 150 NA NA 0.72
"Cricetomys emini" 13 104 75 NA NA 0.813333333333333
"Cricetomys emini" 13 117 43 NA NA 0.86046511627907
"Cricetomys emini" 13 130 41 NA NA 0.878048780487805
"Cricetomys emini" 13 143 40 NA NA 0.875
"Cricetomys emini" 13 156 39 NA NA 0.897435897435897
"Cricetomys emini" 13 169 39 NA NA 0.897435897435897
"Cricetomys emini" 13 182 37 NA NA 0.891891891891892
"Cricetomys emini" 13 195 33 NA NA 0.878787878787879
"Cricetomys emini" 14 28 422 3.93853208570979 8.19816323552479e-05 0.476303317535545
"Cricetomys emini" 14 42 407 3.55820282309015 0.000373400940565682 0.540540540540541
"Cricetomys emini" 14 56 373 3.57752683702665 0.000346860615851006 0.587131367292225
"Cricetomys emini" 14 70 272 1.83315107551781 0.0667801072761804 0.606617647058823
"Cricetomys emini" 14 84 166 NA NA 0.680722891566265
"Cricetomys emini" 14 98 75 NA NA 0.813333333333333
"Cricetomys emini" 14 112 45 NA NA 0.866666666666667
"Cricetomys emini" 14 126 43 NA NA 0.883720930232558
"Cricetomys emini" 14 140 40 NA NA 0.875
"Cricetomys emini" 14 154 39 NA NA 0.897435897435897
"Cricetomys emini" 14 168 39 NA NA 0.897435897435897
"Cricetomys emini" 14 182 37 NA NA 0.891891891891892
"Cricetomys emini" 14 196 33 NA NA 0.878787878787879
"Cricetomys emini" 15 30 420 4.23888056274231 2.24637124637816e-05 0.478571428571429
"Cricetomys emini" 15 45 402 3.2744302805953 0.00105875261612124 0.557213930348259
"Cricetomys emini" 15 60 361 3.98745940026348 6.6784628543485e-05 0.590027700831025
"Cricetomys emini" 15 75 218 NA NA 0.651376146788991
"Cricetomys emini" 15 90 151 NA NA 0.721854304635762
"Cricetomys emini" 15 105 73 NA NA 0.808219178082192
"Cricetomys emini" 15 120 43 NA NA 0.883720930232558
"Cricetomys emini" 15 135 41 NA NA 0.878048780487805
"Cricetomys emini" 15 150 40 NA NA 0.875
"Cricetomys emini" 15 165 39 NA NA 0.897435897435897
"Cricetomys emini" 15 180 37 NA NA 0.891891891891892
"Cricetomys emini" 15 195 33 NA NA 0.878787878787879
"Cricetomys emini" 16 32 419 4.1989561108379 2.68148282315275e-05 0.486873508353222
"Cricetomys emini" 16 48 397 3.38102573982387 0.00072215777661801 0.566750629722922
"Cricetomys emini" 16 64 341 3.34839748986807 0.00081280343535285 0.592375366568915
"Cricetomys emini" 16 80 180 NA NA 0.65
"Cricetomys emini" 16 96 105 NA NA 0.752380952380952
"Cricetomys emini" 16 112 45 NA NA 0.866666666666667
"Cricetomys emini" 16 128 42 NA NA 0.880952380952381
"Cricetomys emini" 16 144 40 NA NA 0.875
"Cricetomys emini" 16 160 39 NA NA 0.897435897435897
"Cricetomys emini" 16 176 37 NA NA 0.891891891891892
"Cricetomys emini" 16 192 33 NA NA 0.878787878787879
"Cricetomys emini" 17 34 415 4.26738393808569 1.97778607856385e-05 0.506024096385542
"Cricetomys emini" 17 51 388 3.64709974754337 0.000265216986913284 0.579896907216495
"Cricetomys emini" 17 68 296 1.83587122396406 0.0663767044905058 0.587837837837838
"Cricetomys emini" 17 85 166 NA NA 0.680722891566265
"Cricetomys emini" 17 102 75 NA NA 0.813333333333333
"Cricetomys emini" 17 119 43 NA NA 0.86046511627907
"Cricetomys emini" 17 136 41 NA NA 0.878048780487805
"Cricetomys emini" 17 153 40 NA NA 0.9
"Cricetomys emini" 17 170 39 NA NA 0.897435897435897
"Cricetomys emini" 17 187 34 NA NA 0.882352941176471
"Cricetomys emini" 18 36 412 4.28543821274048 1.82379332792806e-05 0.514563106796116
"Cricetomys emini" 18 54 381 3.69708698246923 0.000218087633039891 0.582677165354331
"Cricetomys emini" 18 72 249 1.61292167457688 0.106761525583767 0.618473895582329
"Cricetomys emini" 18 90 151 NA NA 0.721854304635762
"Cricetomys emini" 18 108 49 NA NA 0.836734693877551
"Cricetomys emini" 18 126 43 NA NA 0.883720930232558
"Cricetomys emini" 18 144 40 NA NA 0.875
"Cricetomys emini" 18 162 39 NA NA 0.897435897435897
"Cricetomys emini" 18 180 37 NA NA 0.891891891891892
"Cricetomys emini" 18 198 33 NA NA 0.878787878787879
"Cricetomys emini" 19 38 410 4.31788181777888 1.57533737913404e-05 0.519512195121951
"Cricetomys emini" 19 57 370 3.78044971462854 0.000156545336019409 0.589189189189189
"Cricetomys emini" 19 76 216 NA NA 0.657407407407407
"Cricetomys emini" 19 95 127 NA NA 0.748031496062992
"Cricetomys emini" 19 114 45 NA NA 0.866666666666667
"Cricetomys emini" 19 133 41 NA NA 0.878048780487805
"Cricetomys emini" 19 152 40 NA NA 0.9
"Cricetomys emini" 19 171 39 NA NA 0.897435897435897
"Cricetomys emini" 19 190 34 NA NA 0.882352941176471
"Cricetomys emini" 20 40 408 3.830245536724 0.000128015455944635 0.531862745098039
"Cricetomys emini" 20 60 361 4.09634526421627 4.1972380742292e-05 0.590027700831025
"Cricetomys emini" 20 80 180 NA NA 0.65
"Cricetomys emini" 20 100 75 NA NA 0.813333333333333
"Cricetomys emini" 20 120 43 NA NA 0.883720930232558
"Cricetomys emini" 20 140 40 NA NA 0.875
"Cricetomys emini" 20 160 39 NA NA 0.897435897435897
"Cricetomys emini" 20 180 37 NA NA 0.891891891891892
"Cricetomys emini" 20 200 33 NA NA 0.878787878787879
"Cricetomys emini" 21 42 407 3.66066787380093 0.000251558670521016 0.540540540540541
"Cricetomys emini" 21 63 349 4.11564437064996 3.86099232482594e-05 0.593123209169054
"Cricetomys emini" 21 84 166 NA NA 0.680722891566265
"Cricetomys emini" 21 105 73 NA NA 0.808219178082192
"Cricetomys emini" 21 126 43 NA NA 0.883720930232558
"Cricetomys emini" 21 147 40 NA NA 0.875
"Cricetomys emini" 21 168 39 NA NA 0.897435897435897
"Cricetomys emini" 21 189 34 NA NA 0.882352941176471
"Cricetomys emini" 22 44 403 3.15463721780065 0.0016069779040663 0.550868486352357
"Cricetomys emini" 22 66 320 2.15008501876269 0.0315484904055825 0.5875
"Cricetomys emini" 22 88 158 NA NA 0.69620253164557
"Cricetomys emini" 22 110 47 NA NA 0.851063829787234
"Cricetomys emini" 22 132 41 NA NA 0.878048780487805
"Cricetomys emini" 22 154 39 NA NA 0.897435897435897
"Cricetomys emini" 22 176 37 NA NA 0.891891891891892
"Cricetomys emini" 22 198 33 NA NA 0.878787878787879
"Cricetomys emini" 23 46 401 2.90783353605372 0.00363942009919232 0.561097256857855
"Cricetomys emini" 23 69 283 1.37657348080231 0.168644154581176 0.590106007067138
"Cricetomys emini" 23 92 146 NA NA 0.726027397260274
"Cricetomys emini" 23 115 44 NA NA 0.863636363636364
"Cricetomys emini" 23 138 41 NA NA 0.878048780487805
"Cricetomys emini" 23 161 39 NA NA 0.897435897435897
"Cricetomys emini" 23 184 36 NA NA 0.888888888888889
"Cricetomys emini" 24 48 397 2.83288135150442 0.00461305048824988 0.566750629722922
"Cricetomys emini" 24 72 249 1.19491620351867 0.232119771414524 0.618473895582329
"Cricetomys emini" 24 96 105 NA NA 0.752380952380952
"Cricetomys emini" 24 120 43 NA NA 0.883720930232558
"Cricetomys emini" 24 144 40 NA NA 0.875
"Cricetomys emini" 24 168 39 NA NA 0.897435897435897
"Cricetomys emini" 24 192 33 NA NA 0.878787878787879
"Cricetomys emini" 25 50 391 3.12347030037059 0.00178731902392999 0.575447570332481
"Cricetomys emini" 25 75 218 NA NA 0.651376146788991
"Cricetomys emini" 25 100 75 NA NA 0.813333333333333
"Cricetomys emini" 25 125 43 NA NA 0.883720930232558
"Cricetomys emini" 25 150 40 NA NA 0.875
"Cricetomys emini" 25 175 37 NA NA 0.891891891891892
"Cricetomys emini" 25 200 33 NA NA 0.878787878787879
"Cricetomys emini" 26 52 386 3.0856480671915 0.00203109068363384 0.582901554404145
"Cricetomys emini" 26 78 209 NA NA 0.660287081339713
"Cricetomys emini" 26 104 75 NA NA 0.813333333333333
"Cricetomys emini" 26 130 41 NA NA 0.878048780487805
"Cricetomys emini" 26 156 39 NA NA 0.897435897435897
"Cricetomys emini" 26 182 37 NA NA 0.891891891891892
"Cricetomys emini" 27 54 381 3.06749719011904 0.00215859490086909 0.582677165354331
"Cricetomys emini" 27 81 176 NA NA 0.653409090909091
"Cricetomys emini" 27 108 49 NA NA 0.836734693877551
"Cricetomys emini" 27 135 41 NA NA 0.878048780487805
"Cricetomys emini" 27 162 39 NA NA 0.897435897435897
"Cricetomys emini" 27 189 34 NA NA 0.882352941176471
"Cricetomys emini" 28 56 373 3.02161047562665 0.0025143387122278 0.587131367292225
"Cricetomys emini" 28 84 166 NA NA 0.680722891566265
"Cricetomys emini" 28 112 45 NA NA 0.866666666666667
"Cricetomys emini" 28 140 40 NA NA 0.875
"Cricetomys emini" 28 168 39 NA NA 0.897435897435897
"Cricetomys emini" 28 196 33 NA NA 0.878787878787879
"Cricetomys emini" 29 58 366 3.24390327792052 0.00117903775458591 0.587431693989071
"Cricetomys emini" 29 87 163 NA NA 0.687116564417178
"Cricetomys emini" 29 116 44 NA NA 0.863636363636364
"Cricetomys emini" 29 145 40 NA NA 0.875
"Cricetomys emini" 29 174 38 NA NA 0.894736842105263
"Cricetomys emini" 30 60 361 3.2485949365237 0.00115976500407095 0.590027700831025
"Cricetomys emini" 30 90 151 NA NA 0.721854304635762
"Cricetomys emini" 30 120 43 NA NA 0.883720930232558
"Cricetomys emini" 30 150 40 NA NA 0.875
"Cricetomys emini" 30 180 37 NA NA 0.891891891891892
"Cricetomys emini" 31 62 351 3.38067667090334 0.000723075738553913 0.592592592592593
"Cricetomys emini" 31 93 142 NA NA 0.725352112676056
"Cricetomys emini" 31 124 43 NA NA 0.883720930232558
"Cricetomys emini" 31 155 39 NA NA 0.897435897435897
"Cricetomys emini" 31 186 35 NA NA 0.885714285714286
"Cricetomys emini" 32 64 341 3.07739542677517 0.00208818091919414 0.592375366568915
"Cricetomys emini" 32 96 105 NA NA 0.752380952380952
"Cricetomys emini" 32 128 42 NA NA 0.880952380952381
"Cricetomys emini" 32 160 39 NA NA 0.897435897435897
"Cricetomys emini" 32 192 33 NA NA 0.878787878787879
"Cricetomys emini" 33 66 320 1.85798959242716 0.0631704922786478 0.5875
"Cricetomys emini" 33 99 75 NA NA 0.813333333333333
"Cricetomys emini" 33 132 41 NA NA 0.878048780487805
"Cricetomys emini" 33 165 39 NA NA 0.897435897435897
"Cricetomys emini" 33 198 33 NA NA 0.878787878787879
"Cricetomys emini" 34 68 296 1.45770902343369 0.144920763708892 0.587837837837838
"Cricetomys emini" 34 102 75 NA NA 0.813333333333333
"Cricetomys emini" 34 136 41 NA NA 0.878048780487805
"Cricetomys emini" 34 170 39 NA NA 0.897435897435897
"Cricetomys emini" 35 70 272 1.5257785701155 0.127065019394631 0.606617647058823
"Cricetomys emini" 35 105 73 NA NA 0.808219178082192
"Cricetomys emini" 35 140 40 NA NA 0.875
"Cricetomys emini" 35 175 37 NA NA 0.891891891891892
"Cricetomys emini" 36 72 249 1.25813256962804 0.208343816198884 0.618473895582329
"Cricetomys emini" 36 108 49 NA NA 0.836734693877551
"Cricetomys emini" 36 144 40 NA NA 0.875
"Cricetomys emini" 36 180 37 NA NA 0.891891891891892
"Cricetomys emini" 37 74 225 NA NA 0.648888888888889
"Cricetomys emini" 37 111 45 NA NA 0.866666666666667
"Cricetomys emini" 37 148 40 NA NA 0.875
"Cricetomys emini" 37 185 35 NA NA 0.885714285714286
"Cricetomys emini" 38 76 216 NA NA 0.657407407407407
"Cricetomys emini" 38 114 45 NA NA 0.866666666666667
"Cricetomys emini" 38 152 40 NA NA 0.9
"Cricetomys emini" 38 190 34 NA NA 0.882352941176471
"Cricetomys emini" 39 78 209 NA NA 0.660287081339713
"Cricetomys emini" 39 117 43 NA NA 0.86046511627907
"Cricetomys emini" 39 156 39 NA NA 0.897435897435897
"Cricetomys emini" 39 195 33 NA NA 0.878787878787879
"Cricetomys emini" 40 80 180 NA NA 0.65
"Cricetomys emini" 40 120 43 NA NA 0.883720930232558
"Cricetomys emini" 40 160 39 NA NA 0.897435897435897
"Cricetomys emini" 40 200 33 NA NA 0.878787878787879
"Cricetomys emini" 41 82 170 NA NA 0.670588235294118
"Cricetomys emini" 41 123 43 NA NA 0.883720930232558
"Cricetomys emini" 41 164 39 NA NA 0.897435897435897
"Cricetomys emini" 42 84 166 NA NA 0.680722891566265
"Cricetomys emini" 42 126 43 NA NA 0.883720930232558
"Cricetomys emini" 42 168 39 NA NA 0.897435897435897
"Cricetomys emini" 43 86 165 NA NA 0.684848484848485
"Cricetomys emini" 43 129 42 NA NA 0.880952380952381
"Cricetomys emini" 43 172 39 NA NA 0.897435897435897
"Cricetomys emini" 44 88 158 NA NA 0.69620253164557
"Cricetomys emini" 44 132 41 NA NA 0.878048780487805
"Cricetomys emini" 44 176 37 NA NA 0.891891891891892
"Cricetomys emini" 45 90 151 NA NA 0.721854304635762
"Cricetomys emini" 45 135 41 NA NA 0.878048780487805
"Cricetomys emini" 45 180 37 NA NA 0.891891891891892
"Cricetomys emini" 46 92 146 NA NA 0.726027397260274
"Cricetomys emini" 46 138 41 NA NA 0.878048780487805
"Cricetomys emini" 46 184 36 NA NA 0.888888888888889
"Cricetomys emini" 47 94 142 NA NA 0.725352112676056
"Cricetomys emini" 47 141 40 NA NA 0.875
"Cricetomys emini" 47 188 34 NA NA 0.882352941176471
"Cricetomys emini" 48 96 105 NA NA 0.752380952380952
"Cricetomys emini" 48 144 40 NA NA 0.875
"Cricetomys emini" 48 192 33 NA NA 0.878787878787879
"Cricetomys emini" 49 98 75 NA NA 0.813333333333333
"Cricetomys emini" 49 147 40 NA NA 0.875
"Cricetomys emini" 49 196 33 NA NA 0.878787878787879
"Cricetomys emini" 50 100 75 NA NA 0.813333333333333
"Cricetomys emini" 50 150 40 NA NA 0.875
"Cricetomys emini" 50 200 33 NA NA 0.878787878787879
"Cricetomys emini" 51 102 75 NA NA 0.813333333333333
"Cricetomys emini" 51 153 40 NA NA 0.9
"Cricetomys emini" 52 104 75 NA NA 0.813333333333333
"Cricetomys emini" 52 156 39 NA NA 0.897435897435897
"Cricetomys emini" 53 106 61 NA NA 0.786885245901639
"Cricetomys emini" 53 159 39 NA NA 0.897435897435897
"Cricetomys emini" 54 108 49 NA NA 0.836734693877551
"Cricetomys emini" 54 162 39 NA NA 0.897435897435897
"Cricetomys emini" 55 110 47 NA NA 0.851063829787234
"Cricetomys emini" 55 165 39 NA NA 0.897435897435897
"Cricetomys emini" 56 112 45 NA NA 0.866666666666667
"Cricetomys emini" 56 168 39 NA NA 0.897435897435897
"Cricetomys emini" 57 114 45 NA NA 0.866666666666667
"Cricetomys emini" 57 171 39 NA NA 0.897435897435897
"Cricetomys emini" 58 116 44 NA NA 0.863636363636364
"Cricetomys emini" 58 174 38 NA NA 0.894736842105263
"Cricetomys emini" 59 118 43 NA NA 0.86046511627907
"Cricetomys emini" 59 177 37 NA NA 0.891891891891892
"Cricetomys emini" 60 120 43 NA NA 0.883720930232558
"Cricetomys emini" 60 180 37 NA NA 0.891891891891892
"Cricetomys emini" 61 122 43 NA NA 0.883720930232558
"Cricetomys emini" 61 183 37 NA NA 0.891891891891892
"Cricetomys emini" 62 124 43 NA NA 0.883720930232558
"Cricetomys emini" 62 186 35 NA NA 0.885714285714286
"Cricetomys emini" 63 126 43 NA NA 0.883720930232558
"Cricetomys emini" 63 189 34 NA NA 0.882352941176471
"Cricetomys emini" 64 128 42 NA NA 0.880952380952381
"Cricetomys emini" 64 192 33 NA NA 0.878787878787879
"Cricetomys emini" 65 130 41 NA NA 0.878048780487805
"Cricetomys emini" 65 195 33 NA NA 0.878787878787879
"Cricetomys emini" 66 132 41 NA NA 0.878048780487805
"Cricetomys emini" 66 198 33 NA NA 0.878787878787879
"Cricetomys emini" 67 134 41 NA NA 0.878048780487805
"Cricetomys emini" 68 136 41 NA NA 0.878048780487805
"Cricetomys emini" 69 138 41 NA NA 0.878048780487805
"Cricetomys emini" 70 140 40 NA NA 0.875
"Cricetomys emini" 71 142 40 NA NA 0.875
"Cricetomys emini" 72 144 40 NA NA 0.875
"Cricetomys emini" 73 146 40 NA NA 0.875
"Cricetomys emini" 74 148 40 NA NA 0.875
"Cricetomys emini" 75 150 40 NA NA 0.875
"Cricetomys emini" 76 152 40 NA NA 0.9
"Cricetomys emini" 77 154 39 NA NA 0.897435897435897
"Cricetomys emini" 78 156 39 NA NA 0.897435897435897
"Cricetomys emini" 79 158 39 NA NA 0.897435897435897
"Cricetomys emini" 80 160 39 NA NA 0.897435897435897
"Cricetomys emini" 81 162 39 NA NA 0.897435897435897
"Cricetomys emini" 82 164 39 NA NA 0.897435897435897
"Cricetomys emini" 83 166 39 NA NA 0.897435897435897
"Cricetomys emini" 84 168 39 NA NA 0.897435897435897
"Cricetomys emini" 85 170 39 NA NA 0.897435897435897
"Cricetomys emini" 86 172 39 NA NA 0.897435897435897
"Cricetomys emini" 87 174 38 NA NA 0.894736842105263
"Cricetomys emini" 88 176 37 NA NA 0.891891891891892
"Cricetomys emini" 89 178 37 NA NA 0.891891891891892
"Cricetomys emini" 90 180 37 NA NA 0.891891891891892
"Cricetomys emini" 91 182 37 NA NA 0.891891891891892
"Cricetomys emini" 92 184 36 NA NA 0.888888888888889
"Cricetomys emini" 93 186 35 NA NA 0.885714285714286
"Cricetomys emini" 94 188 34 NA NA 0.882352941176471
"Cricetomys emini" 95 190 34 NA NA 0.882352941176471
"Cricetomys emini" 96 192 33 NA NA 0.878787878787879
"Cricetomys emini" 97 194 33 NA NA 0.878787878787879
"Cricetomys emini" 98 196 33 NA NA 0.878787878787879
"Cricetomys emini" 99 198 33 NA NA 0.878787878787879
"Cricetomys emini" 100 200 33 NA NA 0.878787878787879
