"species" "time_interval" "study_duration" "n_cams" "z" "P" "p_presence"
"Xenogale naso" 1 2 454 -1.35880955876965 0.174206943548469 0.0110132158590308
"Xenogale naso" 1 3 454 NA NA 0.0220264317180617
"Xenogale naso" 1 4 452 NA NA 0.0309734513274336
"Xenogale naso" 1 5 450 NA NA 0.0355555555555556
"Xenogale naso" 1 6 449 -2.2782670018736 0.0227106744324728 0.0467706013363029
"Xenogale naso" 1 7 447 -2.42565764657275 0.0152806775004275 0.0536912751677852
"Xenogale naso" 1 8 447 -2.62494865626228 0.00866620342816474 0.0559284116331096
"Xenogale naso" 1 9 447 -2.248164127509 0.0245657261799992 0.0671140939597315
"Xenogale naso" 1 10 445 -2.26323676406708 0.0236210980609564 0.0674157303370786
"Xenogale naso" 1 11 440 -2.39343681356531 0.0166913560414387 0.0772727272727273
"Xenogale naso" 1 12 439 -2.27764748314753 0.0227475890290238 0.0865603644646925
"Xenogale naso" 1 13 438 -2.30685517207686 0.0210628953068151 0.0867579908675799
"Xenogale naso" 1 14 436 -2.11312369754842 0.0345901818752749 0.0894495412844037
"Xenogale naso" 1 15 436 -1.84131495373837 0.0655754176078205 0.100917431192661
"Xenogale naso" 1 16 435 -1.796931546117 0.0723464877952872 0.105747126436782
"Xenogale naso" 1 17 435 -1.59128615037752 0.111545192230153 0.12183908045977
"Xenogale naso" 1 18 434 -1.42642991676087 0.1537442832485 0.129032258064516
"Xenogale naso" 1 19 432 -1.46344440976061 0.143345814317296 0.12962962962963
"Xenogale naso" 1 20 430 -1.3814075726092 0.167153678833288 0.132558139534884
"Xenogale naso" 1 21 429 -1.61182539687021 0.106999939983643 0.137529137529138
"Xenogale naso" 1 22 427 -1.77996120597991 0.075082309773013 0.14519906323185
"Xenogale naso" 1 23 426 -1.70146852608665 0.0888550430819575 0.147887323943662
"Xenogale naso" 1 24 425 -1.42651588654413 0.153719484528097 0.155294117647059
"Xenogale naso" 1 25 423 -1.58560085639547 0.112829881858373 0.156028368794326
"Xenogale naso" 1 26 422 -1.59925871619476 0.109763128581328 0.158767772511848
"Xenogale naso" 1 27 422 -1.59067911405027 0.111681809646696 0.163507109004739
"Xenogale naso" 1 28 422 -1.64001900119735 0.101001216239186 0.163507109004739
"Xenogale naso" 1 29 422 -1.48780608166475 0.136802041358527 0.16824644549763
"Xenogale naso" 1 30 420 -1.74865915461464 0.0803499544116499 0.171428571428571
"Xenogale naso" 1 31 419 -1.68642061799329 0.0917148129706362 0.174224343675418
"Xenogale naso" 1 32 419 -1.74399755451562 0.0811595162648064 0.176610978520286
"Xenogale naso" 1 33 415 -2.23679864627289 0.0252995030749187 0.187951807228916
"Xenogale naso" 1 34 415 -2.30434738121176 0.0212031512144935 0.190361445783133
"Xenogale naso" 1 35 413 -2.13910826061507 0.0324269015556825 0.191283292978208
"Xenogale naso" 1 36 412 -2.29715397203895 0.021609987785481 0.194174757281553
"Xenogale naso" 1 37 410 -2.50970484435576 0.0120832110765229 0.2
"Xenogale naso" 1 38 410 -2.24139210052579 0.0250006877587509 0.214634146341463
"Xenogale naso" 1 39 409 -2.44477627657156 0.0144942021040332 0.220048899755501
"Xenogale naso" 1 40 408 -2.2801720167599 0.0225974883063277 0.225490196078431
"Xenogale naso" 1 41 407 -2.2903129537943 0.0220031814292939 0.230958230958231
"Xenogale naso" 1 42 407 -2.45521840538545 0.0140799015694955 0.233415233415233
"Xenogale naso" 1 43 405 -2.3719507705109 0.0176944481348067 0.232098765432099
"Xenogale naso" 1 44 403 -2.52600231905499 0.0115368719696346 0.233250620347395
"Xenogale naso" 1 45 402 -2.42125019985266 0.015467227436768 0.236318407960199
"Xenogale naso" 1 46 401 -2.43448360689526 0.0149130553530733 0.241895261845387
"Xenogale naso" 1 47 398 -2.56186940687919 0.0104110457735439 0.251256281407035
"Xenogale naso" 1 48 397 -2.49603106972479 0.0125591600596118 0.254408060453401
"Xenogale naso" 1 49 395 -2.54918781329888 0.0107974134192408 0.260759493670886
"Xenogale naso" 1 50 391 -2.62563153976601 0.0086488383881251 0.263427109974425
"Xenogale naso" 1 51 388 -2.79121708252724 0.0052510241236175 0.265463917525773
"Xenogale naso" 1 52 386 -2.89648078681521 0.00377373749567004 0.266839378238342
"Xenogale naso" 1 53 382 -2.79582923219773 0.00517667453085148 0.264397905759162
"Xenogale naso" 1 54 381 -2.83163958403023 0.0046310015712246 0.26509186351706
"Xenogale naso" 1 55 376 -2.86672079561775 0.00414748736471888 0.271276595744681
"Xenogale naso" 1 56 373 -2.87895175248212 0.0039899937063713 0.276139410187668
"Xenogale naso" 1 57 370 -2.77607526367621 0.00550194703435332 0.278378378378378
"Xenogale naso" 1 58 366 -2.54691367577238 0.0108680313919354 0.286885245901639
"Xenogale naso" 1 59 364 -2.54159500908178 0.0110347951098683 0.288461538461538
"Xenogale naso" 1 60 361 -2.71454937358314 0.00663660067474408 0.290858725761773
"Xenogale naso" 1 61 356 -2.65215473185313 0.00799798802854601 0.292134831460674
"Xenogale naso" 1 62 351 -2.69657774331892 0.00700560424127234 0.293447293447293
"Xenogale naso" 1 63 349 -2.84529966554319 0.00443696595946239 0.292263610315186
"Xenogale naso" 1 64 341 -2.51234306993826 0.0119932433176357 0.293255131964809
"Xenogale naso" 1 65 327 -2.1066305655528 0.0351496151359762 0.290519877675841
"Xenogale naso" 1 66 320 -1.76469709842633 0.0776146865071813 0.290625
"Xenogale naso" 1 67 304 -0.360822473901598 0.718232161252711 0.282894736842105
"Xenogale naso" 1 68 296 -0.211602096071289 0.832417473932558 0.283783783783784
"Xenogale naso" 1 69 283 -1.34425608530221 0.17886559095242 0.27208480565371
"Xenogale naso" 1 70 272 -1.51460636908745 0.129872118308149 0.279411764705882
"Xenogale naso" 1 71 268 -1.39816209236226 0.162064397341243 0.283582089552239
"Xenogale naso" 1 72 249 -1.53497860566762 0.124789083346241 0.240963855421687
"Xenogale naso" 1 73 231 NA NA 0.220779220779221
"Xenogale naso" 1 74 225 NA NA 0.226666666666667
"Xenogale naso" 1 75 218 NA NA 0.229357798165138
"Xenogale naso" 1 76 216 NA NA 0.231481481481481
"Xenogale naso" 1 77 211 NA NA 0.232227488151659
"Xenogale naso" 1 78 209 NA NA 0.23444976076555
"Xenogale naso" 1 79 195 NA NA 0.256410256410256
"Xenogale naso" 1 80 180 NA NA 0.266666666666667
"Xenogale naso" 1 81 176 NA NA 0.261363636363636
"Xenogale naso" 1 82 170 NA NA 0.264705882352941
"Xenogale naso" 1 83 166 NA NA 0.271084337349398
"Xenogale naso" 1 84 166 NA NA 0.271084337349398
"Xenogale naso" 1 85 166 NA NA 0.271084337349398
"Xenogale naso" 1 86 165 NA NA 0.266666666666667
"Xenogale naso" 1 87 163 NA NA 0.276073619631902
"Xenogale naso" 1 88 158 NA NA 0.278481012658228
"Xenogale naso" 1 89 153 NA NA 0.281045751633987
"Xenogale naso" 1 90 151 NA NA 0.291390728476821
"Xenogale naso" 1 91 150 NA NA 0.293333333333333
"Xenogale naso" 1 92 146 NA NA 0.294520547945205
"Xenogale naso" 1 93 142 NA NA 0.28169014084507
"Xenogale naso" 1 94 142 NA NA 0.28169014084507
"Xenogale naso" 1 95 127 NA NA 0.291338582677165
"Xenogale naso" 1 96 105 NA NA 0.304761904761905
"Xenogale naso" 1 97 89 NA NA 0.303370786516854
"Xenogale naso" 1 98 75 NA NA 0.333333333333333
"Xenogale naso" 1 99 75 NA NA 0.333333333333333
"Xenogale naso" 1 100 75 NA NA 0.333333333333333
"Xenogale naso" 1 101 75 NA NA 0.333333333333333
"Xenogale naso" 1 102 75 NA NA 0.333333333333333
"Xenogale naso" 1 103 75 NA NA 0.333333333333333
"Xenogale naso" 1 104 75 NA NA 0.333333333333333
"Xenogale naso" 1 105 73 NA NA 0.328767123287671
"Xenogale naso" 1 106 61 NA NA 0.311475409836066
"Xenogale naso" 1 107 56 NA NA 0.321428571428571
"Xenogale naso" 1 108 49 NA NA 0.326530612244898
"Xenogale naso" 1 109 48 NA NA 0.333333333333333
"Xenogale naso" 1 110 47 NA NA 0.319148936170213
"Xenogale naso" 1 111 45 NA NA 0.311111111111111
"Xenogale naso" 1 112 45 NA NA 0.311111111111111
"Xenogale naso" 1 113 45 NA NA 0.311111111111111
"Xenogale naso" 1 114 45 NA NA 0.311111111111111
"Xenogale naso" 1 115 44 NA NA 0.295454545454545
"Xenogale naso" 1 116 44 NA NA 0.295454545454545
"Xenogale naso" 1 117 43 NA NA 0.302325581395349
"Xenogale naso" 1 118 43 NA NA 0.302325581395349
"Xenogale naso" 1 119 43 NA NA 0.302325581395349
"Xenogale naso" 1 120 43 NA NA 0.302325581395349
"Xenogale naso" 1 121 43 NA NA 0.302325581395349
"Xenogale naso" 1 122 43 NA NA 0.302325581395349
"Xenogale naso" 1 123 43 NA NA 0.302325581395349
"Xenogale naso" 1 124 43 NA NA 0.302325581395349
"Xenogale naso" 1 125 43 NA NA 0.302325581395349
"Xenogale naso" 1 126 43 NA NA 0.302325581395349
"Xenogale naso" 1 127 43 NA NA 0.325581395348837
"Xenogale naso" 1 128 42 NA NA 0.333333333333333
"Xenogale naso" 1 129 42 NA NA 0.333333333333333
"Xenogale naso" 1 130 41 NA NA 0.317073170731707
"Xenogale naso" 1 131 41 NA NA 0.317073170731707
"Xenogale naso" 1 132 41 NA NA 0.317073170731707
"Xenogale naso" 1 133 41 NA NA 0.317073170731707
"Xenogale naso" 1 134 41 NA NA 0.317073170731707
"Xenogale naso" 1 135 41 NA NA 0.317073170731707
"Xenogale naso" 1 136 41 NA NA 0.317073170731707
"Xenogale naso" 1 137 41 NA NA 0.317073170731707
"Xenogale naso" 1 138 41 NA NA 0.317073170731707
"Xenogale naso" 1 139 40 NA NA 0.35
"Xenogale naso" 1 140 40 NA NA 0.35
"Xenogale naso" 1 141 40 NA NA 0.35
"Xenogale naso" 1 142 40 NA NA 0.35
"Xenogale naso" 1 143 40 NA NA 0.35
"Xenogale naso" 1 144 40 NA NA 0.35
"Xenogale naso" 1 145 40 NA NA 0.35
"Xenogale naso" 1 146 40 NA NA 0.35
"Xenogale naso" 1 147 40 NA NA 0.35
"Xenogale naso" 1 148 40 NA NA 0.35
"Xenogale naso" 1 149 40 NA NA 0.35
"Xenogale naso" 1 150 40 NA NA 0.35
"Xenogale naso" 1 151 40 NA NA 0.35
"Xenogale naso" 1 152 40 NA NA 0.35
"Xenogale naso" 1 153 40 NA NA 0.35
"Xenogale naso" 1 154 39 NA NA 0.358974358974359
"Xenogale naso" 1 155 39 NA NA 0.358974358974359
"Xenogale naso" 1 156 39 NA NA 0.358974358974359
"Xenogale naso" 1 157 39 NA NA 0.358974358974359
"Xenogale naso" 1 158 39 NA NA 0.358974358974359
"Xenogale naso" 1 159 39 NA NA 0.358974358974359
"Xenogale naso" 1 160 39 NA NA 0.358974358974359
"Xenogale naso" 1 161 39 NA NA 0.358974358974359
"Xenogale naso" 1 162 39 NA NA 0.358974358974359
"Xenogale naso" 1 163 39 NA NA 0.358974358974359
"Xenogale naso" 1 164 39 NA NA 0.358974358974359
"Xenogale naso" 1 165 39 NA NA 0.358974358974359
"Xenogale naso" 1 166 39 NA NA 0.358974358974359
"Xenogale naso" 1 167 39 NA NA 0.358974358974359
"Xenogale naso" 1 168 39 NA NA 0.358974358974359
"Xenogale naso" 1 169 39 NA NA 0.358974358974359
"Xenogale naso" 1 170 39 NA NA 0.358974358974359
"Xenogale naso" 1 171 39 NA NA 0.358974358974359
"Xenogale naso" 1 172 39 NA NA 0.358974358974359
"Xenogale naso" 1 173 38 NA NA 0.368421052631579
"Xenogale naso" 1 174 38 NA NA 0.368421052631579
"Xenogale naso" 1 175 37 NA NA 0.351351351351351
"Xenogale naso" 1 176 37 NA NA 0.351351351351351
"Xenogale naso" 1 177 37 NA NA 0.351351351351351
"Xenogale naso" 1 178 37 NA NA 0.351351351351351
"Xenogale naso" 1 179 37 NA NA 0.351351351351351
"Xenogale naso" 1 180 37 NA NA 0.351351351351351
"Xenogale naso" 1 181 37 NA NA 0.351351351351351
"Xenogale naso" 1 182 37 NA NA 0.351351351351351
"Xenogale naso" 1 183 37 NA NA 0.351351351351351
"Xenogale naso" 1 184 36 NA NA 0.333333333333333
"Xenogale naso" 1 185 35 NA NA 0.314285714285714
"Xenogale naso" 1 186 35 NA NA 0.314285714285714
"Xenogale naso" 1 187 34 NA NA 0.294117647058824
"Xenogale naso" 1 188 34 NA NA 0.294117647058824
"Xenogale naso" 1 189 34 NA NA 0.294117647058824
"Xenogale naso" 1 190 34 NA NA 0.294117647058824
"Xenogale naso" 1 191 33 NA NA 0.272727272727273
"Xenogale naso" 1 192 33 NA NA 0.272727272727273
"Xenogale naso" 1 193 33 NA NA 0.272727272727273
"Xenogale naso" 1 194 33 NA NA 0.272727272727273
"Xenogale naso" 1 195 33 NA NA 0.272727272727273
"Xenogale naso" 1 196 33 NA NA 0.272727272727273
"Xenogale naso" 1 197 33 NA NA 0.272727272727273
"Xenogale naso" 1 198 33 NA NA 0.272727272727273
"Xenogale naso" 1 199 33 NA NA 0.272727272727273
"Xenogale naso" 1 200 33 NA NA 0.272727272727273
"Xenogale naso" 2 4 452 NA NA 0.0309734513274336
"Xenogale naso" 2 6 449 -2.27673186356834 0.0228022425347461 0.0467706013363029
"Xenogale naso" 2 8 447 -2.56016956762015 0.010462110188884 0.0559284116331096
"Xenogale naso" 2 10 445 -2.14246593209742 0.0321560072751606 0.0674157303370786
"Xenogale naso" 2 12 439 -2.17523432199012 0.0296125614078678 0.0865603644646925
"Xenogale naso" 2 14 436 -2.01353973021164 0.0440578796572616 0.0894495412844037
"Xenogale naso" 2 16 435 -1.71394836206396 0.086538209917868 0.105747126436782
"Xenogale naso" 2 18 434 -1.34240109234388 0.1794659807416 0.129032258064516
"Xenogale naso" 2 20 430 -1.31249652715284 0.189352657042679 0.132558139534884
"Xenogale naso" 2 22 427 -1.69380559137013 0.0903022312698046 0.14519906323185
"Xenogale naso" 2 24 425 -1.30632724729707 0.191441294980998 0.155294117647059
"Xenogale naso" 2 26 422 -1.48823351569417 0.136689321326099 0.158767772511848
"Xenogale naso" 2 28 422 -1.52161145152687 0.128106466477283 0.163507109004739
"Xenogale naso" 2 30 420 -1.58223896887192 0.113595027403857 0.171428571428571
"Xenogale naso" 2 32 419 -1.52923701308137 0.126205697965395 0.176610978520286
"Xenogale naso" 2 34 415 -2.11051377160525 0.0348141262225028 0.190361445783133
"Xenogale naso" 2 36 412 -2.07555822398173 0.0379348285932045 0.194174757281553
"Xenogale naso" 2 38 410 -2.02424523770909 0.0429449251101175 0.214634146341463
"Xenogale naso" 2 40 408 -2.03256808412059 0.0420961787100949 0.225490196078431
"Xenogale naso" 2 42 407 -2.20211343837152 0.0276572964606159 0.233415233415233
"Xenogale naso" 2 44 403 -2.26738610165705 0.023366649766292 0.233250620347395
"Xenogale naso" 2 46 401 -2.17629289774106 0.0295333662759591 0.241895261845387
"Xenogale naso" 2 48 397 -2.25459692429565 0.0241586406917925 0.254408060453401
"Xenogale naso" 2 50 391 -2.37990265102702 0.0173172122275002 0.263427109974425
"Xenogale naso" 2 52 386 -2.56901647118093 0.0101987609767602 0.266839378238342
"Xenogale naso" 2 54 381 -2.47418312413524 0.0133541226946583 0.26509186351706
"Xenogale naso" 2 56 373 -2.52526637389366 0.0115610622266537 0.276139410187668
"Xenogale naso" 2 58 366 -2.21017295189929 0.0270931613999606 0.286885245901639
"Xenogale naso" 2 60 361 -2.3760787912876 0.0174977260119164 0.290858725761773
"Xenogale naso" 2 62 351 -2.37066279690717 0.0177562223747471 0.293447293447293
"Xenogale naso" 2 64 341 -2.26429712459744 0.0235558463215297 0.293255131964809
"Xenogale naso" 2 66 320 -1.61925295351904 0.105392848698087 0.290625
"Xenogale naso" 2 68 296 -0.280367687953629 0.779195424590343 0.283783783783784
"Xenogale naso" 2 70 272 -1.53859361769923 0.123903537637409 0.279411764705882
"Xenogale naso" 2 72 249 -1.55267229527364 0.120501444318044 0.240963855421687
"Xenogale naso" 2 74 225 NA NA 0.226666666666667
"Xenogale naso" 2 76 216 NA NA 0.231481481481481
"Xenogale naso" 2 78 209 NA NA 0.23444976076555
"Xenogale naso" 2 80 180 NA NA 0.266666666666667
"Xenogale naso" 2 82 170 NA NA 0.264705882352941
"Xenogale naso" 2 84 166 NA NA 0.271084337349398
"Xenogale naso" 2 86 165 NA NA 0.266666666666667
"Xenogale naso" 2 88 158 NA NA 0.278481012658228
"Xenogale naso" 2 90 151 NA NA 0.291390728476821
"Xenogale naso" 2 92 146 NA NA 0.294520547945205
"Xenogale naso" 2 94 142 NA NA 0.28169014084507
"Xenogale naso" 2 96 105 NA NA 0.304761904761905
"Xenogale naso" 2 98 75 NA NA 0.333333333333333
"Xenogale naso" 2 100 75 NA NA 0.333333333333333
"Xenogale naso" 2 102 75 NA NA 0.333333333333333
"Xenogale naso" 2 104 75 NA NA 0.333333333333333
"Xenogale naso" 2 106 61 NA NA 0.311475409836066
"Xenogale naso" 2 108 49 NA NA 0.326530612244898
"Xenogale naso" 2 110 47 NA NA 0.319148936170213
"Xenogale naso" 2 112 45 NA NA 0.311111111111111
"Xenogale naso" 2 114 45 NA NA 0.311111111111111
"Xenogale naso" 2 116 44 NA NA 0.295454545454545
"Xenogale naso" 2 118 43 NA NA 0.302325581395349
"Xenogale naso" 2 120 43 NA NA 0.302325581395349
"Xenogale naso" 2 122 43 NA NA 0.302325581395349
"Xenogale naso" 2 124 43 NA NA 0.302325581395349
"Xenogale naso" 2 126 43 NA NA 0.302325581395349
"Xenogale naso" 2 128 42 NA NA 0.333333333333333
"Xenogale naso" 2 130 41 NA NA 0.317073170731707
"Xenogale naso" 2 132 41 NA NA 0.317073170731707
"Xenogale naso" 2 134 41 NA NA 0.317073170731707
"Xenogale naso" 2 136 41 NA NA 0.317073170731707
"Xenogale naso" 2 138 41 NA NA 0.317073170731707
"Xenogale naso" 2 140 40 NA NA 0.35
"Xenogale naso" 2 142 40 NA NA 0.35
"Xenogale naso" 2 144 40 NA NA 0.35
"Xenogale naso" 2 146 40 NA NA 0.35
"Xenogale naso" 2 148 40 NA NA 0.35
"Xenogale naso" 2 150 40 NA NA 0.35
"Xenogale naso" 2 152 40 NA NA 0.35
"Xenogale naso" 2 154 39 NA NA 0.358974358974359
"Xenogale naso" 2 156 39 NA NA 0.358974358974359
"Xenogale naso" 2 158 39 NA NA 0.358974358974359
"Xenogale naso" 2 160 39 NA NA 0.358974358974359
"Xenogale naso" 2 162 39 NA NA 0.358974358974359
"Xenogale naso" 2 164 39 NA NA 0.358974358974359
"Xenogale naso" 2 166 39 NA NA 0.358974358974359
"Xenogale naso" 2 168 39 NA NA 0.358974358974359
"Xenogale naso" 2 170 39 NA NA 0.358974358974359
"Xenogale naso" 2 172 39 NA NA 0.358974358974359
"Xenogale naso" 2 174 38 NA NA 0.368421052631579
"Xenogale naso" 2 176 37 NA NA 0.351351351351351
"Xenogale naso" 2 178 37 NA NA 0.351351351351351
"Xenogale naso" 2 180 37 NA NA 0.351351351351351
"Xenogale naso" 2 182 37 NA NA 0.351351351351351
"Xenogale naso" 2 184 36 NA NA 0.333333333333333
"Xenogale naso" 2 186 35 NA NA 0.314285714285714
"Xenogale naso" 2 188 34 NA NA 0.294117647058824
"Xenogale naso" 2 190 34 NA NA 0.294117647058824
"Xenogale naso" 2 192 33 NA NA 0.272727272727273
"Xenogale naso" 2 194 33 NA NA 0.272727272727273
"Xenogale naso" 2 196 33 NA NA 0.272727272727273
"Xenogale naso" 2 198 33 NA NA 0.272727272727273
"Xenogale naso" 2 200 33 NA NA 0.272727272727273
"Xenogale naso" 3 6 449 -2.34182988791976 0.0191894590605942 0.0467706013363029
"Xenogale naso" 3 9 447 -2.29740372371959 0.0215957495533125 0.0671140939597315
"Xenogale naso" 3 12 439 -2.36481935179528 0.0180388674957916 0.0865603644646925
"Xenogale naso" 3 15 436 -1.96008864821412 0.0499854298258554 0.100917431192661
"Xenogale naso" 3 18 434 -1.57393486489888 0.115502508584357 0.129032258064516
"Xenogale naso" 3 21 429 -1.74283658762549 0.0813621632919237 0.137529137529138
"Xenogale naso" 3 24 425 -1.49568131782445 0.134736720996006 0.155294117647059
"Xenogale naso" 3 27 422 -1.65575382328687 0.0977716825620343 0.163507109004739
"Xenogale naso" 3 30 420 -1.72633939833314 0.0842863713485675 0.171428571428571
"Xenogale naso" 3 33 415 -2.11620935717882 0.034327005747391 0.187951807228916
"Xenogale naso" 3 36 412 -2.15307229581818 0.0313129971662698 0.194174757281553
"Xenogale naso" 3 39 409 -2.35414717613389 0.0185652588275245 0.220048899755501
"Xenogale naso" 3 42 407 -2.35820926226953 0.0183633379705472 0.233415233415233
"Xenogale naso" 3 45 402 -2.3350196257193 0.0195423955101476 0.236318407960199
"Xenogale naso" 3 48 397 -2.43401907298851 0.0149322082398632 0.254408060453401
"Xenogale naso" 3 51 388 -2.71307579795827 0.00666618565983024 0.265463917525773
"Xenogale naso" 3 54 381 -2.64568314882012 0.00815261404448826 0.26509186351706
"Xenogale naso" 3 57 370 -2.60660750323342 0.00914441137146463 0.278378378378378
"Xenogale naso" 3 60 361 -2.53664767952722 0.0111919526634327 0.290858725761773
"Xenogale naso" 3 63 349 -2.65405184914943 0.00795316052728675 0.292263610315186
"Xenogale naso" 3 66 320 -1.75449249868353 0.0793461541350072 0.290625
"Xenogale naso" 3 69 283 -1.31611364601066 0.188135901497729 0.27208480565371
"Xenogale naso" 3 72 249 -1.51332940977249 0.130196005844562 0.240963855421687
"Xenogale naso" 3 75 218 NA NA 0.229357798165138
"Xenogale naso" 3 78 209 NA NA 0.23444976076555
"Xenogale naso" 3 81 176 NA NA 0.261363636363636
"Xenogale naso" 3 84 166 NA NA 0.271084337349398
"Xenogale naso" 3 87 163 NA NA 0.276073619631902
"Xenogale naso" 3 90 151 NA NA 0.291390728476821
"Xenogale naso" 3 93 142 NA NA 0.28169014084507
"Xenogale naso" 3 96 105 NA NA 0.304761904761905
"Xenogale naso" 3 99 75 NA NA 0.333333333333333
"Xenogale naso" 3 102 75 NA NA 0.333333333333333
"Xenogale naso" 3 105 73 NA NA 0.328767123287671
"Xenogale naso" 3 108 49 NA NA 0.326530612244898
"Xenogale naso" 3 111 45 NA NA 0.311111111111111
"Xenogale naso" 3 114 45 NA NA 0.311111111111111
"Xenogale naso" 3 117 43 NA NA 0.302325581395349
"Xenogale naso" 3 120 43 NA NA 0.302325581395349
"Xenogale naso" 3 123 43 NA NA 0.302325581395349
"Xenogale naso" 3 126 43 NA NA 0.302325581395349
"Xenogale naso" 3 129 42 NA NA 0.333333333333333
"Xenogale naso" 3 132 41 NA NA 0.317073170731707
"Xenogale naso" 3 135 41 NA NA 0.317073170731707
"Xenogale naso" 3 138 41 NA NA 0.317073170731707
"Xenogale naso" 3 141 40 NA NA 0.35
"Xenogale naso" 3 144 40 NA NA 0.35
"Xenogale naso" 3 147 40 NA NA 0.35
"Xenogale naso" 3 150 40 NA NA 0.35
"Xenogale naso" 3 153 40 NA NA 0.35
"Xenogale naso" 3 156 39 NA NA 0.358974358974359
"Xenogale naso" 3 159 39 NA NA 0.358974358974359
"Xenogale naso" 3 162 39 NA NA 0.358974358974359
"Xenogale naso" 3 165 39 NA NA 0.358974358974359
"Xenogale naso" 3 168 39 NA NA 0.358974358974359
"Xenogale naso" 3 171 39 NA NA 0.358974358974359
"Xenogale naso" 3 174 38 NA NA 0.368421052631579
"Xenogale naso" 3 177 37 NA NA 0.351351351351351
"Xenogale naso" 3 180 37 NA NA 0.351351351351351
"Xenogale naso" 3 183 37 NA NA 0.351351351351351
"Xenogale naso" 3 186 35 NA NA 0.314285714285714
"Xenogale naso" 3 189 34 NA NA 0.294117647058824
"Xenogale naso" 3 192 33 NA NA 0.272727272727273
"Xenogale naso" 3 195 33 NA NA 0.272727272727273
"Xenogale naso" 3 198 33 NA NA 0.272727272727273
"Xenogale naso" 4 8 447 -2.54752957274655 0.010848865745421 0.0559284116331096
"Xenogale naso" 4 12 439 -2.24016426434527 0.0250802607050785 0.0865603644646925
"Xenogale naso" 4 16 435 -1.81745578161791 0.0691473531315132 0.105747126436782
"Xenogale naso" 4 20 430 -1.47569448443184 0.140025927302193 0.132558139534884
"Xenogale naso" 4 24 425 -1.4444214437015 0.148620462353182 0.155294117647059
"Xenogale naso" 4 28 422 -1.60710296885437 0.10803178215917 0.163507109004739
"Xenogale naso" 4 32 419 -1.56348063579258 0.117939586856549 0.176610978520286
"Xenogale naso" 4 36 412 -2.0621408308236 0.039194329995614 0.194174757281553
"Xenogale naso" 4 40 408 -2.06103881994672 0.0392993367176547 0.225490196078431
"Xenogale naso" 4 44 403 -2.28336616490692 0.0224088085712704 0.233250620347395
"Xenogale naso" 4 48 397 -2.31164647877248 0.0207971730664534 0.254408060453401
"Xenogale naso" 4 52 386 -2.63972421591993 0.0082973516990375 0.266839378238342
"Xenogale naso" 4 56 373 -2.59208824153471 0.00953952997015689 0.276139410187668
"Xenogale naso" 4 60 361 -2.4154957509841 0.0157138058289158 0.290858725761773
"Xenogale naso" 4 64 341 -2.26428133622472 0.0235568167472213 0.293255131964809
"Xenogale naso" 4 68 296 -0.498905791277706 0.61784575400196 0.283783783783784
"Xenogale naso" 4 72 249 -1.55370476402658 0.120254856185157 0.240963855421687
"Xenogale naso" 4 76 216 NA NA 0.231481481481481
"Xenogale naso" 4 80 180 NA NA 0.266666666666667
"Xenogale naso" 4 84 166 NA NA 0.271084337349398
"Xenogale naso" 4 88 158 NA NA 0.278481012658228
"Xenogale naso" 4 92 146 NA NA 0.294520547945205
"Xenogale naso" 4 96 105 NA NA 0.304761904761905
"Xenogale naso" 4 100 75 NA NA 0.333333333333333
"Xenogale naso" 4 104 75 NA NA 0.333333333333333
"Xenogale naso" 4 108 49 NA NA 0.326530612244898
"Xenogale naso" 4 112 45 NA NA 0.311111111111111
"Xenogale naso" 4 116 44 NA NA 0.295454545454545
"Xenogale naso" 4 120 43 NA NA 0.302325581395349
"Xenogale naso" 4 124 43 NA NA 0.302325581395349
"Xenogale naso" 4 128 42 NA NA 0.333333333333333
"Xenogale naso" 4 132 41 NA NA 0.317073170731707
"Xenogale naso" 4 136 41 NA NA 0.317073170731707
"Xenogale naso" 4 140 40 NA NA 0.35
"Xenogale naso" 4 144 40 NA NA 0.35
"Xenogale naso" 4 148 40 NA NA 0.35
"Xenogale naso" 4 152 40 NA NA 0.35
"Xenogale naso" 4 156 39 NA NA 0.358974358974359
"Xenogale naso" 4 160 39 NA NA 0.358974358974359
"Xenogale naso" 4 164 39 NA NA 0.358974358974359
"Xenogale naso" 4 168 39 NA NA 0.358974358974359
"Xenogale naso" 4 172 39 NA NA 0.358974358974359
"Xenogale naso" 4 176 37 NA NA 0.351351351351351
"Xenogale naso" 4 180 37 NA NA 0.351351351351351
"Xenogale naso" 4 184 36 NA NA 0.333333333333333
"Xenogale naso" 4 188 34 NA NA 0.294117647058824
"Xenogale naso" 4 192 33 NA NA 0.272727272727273
"Xenogale naso" 4 196 33 NA NA 0.272727272727273
"Xenogale naso" 4 200 33 NA NA 0.272727272727273
"Xenogale naso" 5 10 445 -2.26795557288775 0.0233319146401719 0.0674157303370786
"Xenogale naso" 5 15 436 -1.9368899323218 0.0527587993809634 0.100917431192661
"Xenogale naso" 5 20 430 -1.59863501836151 0.109901724014968 0.132558139534884
"Xenogale naso" 5 25 423 -1.74845256135482 0.0803856932064787 0.156028368794326
"Xenogale naso" 5 30 420 -1.74007860858838 0.0818452158512172 0.171428571428571
"Xenogale naso" 5 35 413 -1.98294866297943 0.0473731641918665 0.191283292978208
"Xenogale naso" 5 40 408 -2.12901442730734 0.0332530667763672 0.225490196078431
"Xenogale naso" 5 45 402 -2.25914626892531 0.0238742878295216 0.236318407960199
"Xenogale naso" 5 50 391 -2.48207204390066 0.013062086336104 0.263427109974425
"Xenogale naso" 5 55 376 -2.42946217584646 0.0151212426165708 0.271276595744681
"Xenogale naso" 5 60 361 -2.31886016154601 0.0204026198527723 0.290858725761773
"Xenogale naso" 5 65 327 -1.87710737041529 0.0605033794415213 0.290519877675841
"Xenogale naso" 5 70 272 -1.43670464028872 0.15080193590313 0.279411764705882
"Xenogale naso" 5 75 218 NA NA 0.229357798165138
"Xenogale naso" 5 80 180 NA NA 0.266666666666667
"Xenogale naso" 5 85 166 NA NA 0.271084337349398
"Xenogale naso" 5 90 151 NA NA 0.291390728476821
"Xenogale naso" 5 95 127 NA NA 0.291338582677165
"Xenogale naso" 5 100 75 NA NA 0.333333333333333
"Xenogale naso" 5 105 73 NA NA 0.328767123287671
"Xenogale naso" 5 110 47 NA NA 0.319148936170213
"Xenogale naso" 5 115 44 NA NA 0.295454545454545
"Xenogale naso" 5 120 43 NA NA 0.302325581395349
"Xenogale naso" 5 125 43 NA NA 0.302325581395349
"Xenogale naso" 5 130 41 NA NA 0.317073170731707
"Xenogale naso" 5 135 41 NA NA 0.317073170731707
"Xenogale naso" 5 140 40 NA NA 0.35
"Xenogale naso" 5 145 40 NA NA 0.35
"Xenogale naso" 5 150 40 NA NA 0.35
"Xenogale naso" 5 155 39 NA NA 0.358974358974359
"Xenogale naso" 5 160 39 NA NA 0.358974358974359
"Xenogale naso" 5 165 39 NA NA 0.358974358974359
"Xenogale naso" 5 170 39 NA NA 0.358974358974359
"Xenogale naso" 5 175 37 NA NA 0.351351351351351
"Xenogale naso" 5 180 37 NA NA 0.351351351351351
"Xenogale naso" 5 185 35 NA NA 0.314285714285714
"Xenogale naso" 5 190 34 NA NA 0.294117647058824
"Xenogale naso" 5 195 33 NA NA 0.272727272727273
"Xenogale naso" 5 200 33 NA NA 0.272727272727273
"Xenogale naso" 6 12 439 -2.28529451150998 0.0222955645482322 0.0865603644646925
"Xenogale naso" 6 18 434 -1.4964381521853 0.134539513642498 0.129032258064516
"Xenogale naso" 6 24 425 -1.30984073845641 0.190249718359374 0.155294117647059
"Xenogale naso" 6 30 420 -1.45982608409062 0.144337877845194 0.171428571428571
"Xenogale naso" 6 36 412 -1.8424949675756 0.0654027819606293 0.194174757281553
"Xenogale naso" 6 42 407 -1.99624653547139 0.0459070944115928 0.233415233415233
"Xenogale naso" 6 48 397 -2.03497461181073 0.0418534276070014 0.254408060453401
"Xenogale naso" 6 54 381 -2.10151479121015 0.0355958009640472 0.26509186351706
"Xenogale naso" 6 60 361 -1.9997368471569 0.0455286871277075 0.290858725761773
"Xenogale naso" 6 66 320 -1.46651664955611 0.142507588721513 0.290625
"Xenogale naso" 6 72 249 -1.46538215636892 0.142816682951565 0.240963855421687
"Xenogale naso" 6 78 209 NA NA 0.23444976076555
"Xenogale naso" 6 84 166 NA NA 0.271084337349398
"Xenogale naso" 6 90 151 NA NA 0.291390728476821
"Xenogale naso" 6 96 105 NA NA 0.304761904761905
"Xenogale naso" 6 102 75 NA NA 0.333333333333333
"Xenogale naso" 6 108 49 NA NA 0.326530612244898
"Xenogale naso" 6 114 45 NA NA 0.311111111111111
"Xenogale naso" 6 120 43 NA NA 0.302325581395349
"Xenogale naso" 6 126 43 NA NA 0.302325581395349
"Xenogale naso" 6 132 41 NA NA 0.317073170731707
"Xenogale naso" 6 138 41 NA NA 0.317073170731707
"Xenogale naso" 6 144 40 NA NA 0.35
"Xenogale naso" 6 150 40 NA NA 0.35
"Xenogale naso" 6 156 39 NA NA 0.358974358974359
"Xenogale naso" 6 162 39 NA NA 0.358974358974359
"Xenogale naso" 6 168 39 NA NA 0.358974358974359
"Xenogale naso" 6 174 38 NA NA 0.368421052631579
"Xenogale naso" 6 180 37 NA NA 0.351351351351351
"Xenogale naso" 6 186 35 NA NA 0.314285714285714
"Xenogale naso" 6 192 33 NA NA 0.272727272727273
"Xenogale naso" 6 198 33 NA NA 0.272727272727273
"Xenogale naso" 7 14 436 -2.13524089524385 0.0327413380260951 0.0894495412844037
"Xenogale naso" 7 21 429 -1.74892235365914 0.0803044420182391 0.137529137529138
"Xenogale naso" 7 28 422 -1.60445163815678 0.10861453647185 0.163507109004739
"Xenogale naso" 7 35 413 -1.88642451065163 0.059237772185979 0.191283292978208
"Xenogale naso" 7 42 407 -2.22126469778589 0.026333038425483 0.233415233415233
"Xenogale naso" 7 49 395 -2.28468112743905 0.0223315320329773 0.260759493670886
"Xenogale naso" 7 56 373 -2.32444811167751 0.0201014895140153 0.276139410187668
"Xenogale naso" 7 63 349 -2.16760060320586 0.0301890878265417 0.292263610315186
"Xenogale naso" 7 70 272 -1.51943695514131 0.12865254585697 0.279411764705882
"Xenogale naso" 7 77 211 NA NA 0.232227488151659
"Xenogale naso" 7 84 166 NA NA 0.271084337349398
"Xenogale naso" 7 91 150 NA NA 0.293333333333333
"Xenogale naso" 7 98 75 NA NA 0.333333333333333
"Xenogale naso" 7 105 73 NA NA 0.328767123287671
"Xenogale naso" 7 112 45 NA NA 0.311111111111111
"Xenogale naso" 7 119 43 NA NA 0.302325581395349
"Xenogale naso" 7 126 43 NA NA 0.302325581395349
"Xenogale naso" 7 133 41 NA NA 0.317073170731707
"Xenogale naso" 7 140 40 NA NA 0.35
"Xenogale naso" 7 147 40 NA NA 0.35
"Xenogale naso" 7 154 39 NA NA 0.358974358974359
"Xenogale naso" 7 161 39 NA NA 0.358974358974359
"Xenogale naso" 7 168 39 NA NA 0.358974358974359
"Xenogale naso" 7 175 37 NA NA 0.351351351351351
"Xenogale naso" 7 182 37 NA NA 0.351351351351351
"Xenogale naso" 7 189 34 NA NA 0.294117647058824
"Xenogale naso" 7 196 33 NA NA 0.272727272727273
"Xenogale naso" 8 16 435 -1.7768818760753 0.0755876769266025 0.105747126436782
"Xenogale naso" 8 24 425 -1.33194019206417 0.182879842397456 0.155294117647059
"Xenogale naso" 8 32 419 -1.27117450457922 0.203666574564372 0.176610978520286
"Xenogale naso" 8 40 408 -1.78641026025465 0.0740328555501459 0.225490196078431
"Xenogale naso" 8 48 397 -1.94922172211926 0.0512689519427238 0.254408060453401
"Xenogale naso" 8 56 373 -2.05448438528971 0.0399288331441707 0.276139410187668
"Xenogale naso" 8 64 341 -1.80900215712953 0.0704506682307156 0.293255131964809
"Xenogale naso" 8 72 249 -1.42444648175128 0.154317266943288 0.240963855421687
"Xenogale naso" 8 80 180 NA NA 0.266666666666667
"Xenogale naso" 8 88 158 NA NA 0.278481012658228
"Xenogale naso" 8 96 105 NA NA 0.304761904761905
"Xenogale naso" 8 104 75 NA NA 0.333333333333333
"Xenogale naso" 8 112 45 NA NA 0.311111111111111
"Xenogale naso" 8 120 43 NA NA 0.302325581395349
"Xenogale naso" 8 128 42 NA NA 0.333333333333333
"Xenogale naso" 8 136 41 NA NA 0.317073170731707
"Xenogale naso" 8 144 40 NA NA 0.35
"Xenogale naso" 8 152 40 NA NA 0.35
"Xenogale naso" 8 160 39 NA NA 0.358974358974359
"Xenogale naso" 8 168 39 NA NA 0.358974358974359
"Xenogale naso" 8 176 37 NA NA 0.351351351351351
"Xenogale naso" 8 184 36 NA NA 0.333333333333333
"Xenogale naso" 8 192 33 NA NA 0.272727272727273
"Xenogale naso" 8 200 33 NA NA 0.272727272727273
"Xenogale naso" 9 18 434 -1.45081414712616 0.146831619210023 0.129032258064516
"Xenogale naso" 9 27 422 -1.42711308409691 0.153547301704048 0.163507109004739
"Xenogale naso" 9 36 412 -1.87121016610798 0.0613159562271035 0.194174757281553
"Xenogale naso" 9 45 402 -2.0001508624391 0.0454839759359901 0.236318407960199
"Xenogale naso" 9 54 381 -2.07827741637988 0.0376838152607466 0.26509186351706
"Xenogale naso" 9 63 349 -2.036982060277 0.0416518397990494 0.292263610315186
"Xenogale naso" 9 72 249 -1.45438782216327 0.14583881428443 0.240963855421687
"Xenogale naso" 9 81 176 NA NA 0.261363636363636
"Xenogale naso" 9 90 151 NA NA 0.291390728476821
"Xenogale naso" 9 99 75 NA NA 0.333333333333333
"Xenogale naso" 9 108 49 NA NA 0.326530612244898
"Xenogale naso" 9 117 43 NA NA 0.302325581395349
"Xenogale naso" 9 126 43 NA NA 0.302325581395349
"Xenogale naso" 9 135 41 NA NA 0.317073170731707
"Xenogale naso" 9 144 40 NA NA 0.35
"Xenogale naso" 9 153 40 NA NA 0.35
"Xenogale naso" 9 162 39 NA NA 0.358974358974359
"Xenogale naso" 9 171 39 NA NA 0.358974358974359
"Xenogale naso" 9 180 37 NA NA 0.351351351351351
"Xenogale naso" 9 189 34 NA NA 0.294117647058824
"Xenogale naso" 9 198 33 NA NA 0.272727272727273
"Xenogale naso" 10 20 430 -1.4000995929298 0.1614834969527 0.132558139534884
"Xenogale naso" 10 30 420 -1.48541219398935 0.137434667439185 0.171428571428571
"Xenogale naso" 10 40 408 -1.92176909894651 0.0546348181926489 0.225490196078431
"Xenogale naso" 10 50 391 -2.14299359340459 0.0321136128070295 0.263427109974425
"Xenogale naso" 10 60 361 -1.91301232501413 0.0557464746333034 0.290858725761773
"Xenogale naso" 10 70 272 -1.50651994990578 0.131933749727686 0.279411764705882
"Xenogale naso" 10 80 180 NA NA 0.266666666666667
"Xenogale naso" 10 90 151 NA NA 0.291390728476821
"Xenogale naso" 10 100 75 NA NA 0.333333333333333
"Xenogale naso" 10 110 47 NA NA 0.319148936170213
"Xenogale naso" 10 120 43 NA NA 0.302325581395349
"Xenogale naso" 10 130 41 NA NA 0.317073170731707
"Xenogale naso" 10 140 40 NA NA 0.35
"Xenogale naso" 10 150 40 NA NA 0.35
"Xenogale naso" 10 160 39 NA NA 0.358974358974359
"Xenogale naso" 10 170 39 NA NA 0.358974358974359
"Xenogale naso" 10 180 37 NA NA 0.351351351351351
"Xenogale naso" 10 190 34 NA NA 0.294117647058824
"Xenogale naso" 10 200 33 NA NA 0.272727272727273
"Xenogale naso" 11 22 427 -2.0042697690049 0.0450411703966502 0.14519906323185
"Xenogale naso" 11 33 415 -1.87853069728028 0.0603086017291674 0.187951807228916
"Xenogale naso" 11 44 403 -2.12537233259496 0.033555557019636 0.233250620347395
"Xenogale naso" 11 55 376 -2.05968827622451 0.0394283509164368 0.271276595744681
"Xenogale naso" 11 66 320 -1.41905445258637 0.155883141471254 0.290625
"Xenogale naso" 11 77 211 NA NA 0.232227488151659
"Xenogale naso" 11 88 158 NA NA 0.278481012658228
"Xenogale naso" 11 99 75 NA NA 0.333333333333333
"Xenogale naso" 11 110 47 NA NA 0.319148936170213
"Xenogale naso" 11 121 43 NA NA 0.302325581395349
"Xenogale naso" 11 132 41 NA NA 0.317073170731707
"Xenogale naso" 11 143 40 NA NA 0.35
"Xenogale naso" 11 154 39 NA NA 0.358974358974359
"Xenogale naso" 11 165 39 NA NA 0.358974358974359
"Xenogale naso" 11 176 37 NA NA 0.351351351351351
"Xenogale naso" 11 187 34 NA NA 0.294117647058824
"Xenogale naso" 11 198 33 NA NA 0.272727272727273
"Xenogale naso" 12 24 425 -1.28289115452381 0.199530212247908 0.155294117647059
"Xenogale naso" 12 36 412 -1.76831664767821 0.0770079823302112 0.194174757281553
"Xenogale naso" 12 48 397 -1.93381099890151 0.0531363699704971 0.254408060453401
"Xenogale naso" 12 60 361 -1.80247126946534 0.071471290997342 0.290858725761773
"Xenogale naso" 12 72 249 -1.42367917693715 0.154539364190152 0.240963855421687
"Xenogale naso" 12 84 166 NA NA 0.271084337349398
"Xenogale naso" 12 96 105 NA NA 0.304761904761905
"Xenogale naso" 12 108 49 NA NA 0.326530612244898
"Xenogale naso" 12 120 43 NA NA 0.302325581395349
"Xenogale naso" 12 132 41 NA NA 0.317073170731707
"Xenogale naso" 12 144 40 NA NA 0.35
"Xenogale naso" 12 156 39 NA NA 0.358974358974359
"Xenogale naso" 12 168 39 NA NA 0.358974358974359
"Xenogale naso" 12 180 37 NA NA 0.351351351351351
"Xenogale naso" 12 192 33 NA NA 0.272727272727273
"Xenogale naso" 13 26 422 -1.33308503470809 0.182503899886635 0.158767772511848
"Xenogale naso" 13 39 409 -2.02747689379254 0.0426136651406345 0.220048899755501
"Xenogale naso" 13 52 386 -2.27997436235816 0.0226092090687979 0.266839378238342
"Xenogale naso" 13 65 327 -1.69516071091918 0.0900449378427093 0.290519877675841
"Xenogale naso" 13 78 209 NA NA 0.23444976076555
"Xenogale naso" 13 91 150 NA NA 0.293333333333333
"Xenogale naso" 13 104 75 NA NA 0.333333333333333
"Xenogale naso" 13 117 43 NA NA 0.302325581395349
"Xenogale naso" 13 130 41 NA NA 0.317073170731707
"Xenogale naso" 13 143 40 NA NA 0.35
"Xenogale naso" 13 156 39 NA NA 0.358974358974359
"Xenogale naso" 13 169 39 NA NA 0.358974358974359
"Xenogale naso" 13 182 37 NA NA 0.351351351351351
"Xenogale naso" 13 195 33 NA NA 0.272727272727273
"Xenogale naso" 14 28 422 -1.43980014717471 0.149923949552596 0.163507109004739
"Xenogale naso" 14 42 407 -2.01663191787131 0.0437339395879472 0.233415233415233
"Xenogale naso" 14 56 373 -1.96824031284746 0.0490403939016772 0.276139410187668
"Xenogale naso" 14 70 272 -1.50213308521279 0.133062741845266 0.279411764705882
"Xenogale naso" 14 84 166 NA NA 0.271084337349398
"Xenogale naso" 14 98 75 NA NA 0.333333333333333
"Xenogale naso" 14 112 45 NA NA 0.311111111111111
"Xenogale naso" 14 126 43 NA NA 0.302325581395349
"Xenogale naso" 14 140 40 NA NA 0.35
"Xenogale naso" 14 154 39 NA NA 0.358974358974359
"Xenogale naso" 14 168 39 NA NA 0.358974358974359
"Xenogale naso" 14 182 37 NA NA 0.351351351351351
"Xenogale naso" 14 196 33 NA NA 0.272727272727273
"Xenogale naso" 15 30 420 -1.41868434518385 0.155991063251548 0.171428571428571
"Xenogale naso" 15 45 402 -1.81918489448889 0.0688832266002531 0.236318407960199
"Xenogale naso" 15 60 361 -1.73905625933285 0.0820248675117432 0.290858725761773
"Xenogale naso" 15 75 218 NA NA 0.229357798165138
"Xenogale naso" 15 90 151 NA NA 0.291390728476821
"Xenogale naso" 15 105 73 NA NA 0.328767123287671
"Xenogale naso" 15 120 43 NA NA 0.302325581395349
"Xenogale naso" 15 135 41 NA NA 0.317073170731707
"Xenogale naso" 15 150 40 NA NA 0.35
"Xenogale naso" 15 165 39 NA NA 0.358974358974359
"Xenogale naso" 15 180 37 NA NA 0.351351351351351
"Xenogale naso" 15 195 33 NA NA 0.272727272727273
"Xenogale naso" 16 32 419 -1.15721964033274 0.247182635437963 0.176610978520286
"Xenogale naso" 16 48 397 -1.77491676958686 0.0759116309189944 0.254408060453401
"Xenogale naso" 16 64 341 -1.65653081422757 0.0976143701533888 0.293255131964809
"Xenogale naso" 16 80 180 NA NA 0.266666666666667
"Xenogale naso" 16 96 105 NA NA 0.304761904761905
"Xenogale naso" 16 112 45 NA NA 0.311111111111111
"Xenogale naso" 16 128 42 NA NA 0.333333333333333
"Xenogale naso" 16 144 40 NA NA 0.35
"Xenogale naso" 16 160 39 NA NA 0.358974358974359
"Xenogale naso" 16 176 37 NA NA 0.351351351351351
"Xenogale naso" 16 192 33 NA NA 0.272727272727273
"Xenogale naso" 17 34 415 -1.64895937220994 0.0991559583048387 0.190361445783133
"Xenogale naso" 17 51 388 -1.96649521610546 0.0492414343903364 0.265463917525773
"Xenogale naso" 17 68 296 -0.613910010189009 0.539274794989423 0.283783783783784
"Xenogale naso" 17 85 166 NA NA 0.271084337349398
"Xenogale naso" 17 102 75 NA NA 0.333333333333333
"Xenogale naso" 17 119 43 NA NA 0.302325581395349
"Xenogale naso" 17 136 41 NA NA 0.317073170731707
"Xenogale naso" 17 153 40 NA NA 0.35
"Xenogale naso" 17 170 39 NA NA 0.358974358974359
"Xenogale naso" 17 187 34 NA NA 0.294117647058824
"Xenogale naso" 18 36 412 -1.46595745951591 0.142659876573383 0.194174757281553
"Xenogale naso" 18 54 381 -1.57048481549062 0.116302364269381 0.26509186351706
"Xenogale naso" 18 72 249 -1.34522439690094 0.178552779864328 0.240963855421687
"Xenogale naso" 18 90 151 NA NA 0.291390728476821
"Xenogale naso" 18 108 49 NA NA 0.326530612244898
"Xenogale naso" 18 126 43 NA NA 0.302325581395349
"Xenogale naso" 18 144 40 NA NA 0.35
"Xenogale naso" 18 162 39 NA NA 0.358974358974359
"Xenogale naso" 18 180 37 NA NA 0.351351351351351
"Xenogale naso" 18 198 33 NA NA 0.272727272727273
"Xenogale naso" 19 38 410 -1.45994178800891 0.144306073192373 0.214634146341463
"Xenogale naso" 19 57 370 -1.51514479499707 0.129735739748054 0.278378378378378
"Xenogale naso" 19 76 216 NA NA 0.231481481481481
"Xenogale naso" 19 95 127 NA NA 0.291338582677165
"Xenogale naso" 19 114 45 NA NA 0.311111111111111
"Xenogale naso" 19 133 41 NA NA 0.317073170731707
"Xenogale naso" 19 152 40 NA NA 0.35
"Xenogale naso" 19 171 39 NA NA 0.358974358974359
"Xenogale naso" 19 190 34 NA NA 0.294117647058824
"Xenogale naso" 20 40 408 -1.67684055224723 0.0935736655037053 0.225490196078431
"Xenogale naso" 20 60 361 -1.56557345671051 0.11744850804426 0.290858725761773
"Xenogale naso" 20 80 180 NA NA 0.266666666666667
"Xenogale naso" 20 100 75 NA NA 0.333333333333333
"Xenogale naso" 20 120 43 NA NA 0.302325581395349
"Xenogale naso" 20 140 40 NA NA 0.35
"Xenogale naso" 20 160 39 NA NA 0.358974358974359
"Xenogale naso" 20 180 37 NA NA 0.351351351351351
"Xenogale naso" 20 200 33 NA NA 0.272727272727273
"Xenogale naso" 21 42 407 -1.76627500140966 0.0773497234552797 0.233415233415233
"Xenogale naso" 21 63 349 -1.58787561288132 0.112314469050417 0.292263610315186
"Xenogale naso" 21 84 166 NA NA 0.271084337349398
"Xenogale naso" 21 105 73 NA NA 0.328767123287671
"Xenogale naso" 21 126 43 NA NA 0.302325581395349
"Xenogale naso" 21 147 40 NA NA 0.35
"Xenogale naso" 21 168 39 NA NA 0.358974358974359
"Xenogale naso" 21 189 34 NA NA 0.294117647058824
"Xenogale naso" 22 44 403 -1.62081323565255 0.105057699051918 0.233250620347395
"Xenogale naso" 22 66 320 -1.16244198843113 0.245055976001984 0.290625
"Xenogale naso" 22 88 158 NA NA 0.278481012658228
"Xenogale naso" 22 110 47 NA NA 0.319148936170213
"Xenogale naso" 22 132 41 NA NA 0.317073170731707
"Xenogale naso" 22 154 39 NA NA 0.358974358974359
"Xenogale naso" 22 176 37 NA NA 0.351351351351351
"Xenogale naso" 22 198 33 NA NA 0.272727272727273
"Xenogale naso" 23 46 401 -1.55780730696843 0.119278933358147 0.241895261845387
"Xenogale naso" 23 69 283 -1.36104308531891 0.173500074059311 0.27208480565371
"Xenogale naso" 23 92 146 NA NA 0.294520547945205
"Xenogale naso" 23 115 44 NA NA 0.295454545454545
"Xenogale naso" 23 138 41 NA NA 0.317073170731707
"Xenogale naso" 23 161 39 NA NA 0.358974358974359
"Xenogale naso" 23 184 36 NA NA 0.333333333333333
"Xenogale naso" 24 48 397 -1.64375136780518 0.100227570596424 0.254408060453401
"Xenogale naso" 24 72 249 -1.48908201900006 0.136465772088886 0.240963855421687
"Xenogale naso" 24 96 105 NA NA 0.304761904761905
"Xenogale naso" 24 120 43 NA NA 0.302325581395349
"Xenogale naso" 24 144 40 NA NA 0.35
"Xenogale naso" 24 168 39 NA NA 0.358974358974359
"Xenogale naso" 24 192 33 NA NA 0.272727272727273
"Xenogale naso" 25 50 391 -1.79642881495464 0.072426344544442 0.263427109974425
"Xenogale naso" 25 75 218 NA NA 0.229357798165138
"Xenogale naso" 25 100 75 NA NA 0.333333333333333
"Xenogale naso" 25 125 43 NA NA 0.302325581395349
"Xenogale naso" 25 150 40 NA NA 0.35
"Xenogale naso" 25 175 37 NA NA 0.351351351351351
"Xenogale naso" 25 200 33 NA NA 0.272727272727273
"Xenogale naso" 26 52 386 -1.85812307235909 0.0631515390721428 0.266839378238342
"Xenogale naso" 26 78 209 NA NA 0.23444976076555
"Xenogale naso" 26 104 75 NA NA 0.333333333333333
"Xenogale naso" 26 130 41 NA NA 0.317073170731707
"Xenogale naso" 26 156 39 NA NA 0.358974358974359
"Xenogale naso" 26 182 37 NA NA 0.351351351351351
"Xenogale naso" 27 54 381 -1.5278160908665 0.126558206007552 0.26509186351706
"Xenogale naso" 27 81 176 NA NA 0.261363636363636
"Xenogale naso" 27 108 49 NA NA 0.326530612244898
"Xenogale naso" 27 135 41 NA NA 0.317073170731707
"Xenogale naso" 27 162 39 NA NA 0.358974358974359
"Xenogale naso" 27 189 34 NA NA 0.294117647058824
"Xenogale naso" 28 56 373 -1.57311345768363 0.115692549335971 0.276139410187668
"Xenogale naso" 28 84 166 NA NA 0.271084337349398
"Xenogale naso" 28 112 45 NA NA 0.311111111111111
"Xenogale naso" 28 140 40 NA NA 0.35
"Xenogale naso" 28 168 39 NA NA 0.358974358974359
"Xenogale naso" 28 196 33 NA NA 0.272727272727273
"Xenogale naso" 29 58 366 -1.14178088311384 0.253545110505713 0.286885245901639
"Xenogale naso" 29 87 163 NA NA 0.276073619631902
"Xenogale naso" 29 116 44 NA NA 0.295454545454545
"Xenogale naso" 29 145 40 NA NA 0.35
"Xenogale naso" 29 174 38 NA NA 0.368421052631579
"Xenogale naso" 30 60 361 -1.25137286673124 0.210798471852166 0.290858725761773
"Xenogale naso" 30 90 151 NA NA 0.291390728476821
"Xenogale naso" 30 120 43 NA NA 0.302325581395349
"Xenogale naso" 30 150 40 NA NA 0.35
"Xenogale naso" 30 180 37 NA NA 0.351351351351351
"Xenogale naso" 31 62 351 -1.30756747874052 0.191020053492121 0.293447293447293
"Xenogale naso" 31 93 142 NA NA 0.28169014084507
"Xenogale naso" 31 124 43 NA NA 0.302325581395349
"Xenogale naso" 31 155 39 NA NA 0.358974358974359
"Xenogale naso" 31 186 35 NA NA 0.314285714285714
"Xenogale naso" 32 64 341 -1.22348702965476 0.221145800123077 0.293255131964809
"Xenogale naso" 32 96 105 NA NA 0.304761904761905
"Xenogale naso" 32 128 42 NA NA 0.333333333333333
"Xenogale naso" 32 160 39 NA NA 0.358974358974359
"Xenogale naso" 32 192 33 NA NA 0.272727272727273
"Xenogale naso" 33 66 320 -1.25403569859753 0.20982903023581 0.290625
"Xenogale naso" 33 99 75 NA NA 0.333333333333333
"Xenogale naso" 33 132 41 NA NA 0.317073170731707
"Xenogale naso" 33 165 39 NA NA 0.358974358974359
"Xenogale naso" 33 198 33 NA NA 0.272727272727273
"Xenogale naso" 34 68 296 -0.512526294582218 0.608282722402536 0.283783783783784
"Xenogale naso" 34 102 75 NA NA 0.333333333333333
"Xenogale naso" 34 136 41 NA NA 0.317073170731707
"Xenogale naso" 34 170 39 NA NA 0.358974358974359
"Xenogale naso" 35 70 272 -1.32501253577597 0.185166993561868 0.279411764705882
"Xenogale naso" 35 105 73 NA NA 0.328767123287671
"Xenogale naso" 35 140 40 NA NA 0.35
"Xenogale naso" 35 175 37 NA NA 0.351351351351351
"Xenogale naso" 36 72 249 -1.34471841131569 0.178716186664501 0.240963855421687
"Xenogale naso" 36 108 49 NA NA 0.326530612244898
"Xenogale naso" 36 144 40 NA NA 0.35
"Xenogale naso" 36 180 37 NA NA 0.351351351351351
"Xenogale naso" 37 74 225 NA NA 0.226666666666667
"Xenogale naso" 37 111 45 NA NA 0.311111111111111
"Xenogale naso" 37 148 40 NA NA 0.35
"Xenogale naso" 37 185 35 NA NA 0.314285714285714
"Xenogale naso" 38 76 216 NA NA 0.231481481481481
"Xenogale naso" 38 114 45 NA NA 0.311111111111111
"Xenogale naso" 38 152 40 NA NA 0.35
"Xenogale naso" 38 190 34 NA NA 0.294117647058824
"Xenogale naso" 39 78 209 NA NA 0.23444976076555
"Xenogale naso" 39 117 43 NA NA 0.302325581395349
"Xenogale naso" 39 156 39 NA NA 0.358974358974359
"Xenogale naso" 39 195 33 NA NA 0.272727272727273
"Xenogale naso" 40 80 180 NA NA 0.266666666666667
"Xenogale naso" 40 120 43 NA NA 0.302325581395349
"Xenogale naso" 40 160 39 NA NA 0.358974358974359
"Xenogale naso" 40 200 33 NA NA 0.272727272727273
"Xenogale naso" 41 82 170 NA NA 0.264705882352941
"Xenogale naso" 41 123 43 NA NA 0.302325581395349
"Xenogale naso" 41 164 39 NA NA 0.358974358974359
"Xenogale naso" 42 84 166 NA NA 0.271084337349398
"Xenogale naso" 42 126 43 NA NA 0.302325581395349
"Xenogale naso" 42 168 39 NA NA 0.358974358974359
"Xenogale naso" 43 86 165 NA NA 0.266666666666667
"Xenogale naso" 43 129 42 NA NA 0.333333333333333
"Xenogale naso" 43 172 39 NA NA 0.358974358974359
"Xenogale naso" 44 88 158 NA NA 0.278481012658228
"Xenogale naso" 44 132 41 NA NA 0.317073170731707
"Xenogale naso" 44 176 37 NA NA 0.351351351351351
"Xenogale naso" 45 90 151 NA NA 0.291390728476821
"Xenogale naso" 45 135 41 NA NA 0.317073170731707
"Xenogale naso" 45 180 37 NA NA 0.351351351351351
"Xenogale naso" 46 92 146 NA NA 0.294520547945205
"Xenogale naso" 46 138 41 NA NA 0.317073170731707
"Xenogale naso" 46 184 36 NA NA 0.333333333333333
"Xenogale naso" 47 94 142 NA NA 0.28169014084507
"Xenogale naso" 47 141 40 NA NA 0.35
"Xenogale naso" 47 188 34 NA NA 0.294117647058824
"Xenogale naso" 48 96 105 NA NA 0.304761904761905
"Xenogale naso" 48 144 40 NA NA 0.35
"Xenogale naso" 48 192 33 NA NA 0.272727272727273
"Xenogale naso" 49 98 75 NA NA 0.333333333333333
"Xenogale naso" 49 147 40 NA NA 0.35
"Xenogale naso" 49 196 33 NA NA 0.272727272727273
"Xenogale naso" 50 100 75 NA NA 0.333333333333333
"Xenogale naso" 50 150 40 NA NA 0.35
"Xenogale naso" 50 200 33 NA NA 0.272727272727273
"Xenogale naso" 51 102 75 NA NA 0.333333333333333
"Xenogale naso" 51 153 40 NA NA 0.35
"Xenogale naso" 52 104 75 NA NA 0.333333333333333
"Xenogale naso" 52 156 39 NA NA 0.358974358974359
"Xenogale naso" 53 106 61 NA NA 0.311475409836066
"Xenogale naso" 53 159 39 NA NA 0.358974358974359
"Xenogale naso" 54 108 49 NA NA 0.326530612244898
"Xenogale naso" 54 162 39 NA NA 0.358974358974359
"Xenogale naso" 55 110 47 NA NA 0.319148936170213
"Xenogale naso" 55 165 39 NA NA 0.358974358974359
"Xenogale naso" 56 112 45 NA NA 0.311111111111111
"Xenogale naso" 56 168 39 NA NA 0.358974358974359
"Xenogale naso" 57 114 45 NA NA 0.311111111111111
"Xenogale naso" 57 171 39 NA NA 0.358974358974359
"Xenogale naso" 58 116 44 NA NA 0.295454545454545
"Xenogale naso" 58 174 38 NA NA 0.368421052631579
"Xenogale naso" 59 118 43 NA NA 0.302325581395349
"Xenogale naso" 59 177 37 NA NA 0.351351351351351
"Xenogale naso" 60 120 43 NA NA 0.302325581395349
"Xenogale naso" 60 180 37 NA NA 0.351351351351351
"Xenogale naso" 61 122 43 NA NA 0.302325581395349
"Xenogale naso" 61 183 37 NA NA 0.351351351351351
"Xenogale naso" 62 124 43 NA NA 0.302325581395349
"Xenogale naso" 62 186 35 NA NA 0.314285714285714
"Xenogale naso" 63 126 43 NA NA 0.302325581395349
"Xenogale naso" 63 189 34 NA NA 0.294117647058824
"Xenogale naso" 64 128 42 NA NA 0.333333333333333
"Xenogale naso" 64 192 33 NA NA 0.272727272727273
"Xenogale naso" 65 130 41 NA NA 0.317073170731707
"Xenogale naso" 65 195 33 NA NA 0.272727272727273
"Xenogale naso" 66 132 41 NA NA 0.317073170731707
"Xenogale naso" 66 198 33 NA NA 0.272727272727273
"Xenogale naso" 67 134 41 NA NA 0.317073170731707
"Xenogale naso" 68 136 41 NA NA 0.317073170731707
"Xenogale naso" 69 138 41 NA NA 0.317073170731707
"Xenogale naso" 70 140 40 NA NA 0.35
"Xenogale naso" 71 142 40 NA NA 0.35
"Xenogale naso" 72 144 40 NA NA 0.35
"Xenogale naso" 73 146 40 NA NA 0.35
"Xenogale naso" 74 148 40 NA NA 0.35
"Xenogale naso" 75 150 40 NA NA 0.35
"Xenogale naso" 76 152 40 NA NA 0.35
"Xenogale naso" 77 154 39 NA NA 0.358974358974359
"Xenogale naso" 78 156 39 NA NA 0.358974358974359
"Xenogale naso" 79 158 39 NA NA 0.358974358974359
"Xenogale naso" 80 160 39 NA NA 0.358974358974359
"Xenogale naso" 81 162 39 NA NA 0.358974358974359
"Xenogale naso" 82 164 39 NA NA 0.358974358974359
"Xenogale naso" 83 166 39 NA NA 0.358974358974359
"Xenogale naso" 84 168 39 NA NA 0.358974358974359
"Xenogale naso" 85 170 39 NA NA 0.358974358974359
"Xenogale naso" 86 172 39 NA NA 0.358974358974359
"Xenogale naso" 87 174 38 NA NA 0.368421052631579
"Xenogale naso" 88 176 37 NA NA 0.351351351351351
"Xenogale naso" 89 178 37 NA NA 0.351351351351351
"Xenogale naso" 90 180 37 NA NA 0.351351351351351
"Xenogale naso" 91 182 37 NA NA 0.351351351351351
"Xenogale naso" 92 184 36 NA NA 0.333333333333333
"Xenogale naso" 93 186 35 NA NA 0.314285714285714
"Xenogale naso" 94 188 34 NA NA 0.294117647058824
"Xenogale naso" 95 190 34 NA NA 0.294117647058824
"Xenogale naso" 96 192 33 NA NA 0.272727272727273
"Xenogale naso" 97 194 33 NA NA 0.272727272727273
"Xenogale naso" 98 196 33 NA NA 0.272727272727273
"Xenogale naso" 99 198 33 NA NA 0.272727272727273
"Xenogale naso" 100 200 33 NA NA 0.272727272727273
