"species" "time_interval" "study_duration" "n_cams" "z" "P" "p_presence"
"Cephalophus callipygus" 1 2 454 -3.71874826795126 0.000200212452648707 0.112334801762115
"Cephalophus callipygus" 1 3 454 -4.72988891415028 2.24642722235238e-06 0.140969162995595
"Cephalophus callipygus" 1 4 452 -5.40250454900318 6.57167903448067e-08 0.192477876106195
"Cephalophus callipygus" 1 5 450 -5.63683976742941 1.7319912778168e-08 0.224444444444444
"Cephalophus callipygus" 1 6 449 -6.08989543288764 1.1298446028324e-09 0.244988864142539
"Cephalophus callipygus" 1 7 447 -6.24014965615705 4.37152447556917e-10 0.263982102908277
"Cephalophus callipygus" 1 8 447 -6.17453544377688 6.63582942169621e-10 0.288590604026846
"Cephalophus callipygus" 1 9 447 -6.50118078602346 7.96919899460745e-11 0.304250559284116
"Cephalophus callipygus" 1 10 445 -6.63628073331569 3.21696889223374e-11 0.314606741573034
"Cephalophus callipygus" 1 11 440 -6.89762942293747 5.2877463261141e-12 0.331818181818182
"Cephalophus callipygus" 1 12 439 -6.61454591217454 3.7269397778013e-11 0.343963553530752
"Cephalophus callipygus" 1 13 438 -6.61637609117694 3.68111145581776e-11 0.367579908675799
"Cephalophus callipygus" 1 14 436 -6.98933180113988 2.76198517798781e-12 0.376146788990826
"Cephalophus callipygus" 1 15 436 -7.07332842500581 1.5126091629289e-12 0.380733944954128
"Cephalophus callipygus" 1 16 435 -7.28289788987708 3.26724529764337e-13 0.404597701149425
"Cephalophus callipygus" 1 17 435 -7.37222996174675 1.67797242845456e-13 0.420689655172414
"Cephalophus callipygus" 1 18 434 -7.37748422237453 1.61308479876475e-13 0.428571428571429
"Cephalophus callipygus" 1 19 432 -7.43202218221674 1.06949859135944e-13 0.439814814814815
"Cephalophus callipygus" 1 20 430 -7.70540090091139 1.30433161798615e-14 0.451162790697674
"Cephalophus callipygus" 1 21 429 -7.97041507792539 1.58142305244101e-15 0.456876456876457
"Cephalophus callipygus" 1 22 427 -8.09824967959037 5.5755547375042e-16 0.463700234192037
"Cephalophus callipygus" 1 23 426 -8.3128105114552 9.34616935254614e-17 0.471830985915493
"Cephalophus callipygus" 1 24 425 -8.379485357304 5.3159628466853e-17 0.477647058823529
"Cephalophus callipygus" 1 25 423 -8.50484663176746 1.81835812963074e-17 0.48936170212766
"Cephalophus callipygus" 1 26 422 -8.7061512000378 3.14367419834636e-18 0.492890995260663
"Cephalophus callipygus" 1 27 422 -8.56010199906001 1.12767708498923e-17 0.507109004739337
"Cephalophus callipygus" 1 28 422 -8.59330548241354 8.45024870388721e-18 0.509478672985782
"Cephalophus callipygus" 1 29 422 -8.63315489306749 5.9682529619751e-18 0.511848341232227
"Cephalophus callipygus" 1 30 420 -9.08474089643591 1.03945965358938e-19 0.516666666666667
"Cephalophus callipygus" 1 31 419 -9.12578759785749 7.12165211264697e-20 0.525059665871122
"Cephalophus callipygus" 1 32 419 -9.30767367900445 1.30662730368892e-20 0.525059665871122
"Cephalophus callipygus" 1 33 415 -9.37809005598691 6.71785604098101e-21 0.527710843373494
"Cephalophus callipygus" 1 34 415 -9.51890842027787 1.75007635939597e-21 0.532530120481928
"Cephalophus callipygus" 1 35 413 -9.41660580549382 4.65905457515537e-21 0.532687651331719
"Cephalophus callipygus" 1 36 412 -9.49667072187613 2.16707986004609e-21 0.536407766990291
"Cephalophus callipygus" 1 37 410 -9.64716048184733 5.05356496150834e-22 0.539024390243902
"Cephalophus callipygus" 1 38 410 -9.71420136622016 2.62297125352718e-22 0.541463414634146
"Cephalophus callipygus" 1 39 409 -9.85383068354384 6.59802038083089e-23 0.545232273838631
"Cephalophus callipygus" 1 40 408 -9.97781912668903 1.90610144304652e-23 0.549019607843137
"Cephalophus callipygus" 1 41 407 -9.99913382005559 1.53735831430742e-23 0.552825552825553
"Cephalophus callipygus" 1 42 407 -10.0656870615612 7.83384217102969e-24 0.552825552825553
"Cephalophus callipygus" 1 43 405 -10.1719494684479 2.6455985280998e-24 0.555555555555556
"Cephalophus callipygus" 1 44 403 -10.5083217148276 7.90884240600234e-26 0.56575682382134
"Cephalophus callipygus" 1 45 402 -10.5790344217753 3.72780020839444e-26 0.569651741293532
"Cephalophus callipygus" 1 46 401 -10.5091836427145 7.83689759212251e-26 0.5785536159601
"Cephalophus callipygus" 1 47 398 -10.6811555446872 1.2470954052391e-26 0.580402010050251
"Cephalophus callipygus" 1 48 397 -10.6417856687634 1.90444073263517e-26 0.584382871536524
"Cephalophus callipygus" 1 49 395 -10.6065045214717 2.77953839696939e-26 0.589873417721519
"Cephalophus callipygus" 1 50 391 -10.5310535064091 6.21351398427966e-26 0.588235294117647
"Cephalophus callipygus" 1 51 388 -10.6188282796498 2.43599540784462e-26 0.587628865979381
"Cephalophus callipygus" 1 52 386 -11.0554511401769 2.06297037287272e-28 0.588082901554404
"Cephalophus callipygus" 1 53 382 -11.2100306399084 3.64067333936256e-29 0.586387434554974
"Cephalophus callipygus" 1 54 381 -11.2297234314521 2.91389191668784e-29 0.587926509186352
"Cephalophus callipygus" 1 55 376 -11.1889519100309 4.61860602983988e-29 0.587765957446808
"Cephalophus callipygus" 1 56 373 -11.2788287798258 1.66953897506476e-29 0.589812332439678
"Cephalophus callipygus" 1 57 370 -11.3984960798099 4.25404217501064e-30 0.586486486486486
"Cephalophus callipygus" 1 58 366 -11.6610156402857 2.01622882410478e-31 0.590163934426229
"Cephalophus callipygus" 1 59 364 -11.6940536181309 1.36702599649232e-31 0.587912087912088
"Cephalophus callipygus" 1 60 361 -11.529730734905 9.34354876079321e-31 0.592797783933518
"Cephalophus callipygus" 1 61 356 -11.4284348438166 3.01494105817096e-30 0.592696629213483
"Cephalophus callipygus" 1 62 351 -11.1669762854038 5.91606407988741e-29 0.595441595441595
"Cephalophus callipygus" 1 63 349 -11.0863915207559 1.46061482023167e-28 0.601719197707736
"Cephalophus callipygus" 1 64 341 -10.4031996977341 2.39744839097337e-25 0.607038123167155
"Cephalophus callipygus" 1 65 327 -8.6174635606776 6.84535385296389e-18 0.605504587155963
"Cephalophus callipygus" 1 66 320 -7.58408146572355 3.34850726251609e-14 0.6125
"Cephalophus callipygus" 1 67 304 -4.91356843864514 8.94334938776234e-07 0.615131578947368
"Cephalophus callipygus" 1 68 296 -5.65819469278931 1.52973545968979e-08 0.625
"Cephalophus callipygus" 1 69 283 -9.27942886396796 1.70389438569299e-20 0.628975265017668
"Cephalophus callipygus" 1 70 272 -9.32029687672858 1.16015225481102e-20 0.654411764705882
"Cephalophus callipygus" 1 71 268 -9.54364719018037 1.37895508116247e-21 0.656716417910448
"Cephalophus callipygus" 1 72 249 -9.74892936793176 1.8642391238933e-22 0.634538152610442
"Cephalophus callipygus" 1 73 231 NA NA 0.623376623376623
"Cephalophus callipygus" 1 74 225 NA NA 0.648888888888889
"Cephalophus callipygus" 1 75 218 NA NA 0.665137614678899
"Cephalophus callipygus" 1 76 216 NA NA 0.666666666666667
"Cephalophus callipygus" 1 77 211 NA NA 0.663507109004739
"Cephalophus callipygus" 1 78 209 NA NA 0.660287081339713
"Cephalophus callipygus" 1 79 195 NA NA 0.651282051282051
"Cephalophus callipygus" 1 80 180 NA NA 0.644444444444444
"Cephalophus callipygus" 1 81 176 NA NA 0.647727272727273
"Cephalophus callipygus" 1 82 170 NA NA 0.658823529411765
"Cephalophus callipygus" 1 83 166 NA NA 0.668674698795181
"Cephalophus callipygus" 1 84 166 NA NA 0.668674698795181
"Cephalophus callipygus" 1 85 166 NA NA 0.668674698795181
"Cephalophus callipygus" 1 86 165 NA NA 0.666666666666667
"Cephalophus callipygus" 1 87 163 NA NA 0.662576687116564
"Cephalophus callipygus" 1 88 158 NA NA 0.651898734177215
"Cephalophus callipygus" 1 89 153 NA NA 0.647058823529412
"Cephalophus callipygus" 1 90 151 NA NA 0.642384105960265
"Cephalophus callipygus" 1 91 150 NA NA 0.64
"Cephalophus callipygus" 1 92 146 NA NA 0.636986301369863
"Cephalophus callipygus" 1 93 142 NA NA 0.626760563380282
"Cephalophus callipygus" 1 94 142 NA NA 0.626760563380282
"Cephalophus callipygus" 1 95 127 NA NA 0.614173228346457
"Cephalophus callipygus" 1 96 105 NA NA 0.59047619047619
"Cephalophus callipygus" 1 97 89 NA NA 0.550561797752809
"Cephalophus callipygus" 1 98 75 NA NA 0.48
"Cephalophus callipygus" 1 99 75 NA NA 0.493333333333333
"Cephalophus callipygus" 1 100 75 NA NA 0.493333333333333
"Cephalophus callipygus" 1 101 75 NA NA 0.493333333333333
"Cephalophus callipygus" 1 102 75 NA NA 0.493333333333333
"Cephalophus callipygus" 1 103 75 NA NA 0.493333333333333
"Cephalophus callipygus" 1 104 75 NA NA 0.493333333333333
"Cephalophus callipygus" 1 105 73 NA NA 0.506849315068493
"Cephalophus callipygus" 1 106 61 NA NA 0.590163934426229
"Cephalophus callipygus" 1 107 56 NA NA 0.625
"Cephalophus callipygus" 1 108 49 NA NA 0.673469387755102
"Cephalophus callipygus" 1 109 48 NA NA 0.6875
"Cephalophus callipygus" 1 110 47 NA NA 0.702127659574468
"Cephalophus callipygus" 1 111 45 NA NA 0.688888888888889
"Cephalophus callipygus" 1 112 45 NA NA 0.688888888888889
"Cephalophus callipygus" 1 113 45 NA NA 0.688888888888889
"Cephalophus callipygus" 1 114 45 NA NA 0.688888888888889
"Cephalophus callipygus" 1 115 44 NA NA 0.681818181818182
"Cephalophus callipygus" 1 116 44 NA NA 0.681818181818182
"Cephalophus callipygus" 1 117 43 NA NA 0.674418604651163
"Cephalophus callipygus" 1 118 43 NA NA 0.674418604651163
"Cephalophus callipygus" 1 119 43 NA NA 0.674418604651163
"Cephalophus callipygus" 1 120 43 NA NA 0.674418604651163
"Cephalophus callipygus" 1 121 43 NA NA 0.674418604651163
"Cephalophus callipygus" 1 122 43 NA NA 0.674418604651163
"Cephalophus callipygus" 1 123 43 NA NA 0.674418604651163
"Cephalophus callipygus" 1 124 43 NA NA 0.674418604651163
"Cephalophus callipygus" 1 125 43 NA NA 0.674418604651163
"Cephalophus callipygus" 1 126 43 NA NA 0.674418604651163
"Cephalophus callipygus" 1 127 43 NA NA 0.674418604651163
"Cephalophus callipygus" 1 128 42 NA NA 0.666666666666667
"Cephalophus callipygus" 1 129 42 NA NA 0.666666666666667
"Cephalophus callipygus" 1 130 41 NA NA 0.682926829268293
"Cephalophus callipygus" 1 131 41 NA NA 0.682926829268293
"Cephalophus callipygus" 1 132 41 NA NA 0.682926829268293
"Cephalophus callipygus" 1 133 41 NA NA 0.682926829268293
"Cephalophus callipygus" 1 134 41 NA NA 0.682926829268293
"Cephalophus callipygus" 1 135 41 NA NA 0.707317073170732
"Cephalophus callipygus" 1 136 41 NA NA 0.707317073170732
"Cephalophus callipygus" 1 137 41 NA NA 0.707317073170732
"Cephalophus callipygus" 1 138 41 NA NA 0.707317073170732
"Cephalophus callipygus" 1 139 40 NA NA 0.7
"Cephalophus callipygus" 1 140 40 NA NA 0.7
"Cephalophus callipygus" 1 141 40 NA NA 0.7
"Cephalophus callipygus" 1 142 40 NA NA 0.7
"Cephalophus callipygus" 1 143 40 NA NA 0.7
"Cephalophus callipygus" 1 144 40 NA NA 0.7
"Cephalophus callipygus" 1 145 40 NA NA 0.7
"Cephalophus callipygus" 1 146 40 NA NA 0.7
"Cephalophus callipygus" 1 147 40 NA NA 0.7
"Cephalophus callipygus" 1 148 40 NA NA 0.725
"Cephalophus callipygus" 1 149 40 NA NA 0.725
"Cephalophus callipygus" 1 150 40 NA NA 0.725
"Cephalophus callipygus" 1 151 40 NA NA 0.725
"Cephalophus callipygus" 1 152 40 NA NA 0.725
"Cephalophus callipygus" 1 153 40 NA NA 0.725
"Cephalophus callipygus" 1 154 39 NA NA 0.743589743589744
"Cephalophus callipygus" 1 155 39 NA NA 0.743589743589744
"Cephalophus callipygus" 1 156 39 NA NA 0.743589743589744
"Cephalophus callipygus" 1 157 39 NA NA 0.743589743589744
"Cephalophus callipygus" 1 158 39 NA NA 0.743589743589744
"Cephalophus callipygus" 1 159 39 NA NA 0.743589743589744
"Cephalophus callipygus" 1 160 39 NA NA 0.743589743589744
"Cephalophus callipygus" 1 161 39 NA NA 0.743589743589744
"Cephalophus callipygus" 1 162 39 NA NA 0.743589743589744
"Cephalophus callipygus" 1 163 39 NA NA 0.743589743589744
"Cephalophus callipygus" 1 164 39 NA NA 0.743589743589744
"Cephalophus callipygus" 1 165 39 NA NA 0.743589743589744
"Cephalophus callipygus" 1 166 39 NA NA 0.743589743589744
"Cephalophus callipygus" 1 167 39 NA NA 0.743589743589744
"Cephalophus callipygus" 1 168 39 NA NA 0.743589743589744
"Cephalophus callipygus" 1 169 39 NA NA 0.743589743589744
"Cephalophus callipygus" 1 170 39 NA NA 0.769230769230769
"Cephalophus callipygus" 1 171 39 NA NA 0.769230769230769
"Cephalophus callipygus" 1 172 39 NA NA 0.769230769230769
"Cephalophus callipygus" 1 173 38 NA NA 0.789473684210526
"Cephalophus callipygus" 1 174 38 NA NA 0.789473684210526
"Cephalophus callipygus" 1 175 37 NA NA 0.783783783783784
"Cephalophus callipygus" 1 176 37 NA NA 0.783783783783784
"Cephalophus callipygus" 1 177 37 NA NA 0.783783783783784
"Cephalophus callipygus" 1 178 37 NA NA 0.783783783783784
"Cephalophus callipygus" 1 179 37 NA NA 0.783783783783784
"Cephalophus callipygus" 1 180 37 NA NA 0.783783783783784
"Cephalophus callipygus" 1 181 37 NA NA 0.783783783783784
"Cephalophus callipygus" 1 182 37 NA NA 0.783783783783784
"Cephalophus callipygus" 1 183 37 NA NA 0.783783783783784
"Cephalophus callipygus" 1 184 36 NA NA 0.777777777777778
"Cephalophus callipygus" 1 185 35 NA NA 0.8
"Cephalophus callipygus" 1 186 35 NA NA 0.8
"Cephalophus callipygus" 1 187 34 NA NA 0.794117647058823
"Cephalophus callipygus" 1 188 34 NA NA 0.794117647058823
"Cephalophus callipygus" 1 189 34 NA NA 0.794117647058823
"Cephalophus callipygus" 1 190 34 NA NA 0.794117647058823
"Cephalophus callipygus" 1 191 33 NA NA 0.818181818181818
"Cephalophus callipygus" 1 192 33 NA NA 0.818181818181818
"Cephalophus callipygus" 1 193 33 NA NA 0.818181818181818
"Cephalophus callipygus" 1 194 33 NA NA 0.818181818181818
"Cephalophus callipygus" 1 195 33 NA NA 0.818181818181818
"Cephalophus callipygus" 1 196 33 NA NA 0.818181818181818
"Cephalophus callipygus" 1 197 33 NA NA 0.818181818181818
"Cephalophus callipygus" 1 198 33 NA NA 0.818181818181818
"Cephalophus callipygus" 1 199 33 NA NA 0.818181818181818
"Cephalophus callipygus" 1 200 33 NA NA 0.818181818181818
"Cephalophus callipygus" 2 4 452 -5.40573694564098 6.45424638192788e-08 0.192477876106195
"Cephalophus callipygus" 2 6 449 -6.05693599687157 1.38738757339163e-09 0.244988864142539
"Cephalophus callipygus" 2 8 447 -6.10629364331558 1.01971326860287e-09 0.288590604026846
"Cephalophus callipygus" 2 10 445 -6.62483036810491 3.47647170444208e-11 0.314606741573034
"Cephalophus callipygus" 2 12 439 -6.52983977782918 6.58400854321847e-11 0.343963553530752
"Cephalophus callipygus" 2 14 436 -6.87963922603111 6.00043285727167e-12 0.376146788990826
"Cephalophus callipygus" 2 16 435 -7.22222273280595 5.11446111215848e-13 0.404597701149425
"Cephalophus callipygus" 2 18 434 -7.2080552850324 5.67565883406608e-13 0.428571428571429
"Cephalophus callipygus" 2 20 430 -7.46509355822012 8.32404462357765e-14 0.451162790697674
"Cephalophus callipygus" 2 22 427 -7.84291273598001 4.40213920910543e-15 0.463700234192037
"Cephalophus callipygus" 2 24 425 -8.10831216501194 5.13277330518477e-16 0.477647058823529
"Cephalophus callipygus" 2 26 422 -8.35229349225822 6.69500516286196e-17 0.492890995260663
"Cephalophus callipygus" 2 28 422 -8.17064022164491 3.06757172693436e-16 0.509478672985782
"Cephalophus callipygus" 2 30 420 -8.70872180517506 3.07320490700053e-18 0.516666666666667
"Cephalophus callipygus" 2 32 419 -8.88121449974162 6.61342861758048e-19 0.525059665871122
"Cephalophus callipygus" 2 34 415 -9.13294906272539 6.66582301051858e-20 0.532530120481928
"Cephalophus callipygus" 2 36 412 -9.05313920451606 1.38916031198865e-19 0.536407766990291
"Cephalophus callipygus" 2 38 410 -9.33260012466015 1.03304958130852e-20 0.541463414634146
"Cephalophus callipygus" 2 40 408 -9.63738680716093 5.55849442032981e-22 0.549019607843137
"Cephalophus callipygus" 2 42 407 -9.75535482215468 1.74987674422174e-22 0.552825552825553
"Cephalophus callipygus" 2 44 403 -10.1473280755327 3.40559751025284e-24 0.56575682382134
"Cephalophus callipygus" 2 46 401 -10.1126079176279 4.85737517073218e-24 0.5785536159601
"Cephalophus callipygus" 2 48 397 -10.2625984137355 1.03873373171556e-24 0.584382871536524
"Cephalophus callipygus" 2 50 391 -10.1181307075956 4.59099762727409e-24 0.588235294117647
"Cephalophus callipygus" 2 52 386 -10.6640041586652 1.49997239857651e-26 0.588082901554404
"Cephalophus callipygus" 2 54 381 -10.7655674970667 5.00522255183725e-27 0.587926509186352
"Cephalophus callipygus" 2 56 373 -10.8381958513891 2.26901516511925e-27 0.589812332439678
"Cephalophus callipygus" 2 58 366 -11.1655285396648 6.01324732872303e-29 0.590163934426229
"Cephalophus callipygus" 2 60 361 -11.0134183590264 3.29268700249669e-28 0.592797783933518
"Cephalophus callipygus" 2 62 351 -10.6403627412205 1.9337503826745e-26 0.595441595441595
"Cephalophus callipygus" 2 64 341 -9.92603544606288 3.20756060058693e-23 0.607038123167155
"Cephalophus callipygus" 2 66 320 -7.58545143269753 3.313314165416e-14 0.6125
"Cephalophus callipygus" 2 68 296 -6.5213314669497 6.96859925146223e-11 0.625
"Cephalophus callipygus" 2 70 272 -9.16189541119018 5.09936490463054e-20 0.654411764705882
"Cephalophus callipygus" 2 72 249 -9.65218943955135 4.81172478424478e-22 0.634538152610442
"Cephalophus callipygus" 2 74 225 NA NA 0.648888888888889
"Cephalophus callipygus" 2 76 216 NA NA 0.666666666666667
"Cephalophus callipygus" 2 78 209 NA NA 0.660287081339713
"Cephalophus callipygus" 2 80 180 NA NA 0.644444444444444
"Cephalophus callipygus" 2 82 170 NA NA 0.658823529411765
"Cephalophus callipygus" 2 84 166 NA NA 0.668674698795181
"Cephalophus callipygus" 2 86 165 NA NA 0.666666666666667
"Cephalophus callipygus" 2 88 158 NA NA 0.651898734177215
"Cephalophus callipygus" 2 90 151 NA NA 0.642384105960265
"Cephalophus callipygus" 2 92 146 NA NA 0.636986301369863
"Cephalophus callipygus" 2 94 142 NA NA 0.626760563380282
"Cephalophus callipygus" 2 96 105 NA NA 0.59047619047619
"Cephalophus callipygus" 2 98 75 NA NA 0.48
"Cephalophus callipygus" 2 100 75 NA NA 0.493333333333333
"Cephalophus callipygus" 2 102 75 NA NA 0.493333333333333
"Cephalophus callipygus" 2 104 75 NA NA 0.493333333333333
"Cephalophus callipygus" 2 106 61 NA NA 0.590163934426229
"Cephalophus callipygus" 2 108 49 NA NA 0.673469387755102
"Cephalophus callipygus" 2 110 47 NA NA 0.702127659574468
"Cephalophus callipygus" 2 112 45 NA NA 0.688888888888889
"Cephalophus callipygus" 2 114 45 NA NA 0.688888888888889
"Cephalophus callipygus" 2 116 44 NA NA 0.681818181818182
"Cephalophus callipygus" 2 118 43 NA NA 0.674418604651163
"Cephalophus callipygus" 2 120 43 NA NA 0.674418604651163
"Cephalophus callipygus" 2 122 43 NA NA 0.674418604651163
"Cephalophus callipygus" 2 124 43 NA NA 0.674418604651163
"Cephalophus callipygus" 2 126 43 NA NA 0.674418604651163
"Cephalophus callipygus" 2 128 42 NA NA 0.666666666666667
"Cephalophus callipygus" 2 130 41 NA NA 0.682926829268293
"Cephalophus callipygus" 2 132 41 NA NA 0.682926829268293
"Cephalophus callipygus" 2 134 41 NA NA 0.682926829268293
"Cephalophus callipygus" 2 136 41 NA NA 0.707317073170732
"Cephalophus callipygus" 2 138 41 NA NA 0.707317073170732
"Cephalophus callipygus" 2 140 40 NA NA 0.7
"Cephalophus callipygus" 2 142 40 NA NA 0.7
"Cephalophus callipygus" 2 144 40 NA NA 0.7
"Cephalophus callipygus" 2 146 40 NA NA 0.7
"Cephalophus callipygus" 2 148 40 NA NA 0.725
"Cephalophus callipygus" 2 150 40 NA NA 0.725
"Cephalophus callipygus" 2 152 40 NA NA 0.725
"Cephalophus callipygus" 2 154 39 NA NA 0.743589743589744
"Cephalophus callipygus" 2 156 39 NA NA 0.743589743589744
"Cephalophus callipygus" 2 158 39 NA NA 0.743589743589744
"Cephalophus callipygus" 2 160 39 NA NA 0.743589743589744
"Cephalophus callipygus" 2 162 39 NA NA 0.743589743589744
"Cephalophus callipygus" 2 164 39 NA NA 0.743589743589744
"Cephalophus callipygus" 2 166 39 NA NA 0.743589743589744
"Cephalophus callipygus" 2 168 39 NA NA 0.743589743589744
"Cephalophus callipygus" 2 170 39 NA NA 0.769230769230769
"Cephalophus callipygus" 2 172 39 NA NA 0.769230769230769
"Cephalophus callipygus" 2 174 38 NA NA 0.789473684210526
"Cephalophus callipygus" 2 176 37 NA NA 0.783783783783784
"Cephalophus callipygus" 2 178 37 NA NA 0.783783783783784
"Cephalophus callipygus" 2 180 37 NA NA 0.783783783783784
"Cephalophus callipygus" 2 182 37 NA NA 0.783783783783784
"Cephalophus callipygus" 2 184 36 NA NA 0.777777777777778
"Cephalophus callipygus" 2 186 35 NA NA 0.8
"Cephalophus callipygus" 2 188 34 NA NA 0.794117647058823
"Cephalophus callipygus" 2 190 34 NA NA 0.794117647058823
"Cephalophus callipygus" 2 192 33 NA NA 0.818181818181818
"Cephalophus callipygus" 2 194 33 NA NA 0.818181818181818
"Cephalophus callipygus" 2 196 33 NA NA 0.818181818181818
"Cephalophus callipygus" 2 198 33 NA NA 0.818181818181818
"Cephalophus callipygus" 2 200 33 NA NA 0.818181818181818
"Cephalophus callipygus" 3 6 449 -5.9698107524523 2.37528941998001e-09 0.244988864142539
"Cephalophus callipygus" 3 9 447 -6.54764420866982 5.8451769314263e-11 0.304250559284116
"Cephalophus callipygus" 3 12 439 -6.68033869905687 2.38390640233701e-11 0.343963553530752
"Cephalophus callipygus" 3 15 436 -7.1825936780392 6.84011614637657e-13 0.380733944954128
"Cephalophus callipygus" 3 18 434 -7.47145971730782 7.93100485699414e-14 0.428571428571429
"Cephalophus callipygus" 3 21 429 -7.97959552652046 1.46813585655705e-15 0.456876456876457
"Cephalophus callipygus" 3 24 425 -8.26742964069088 1.36877972411069e-16 0.477647058823529
"Cephalophus callipygus" 3 27 422 -8.34208737073472 7.2990490854739e-17 0.507109004739337
"Cephalophus callipygus" 3 30 420 -8.72180599531638 2.73799157253887e-18 0.516666666666667
"Cephalophus callipygus" 3 33 415 -8.98184980348986 2.66252122441056e-19 0.527710843373494
"Cephalophus callipygus" 3 36 412 -9.02307242284512 1.82886586564225e-19 0.536407766990291
"Cephalophus callipygus" 3 39 409 -9.36349954175158 7.71384834601688e-21 0.545232273838631
"Cephalophus callipygus" 3 42 407 -9.68491725845104 3.49491406367095e-22 0.552825552825553
"Cephalophus callipygus" 3 45 402 -10.1117311760608 4.90104793400876e-24 0.569651741293532
"Cephalophus callipygus" 3 48 397 -10.2589951325601 1.07822884510534e-24 0.584382871536524
"Cephalophus callipygus" 3 51 388 -10.2789961280497 8.76356064080851e-25 0.587628865979381
"Cephalophus callipygus" 3 54 381 -10.7069045578076 9.44678174534619e-27 0.587926509186352
"Cephalophus callipygus" 3 57 370 -10.8794795186013 1.44385021209497e-27 0.586486486486486
"Cephalophus callipygus" 3 60 361 -10.9226059685373 8.98793287052369e-28 0.592797783933518
"Cephalophus callipygus" 3 63 349 -10.5175188030368 7.17378559895001e-26 0.601719197707736
"Cephalophus callipygus" 3 66 320 -7.87036812226289 3.53599231318765e-15 0.6125
"Cephalophus callipygus" 3 69 283 -9.13595041770287 6.48347458790642e-20 0.628975265017668
"Cephalophus callipygus" 3 72 249 -9.54362923478792 1.37919393956556e-21 0.634538152610442
"Cephalophus callipygus" 3 75 218 NA NA 0.665137614678899
"Cephalophus callipygus" 3 78 209 NA NA 0.660287081339713
"Cephalophus callipygus" 3 81 176 NA NA 0.647727272727273
"Cephalophus callipygus" 3 84 166 NA NA 0.668674698795181
"Cephalophus callipygus" 3 87 163 NA NA 0.662576687116564
"Cephalophus callipygus" 3 90 151 NA NA 0.642384105960265
"Cephalophus callipygus" 3 93 142 NA NA 0.626760563380282
"Cephalophus callipygus" 3 96 105 NA NA 0.59047619047619
"Cephalophus callipygus" 3 99 75 NA NA 0.493333333333333
"Cephalophus callipygus" 3 102 75 NA NA 0.493333333333333
"Cephalophus callipygus" 3 105 73 NA NA 0.506849315068493
"Cephalophus callipygus" 3 108 49 NA NA 0.673469387755102
"Cephalophus callipygus" 3 111 45 NA NA 0.688888888888889
"Cephalophus callipygus" 3 114 45 NA NA 0.688888888888889
"Cephalophus callipygus" 3 117 43 NA NA 0.674418604651163
"Cephalophus callipygus" 3 120 43 NA NA 0.674418604651163
"Cephalophus callipygus" 3 123 43 NA NA 0.674418604651163
"Cephalophus callipygus" 3 126 43 NA NA 0.674418604651163
"Cephalophus callipygus" 3 129 42 NA NA 0.666666666666667
"Cephalophus callipygus" 3 132 41 NA NA 0.682926829268293
"Cephalophus callipygus" 3 135 41 NA NA 0.707317073170732
"Cephalophus callipygus" 3 138 41 NA NA 0.707317073170732
"Cephalophus callipygus" 3 141 40 NA NA 0.7
"Cephalophus callipygus" 3 144 40 NA NA 0.7
"Cephalophus callipygus" 3 147 40 NA NA 0.7
"Cephalophus callipygus" 3 150 40 NA NA 0.725
"Cephalophus callipygus" 3 153 40 NA NA 0.725
"Cephalophus callipygus" 3 156 39 NA NA 0.743589743589744
"Cephalophus callipygus" 3 159 39 NA NA 0.743589743589744
"Cephalophus callipygus" 3 162 39 NA NA 0.743589743589744
"Cephalophus callipygus" 3 165 39 NA NA 0.743589743589744
"Cephalophus callipygus" 3 168 39 NA NA 0.743589743589744
"Cephalophus callipygus" 3 171 39 NA NA 0.769230769230769
"Cephalophus callipygus" 3 174 38 NA NA 0.789473684210526
"Cephalophus callipygus" 3 177 37 NA NA 0.783783783783784
"Cephalophus callipygus" 3 180 37 NA NA 0.783783783783784
"Cephalophus callipygus" 3 183 37 NA NA 0.783783783783784
"Cephalophus callipygus" 3 186 35 NA NA 0.8
"Cephalophus callipygus" 3 189 34 NA NA 0.794117647058823
"Cephalophus callipygus" 3 192 33 NA NA 0.818181818181818
"Cephalophus callipygus" 3 195 33 NA NA 0.818181818181818
"Cephalophus callipygus" 3 198 33 NA NA 0.818181818181818
"Cephalophus callipygus" 4 8 447 -5.99973057692958 1.97645190373405e-09 0.288590604026846
"Cephalophus callipygus" 4 12 439 -6.57288775236207 4.93486611832919e-11 0.343963553530752
"Cephalophus callipygus" 4 16 435 -7.3449543041371 2.05829407546004e-13 0.404597701149425
"Cephalophus callipygus" 4 20 430 -7.5652908115694 3.86997832173955e-14 0.451162790697674
"Cephalophus callipygus" 4 24 425 -8.10530512722969 5.26133086952562e-16 0.477647058823529
"Cephalophus callipygus" 4 28 422 -8.14701071523138 3.73030638993105e-16 0.509478672985782
"Cephalophus callipygus" 4 32 419 -8.53339119665522 1.42119110110308e-17 0.525059665871122
"Cephalophus callipygus" 4 36 412 -8.78918497704687 1.50648847841164e-18 0.536407766990291
"Cephalophus callipygus" 4 40 408 -9.30271342954123 1.36906322299372e-20 0.549019607843137
"Cephalophus callipygus" 4 44 403 -9.77381472069524 1.45854496049527e-22 0.56575682382134
"Cephalophus callipygus" 4 48 397 -10.0386022074851 1.03125079937736e-23 0.584382871536524
"Cephalophus callipygus" 4 52 386 -10.5010553716589 8.54197133788753e-26 0.588082901554404
"Cephalophus callipygus" 4 56 373 -10.6952794530617 1.07096327789845e-26 0.589812332439678
"Cephalophus callipygus" 4 60 361 -10.9061127221769 1.07766621808051e-27 0.592797783933518
"Cephalophus callipygus" 4 64 341 -9.95441191992642 2.41244934872653e-23 0.607038123167155
"Cephalophus callipygus" 4 68 296 -7.46693889660629 8.20818593690552e-14 0.625
"Cephalophus callipygus" 4 72 249 -9.42054593591117 4.48748644590356e-21 0.634538152610442
"Cephalophus callipygus" 4 76 216 NA NA 0.666666666666667
"Cephalophus callipygus" 4 80 180 NA NA 0.644444444444444
"Cephalophus callipygus" 4 84 166 NA NA 0.668674698795181
"Cephalophus callipygus" 4 88 158 NA NA 0.651898734177215
"Cephalophus callipygus" 4 92 146 NA NA 0.636986301369863
"Cephalophus callipygus" 4 96 105 NA NA 0.59047619047619
"Cephalophus callipygus" 4 100 75 NA NA 0.493333333333333
"Cephalophus callipygus" 4 104 75 NA NA 0.493333333333333
"Cephalophus callipygus" 4 108 49 NA NA 0.673469387755102
"Cephalophus callipygus" 4 112 45 NA NA 0.688888888888889
"Cephalophus callipygus" 4 116 44 NA NA 0.681818181818182
"Cephalophus callipygus" 4 120 43 NA NA 0.674418604651163
"Cephalophus callipygus" 4 124 43 NA NA 0.674418604651163
"Cephalophus callipygus" 4 128 42 NA NA 0.666666666666667
"Cephalophus callipygus" 4 132 41 NA NA 0.682926829268293
"Cephalophus callipygus" 4 136 41 NA NA 0.707317073170732
"Cephalophus callipygus" 4 140 40 NA NA 0.7
"Cephalophus callipygus" 4 144 40 NA NA 0.7
"Cephalophus callipygus" 4 148 40 NA NA 0.725
"Cephalophus callipygus" 4 152 40 NA NA 0.725
"Cephalophus callipygus" 4 156 39 NA NA 0.743589743589744
"Cephalophus callipygus" 4 160 39 NA NA 0.743589743589744
"Cephalophus callipygus" 4 164 39 NA NA 0.743589743589744
"Cephalophus callipygus" 4 168 39 NA NA 0.743589743589744
"Cephalophus callipygus" 4 172 39 NA NA 0.769230769230769
"Cephalophus callipygus" 4 176 37 NA NA 0.783783783783784
"Cephalophus callipygus" 4 180 37 NA NA 0.783783783783784
"Cephalophus callipygus" 4 184 36 NA NA 0.777777777777778
"Cephalophus callipygus" 4 188 34 NA NA 0.794117647058823
"Cephalophus callipygus" 4 192 33 NA NA 0.818181818181818
"Cephalophus callipygus" 4 196 33 NA NA 0.818181818181818
"Cephalophus callipygus" 4 200 33 NA NA 0.818181818181818
"Cephalophus callipygus" 5 10 445 -6.64926622941565 2.94557779554271e-11 0.314606741573034
"Cephalophus callipygus" 5 15 436 -7.0709840399248 1.5383883442797e-12 0.380733944954128
"Cephalophus callipygus" 5 20 430 -7.6726396253517 1.68492386114885e-14 0.451162790697674
"Cephalophus callipygus" 5 25 423 -8.31488122005447 9.18442100358943e-17 0.48936170212766
"Cephalophus callipygus" 5 30 420 -8.6103782915365 7.28198746534973e-18 0.516666666666667
"Cephalophus callipygus" 5 35 413 -8.84818583346035 8.89534415708483e-19 0.532687651331719
"Cephalophus callipygus" 5 40 408 -9.41245237382509 4.84693664917031e-21 0.549019607843137
"Cephalophus callipygus" 5 45 402 -9.82535049481782 8.75688799310147e-23 0.569651741293532
"Cephalophus callipygus" 5 50 391 -9.862025304629 6.08102151346632e-23 0.588235294117647
"Cephalophus callipygus" 5 55 376 -10.5051248839578 8.18144372745097e-26 0.587765957446808
"Cephalophus callipygus" 5 60 361 -10.8162015967301 2.88487098583625e-27 0.592797783933518
"Cephalophus callipygus" 5 65 327 -8.79367560211523 1.44745096521709e-18 0.605504587155963
"Cephalophus callipygus" 5 70 272 -9.04070740722928 1.55661165356301e-19 0.654411764705882
"Cephalophus callipygus" 5 75 218 NA NA 0.665137614678899
"Cephalophus callipygus" 5 80 180 NA NA 0.644444444444444
"Cephalophus callipygus" 5 85 166 NA NA 0.668674698795181
"Cephalophus callipygus" 5 90 151 NA NA 0.642384105960265
"Cephalophus callipygus" 5 95 127 NA NA 0.614173228346457
"Cephalophus callipygus" 5 100 75 NA NA 0.493333333333333
"Cephalophus callipygus" 5 105 73 NA NA 0.506849315068493
"Cephalophus callipygus" 5 110 47 NA NA 0.702127659574468
"Cephalophus callipygus" 5 115 44 NA NA 0.681818181818182
"Cephalophus callipygus" 5 120 43 NA NA 0.674418604651163
"Cephalophus callipygus" 5 125 43 NA NA 0.674418604651163
"Cephalophus callipygus" 5 130 41 NA NA 0.682926829268293
"Cephalophus callipygus" 5 135 41 NA NA 0.707317073170732
"Cephalophus callipygus" 5 140 40 NA NA 0.7
"Cephalophus callipygus" 5 145 40 NA NA 0.7
"Cephalophus callipygus" 5 150 40 NA NA 0.725
"Cephalophus callipygus" 5 155 39 NA NA 0.743589743589744
"Cephalophus callipygus" 5 160 39 NA NA 0.743589743589744
"Cephalophus callipygus" 5 165 39 NA NA 0.743589743589744
"Cephalophus callipygus" 5 170 39 NA NA 0.769230769230769
"Cephalophus callipygus" 5 175 37 NA NA 0.783783783783784
"Cephalophus callipygus" 5 180 37 NA NA 0.783783783783784
"Cephalophus callipygus" 5 185 35 NA NA 0.8
"Cephalophus callipygus" 5 190 34 NA NA 0.794117647058823
"Cephalophus callipygus" 5 195 33 NA NA 0.818181818181818
"Cephalophus callipygus" 5 200 33 NA NA 0.818181818181818
"Cephalophus callipygus" 6 12 439 -6.61658665478364 3.67587437436819e-11 0.343963553530752
"Cephalophus callipygus" 6 18 434 -7.51008524415576 5.90888738472995e-14 0.428571428571429
"Cephalophus callipygus" 6 24 425 -8.41192878553428 4.03322751610562e-17 0.477647058823529
"Cephalophus callipygus" 6 30 420 -8.71922046952277 2.80123647908482e-18 0.516666666666667
"Cephalophus callipygus" 6 36 412 -8.97202425923647 2.91114277105793e-19 0.536407766990291
"Cephalophus callipygus" 6 42 407 -9.57698629942472 9.99179115119713e-22 0.552825552825553
"Cephalophus callipygus" 6 48 397 -10.0815429609736 6.667083140559e-24 0.584382871536524
"Cephalophus callipygus" 6 54 381 -10.6363975026906 2.01780735037373e-26 0.587926509186352
"Cephalophus callipygus" 6 60 361 -10.8473901286216 2.05201067611586e-27 0.592797783933518
"Cephalophus callipygus" 6 66 320 -8.35652151312062 6.45946578439996e-17 0.6125
"Cephalophus callipygus" 6 72 249 -9.51007381858897 1.90527286901131e-21 0.634538152610442
"Cephalophus callipygus" 6 78 209 NA NA 0.660287081339713
"Cephalophus callipygus" 6 84 166 NA NA 0.668674698795181
"Cephalophus callipygus" 6 90 151 NA NA 0.642384105960265
"Cephalophus callipygus" 6 96 105 NA NA 0.59047619047619
"Cephalophus callipygus" 6 102 75 NA NA 0.493333333333333
"Cephalophus callipygus" 6 108 49 NA NA 0.673469387755102
"Cephalophus callipygus" 6 114 45 NA NA 0.688888888888889
"Cephalophus callipygus" 6 120 43 NA NA 0.674418604651163
"Cephalophus callipygus" 6 126 43 NA NA 0.674418604651163
"Cephalophus callipygus" 6 132 41 NA NA 0.682926829268293
"Cephalophus callipygus" 6 138 41 NA NA 0.707317073170732
"Cephalophus callipygus" 6 144 40 NA NA 0.7
"Cephalophus callipygus" 6 150 40 NA NA 0.725
"Cephalophus callipygus" 6 156 39 NA NA 0.743589743589744
"Cephalophus callipygus" 6 162 39 NA NA 0.743589743589744
"Cephalophus callipygus" 6 168 39 NA NA 0.743589743589744
"Cephalophus callipygus" 6 174 38 NA NA 0.789473684210526
"Cephalophus callipygus" 6 180 37 NA NA 0.783783783783784
"Cephalophus callipygus" 6 186 35 NA NA 0.8
"Cephalophus callipygus" 6 192 33 NA NA 0.818181818181818
"Cephalophus callipygus" 6 198 33 NA NA 0.818181818181818
"Cephalophus callipygus" 7 14 436 -6.9407009740392 3.90159086771045e-12 0.376146788990826
"Cephalophus callipygus" 7 21 429 -7.93516786279535 2.10210814517465e-15 0.456876456876457
"Cephalophus callipygus" 7 28 422 -8.01050135734935 1.1424175522154e-15 0.509478672985782
"Cephalophus callipygus" 7 35 413 -8.5364015420604 1.38466565530713e-17 0.532687651331719
"Cephalophus callipygus" 7 42 407 -9.23356547443924 2.61770004060355e-20 0.552825552825553
"Cephalophus callipygus" 7 49 395 -9.65806767469075 4.54352925338124e-22 0.589873417721519
"Cephalophus callipygus" 7 56 373 -10.5101316190793 7.75851924570599e-26 0.589812332439678
"Cephalophus callipygus" 7 63 349 -10.262419581159 1.04065964505869e-24 0.601719197707736
"Cephalophus callipygus" 7 70 272 -8.90359843916313 5.40647826093193e-19 0.654411764705882
"Cephalophus callipygus" 7 77 211 NA NA 0.663507109004739
"Cephalophus callipygus" 7 84 166 NA NA 0.668674698795181
"Cephalophus callipygus" 7 91 150 NA NA 0.64
"Cephalophus callipygus" 7 98 75 NA NA 0.48
"Cephalophus callipygus" 7 105 73 NA NA 0.506849315068493
"Cephalophus callipygus" 7 112 45 NA NA 0.688888888888889
"Cephalophus callipygus" 7 119 43 NA NA 0.674418604651163
"Cephalophus callipygus" 7 126 43 NA NA 0.674418604651163
"Cephalophus callipygus" 7 133 41 NA NA 0.682926829268293
"Cephalophus callipygus" 7 140 40 NA NA 0.7
"Cephalophus callipygus" 7 147 40 NA NA 0.7
"Cephalophus callipygus" 7 154 39 NA NA 0.743589743589744
"Cephalophus callipygus" 7 161 39 NA NA 0.743589743589744
"Cephalophus callipygus" 7 168 39 NA NA 0.743589743589744
"Cephalophus callipygus" 7 175 37 NA NA 0.783783783783784
"Cephalophus callipygus" 7 182 37 NA NA 0.783783783783784
"Cephalophus callipygus" 7 189 34 NA NA 0.794117647058823
"Cephalophus callipygus" 7 196 33 NA NA 0.818181818181818
"Cephalophus callipygus" 8 16 435 -7.2732575388698 3.50920374495136e-13 0.404597701149425
"Cephalophus callipygus" 8 24 425 -8.09854145245532 5.5622011462924e-16 0.477647058823529
"Cephalophus callipygus" 8 32 419 -8.34882073692585 6.89478901175259e-17 0.525059665871122
"Cephalophus callipygus" 8 40 408 -9.05535206259038 1.36127932835012e-19 0.549019607843137
"Cephalophus callipygus" 8 48 397 -9.56506992011003 1.12125659744212e-21 0.584382871536524
"Cephalophus callipygus" 8 56 373 -10.3968321028604 2.56313091795104e-25 0.589812332439678
"Cephalophus callipygus" 8 64 341 -9.61578455406727 6.858448424583e-22 0.607038123167155
"Cephalophus callipygus" 8 72 249 -9.19804484734211 3.64521644329109e-20 0.634538152610442
"Cephalophus callipygus" 8 80 180 NA NA 0.644444444444444
"Cephalophus callipygus" 8 88 158 NA NA 0.651898734177215
"Cephalophus callipygus" 8 96 105 NA NA 0.59047619047619
"Cephalophus callipygus" 8 104 75 NA NA 0.493333333333333
"Cephalophus callipygus" 8 112 45 NA NA 0.688888888888889
"Cephalophus callipygus" 8 120 43 NA NA 0.674418604651163
"Cephalophus callipygus" 8 128 42 NA NA 0.666666666666667
"Cephalophus callipygus" 8 136 41 NA NA 0.707317073170732
"Cephalophus callipygus" 8 144 40 NA NA 0.7
"Cephalophus callipygus" 8 152 40 NA NA 0.725
"Cephalophus callipygus" 8 160 39 NA NA 0.743589743589744
"Cephalophus callipygus" 8 168 39 NA NA 0.743589743589744
"Cephalophus callipygus" 8 176 37 NA NA 0.783783783783784
"Cephalophus callipygus" 8 184 36 NA NA 0.777777777777778
"Cephalophus callipygus" 8 192 33 NA NA 0.818181818181818
"Cephalophus callipygus" 8 200 33 NA NA 0.818181818181818
"Cephalophus callipygus" 9 18 434 -7.25810116712633 3.9256191366631e-13 0.428571428571429
"Cephalophus callipygus" 9 27 422 -8.10750393423752 5.1670195794223e-16 0.507109004739337
"Cephalophus callipygus" 9 36 412 -8.44944718040264 2.92685377329577e-17 0.536407766990291
"Cephalophus callipygus" 9 45 402 -9.35533518819715 8.33350587222941e-21 0.569651741293532
"Cephalophus callipygus" 9 54 381 -10.1739557753129 2.59164726000566e-24 0.587926509186352
"Cephalophus callipygus" 9 63 349 -10.0066885734428 1.42440641115862e-23 0.601719197707736
"Cephalophus callipygus" 9 72 249 -9.1720759140148 4.63996072429862e-20 0.634538152610442
"Cephalophus callipygus" 9 81 176 NA NA 0.647727272727273
"Cephalophus callipygus" 9 90 151 NA NA 0.642384105960265
"Cephalophus callipygus" 9 99 75 NA NA 0.493333333333333
"Cephalophus callipygus" 9 108 49 NA NA 0.673469387755102
"Cephalophus callipygus" 9 117 43 NA NA 0.674418604651163
"Cephalophus callipygus" 9 126 43 NA NA 0.674418604651163
"Cephalophus callipygus" 9 135 41 NA NA 0.707317073170732
"Cephalophus callipygus" 9 144 40 NA NA 0.7
"Cephalophus callipygus" 9 153 40 NA NA 0.725
"Cephalophus callipygus" 9 162 39 NA NA 0.743589743589744
"Cephalophus callipygus" 9 171 39 NA NA 0.769230769230769
"Cephalophus callipygus" 9 180 37 NA NA 0.783783783783784
"Cephalophus callipygus" 9 189 34 NA NA 0.794117647058823
"Cephalophus callipygus" 9 198 33 NA NA 0.818181818181818
"Cephalophus callipygus" 10 20 430 -7.5768961578929 3.53919828974763e-14 0.451162790697674
"Cephalophus callipygus" 10 30 420 -8.05451357250187 7.97955025395704e-16 0.516666666666667
"Cephalophus callipygus" 10 40 408 -8.85268507961326 8.54384876044557e-19 0.549019607843137
"Cephalophus callipygus" 10 50 391 -9.21496258884373 3.11386871024162e-20 0.588235294117647
"Cephalophus callipygus" 10 60 361 -10.204498338739 1.89296839467548e-24 0.592797783933518
"Cephalophus callipygus" 10 70 272 -8.81513540988519 1.19540493412072e-18 0.654411764705882
"Cephalophus callipygus" 10 80 180 NA NA 0.644444444444444
"Cephalophus callipygus" 10 90 151 NA NA 0.642384105960265
"Cephalophus callipygus" 10 100 75 NA NA 0.493333333333333
"Cephalophus callipygus" 10 110 47 NA NA 0.702127659574468
"Cephalophus callipygus" 10 120 43 NA NA 0.674418604651163
"Cephalophus callipygus" 10 130 41 NA NA 0.682926829268293
"Cephalophus callipygus" 10 140 40 NA NA 0.7
"Cephalophus callipygus" 10 150 40 NA NA 0.725
"Cephalophus callipygus" 10 160 39 NA NA 0.743589743589744
"Cephalophus callipygus" 10 170 39 NA NA 0.769230769230769
"Cephalophus callipygus" 10 180 37 NA NA 0.783783783783784
"Cephalophus callipygus" 10 190 34 NA NA 0.794117647058823
"Cephalophus callipygus" 10 200 33 NA NA 0.818181818181818
"Cephalophus callipygus" 11 22 427 -7.69318413506216 1.43517734350677e-14 0.463700234192037
"Cephalophus callipygus" 11 33 415 -8.08593611443162 6.16885182271969e-16 0.527710843373494
"Cephalophus callipygus" 11 44 403 -9.0034615063147 2.18710707842619e-19 0.56575682382134
"Cephalophus callipygus" 11 55 376 -9.7180576376966 2.52552966608738e-22 0.587765957446808
"Cephalophus callipygus" 11 66 320 -7.89176794192112 2.9793534552796e-15 0.6125
"Cephalophus callipygus" 11 77 211 NA NA 0.663507109004739
"Cephalophus callipygus" 11 88 158 NA NA 0.651898734177215
"Cephalophus callipygus" 11 99 75 NA NA 0.493333333333333
"Cephalophus callipygus" 11 110 47 NA NA 0.702127659574468
"Cephalophus callipygus" 11 121 43 NA NA 0.674418604651163
"Cephalophus callipygus" 11 132 41 NA NA 0.682926829268293
"Cephalophus callipygus" 11 143 40 NA NA 0.7
"Cephalophus callipygus" 11 154 39 NA NA 0.743589743589744
"Cephalophus callipygus" 11 165 39 NA NA 0.743589743589744
"Cephalophus callipygus" 11 176 37 NA NA 0.783783783783784
"Cephalophus callipygus" 11 187 34 NA NA 0.794117647058823
"Cephalophus callipygus" 11 198 33 NA NA 0.818181818181818
"Cephalophus callipygus" 12 24 425 -7.96586693020604 1.64069424687826e-15 0.477647058823529
"Cephalophus callipygus" 12 36 412 -8.29015763807418 1.13098476166808e-16 0.536407766990291
"Cephalophus callipygus" 12 48 397 -9.17353605252101 4.57751708441637e-20 0.584382871536524
"Cephalophus callipygus" 12 60 361 -10.0205507298158 1.23811097268051e-23 0.592797783933518
"Cephalophus callipygus" 12 72 249 -8.83739889839074 9.79728318127896e-19 0.634538152610442
"Cephalophus callipygus" 12 84 166 NA NA 0.668674698795181
"Cephalophus callipygus" 12 96 105 NA NA 0.59047619047619
"Cephalophus callipygus" 12 108 49 NA NA 0.673469387755102
"Cephalophus callipygus" 12 120 43 NA NA 0.674418604651163
"Cephalophus callipygus" 12 132 41 NA NA 0.682926829268293
"Cephalophus callipygus" 12 144 40 NA NA 0.7
"Cephalophus callipygus" 12 156 39 NA NA 0.743589743589744
"Cephalophus callipygus" 12 168 39 NA NA 0.743589743589744
"Cephalophus callipygus" 12 180 37 NA NA 0.783783783783784
"Cephalophus callipygus" 12 192 33 NA NA 0.818181818181818
"Cephalophus callipygus" 13 26 422 -7.93803297730232 2.05412732036158e-15 0.492890995260663
"Cephalophus callipygus" 13 39 409 -8.42906033740695 3.48451893145442e-17 0.545232273838631
"Cephalophus callipygus" 13 52 386 -9.34754374378183 8.97067203754061e-21 0.588082901554404
"Cephalophus callipygus" 13 65 327 -8.30360338911506 1.0100040514707e-16 0.605504587155963
"Cephalophus callipygus" 13 78 209 NA NA 0.660287081339713
"Cephalophus callipygus" 13 91 150 NA NA 0.64
"Cephalophus callipygus" 13 104 75 NA NA 0.493333333333333
"Cephalophus callipygus" 13 117 43 NA NA 0.674418604651163
"Cephalophus callipygus" 13 130 41 NA NA 0.682926829268293
"Cephalophus callipygus" 13 143 40 NA NA 0.7
"Cephalophus callipygus" 13 156 39 NA NA 0.743589743589744
"Cephalophus callipygus" 13 169 39 NA NA 0.743589743589744
"Cephalophus callipygus" 13 182 37 NA NA 0.783783783783784
"Cephalophus callipygus" 13 195 33 NA NA 0.818181818181818
"Cephalophus callipygus" 14 28 422 -7.59369389675055 3.10912376634846e-14 0.509478672985782
"Cephalophus callipygus" 14 42 407 -8.48885744704031 2.08678506511134e-17 0.552825552825553
"Cephalophus callipygus" 14 56 373 -9.64731234124956 5.04608897997073e-22 0.589812332439678
"Cephalophus callipygus" 14 70 272 -8.18241593879692 2.78208817259518e-16 0.654411764705882
"Cephalophus callipygus" 14 84 166 NA NA 0.668674698795181
"Cephalophus callipygus" 14 98 75 NA NA 0.48
"Cephalophus callipygus" 14 112 45 NA NA 0.688888888888889
"Cephalophus callipygus" 14 126 43 NA NA 0.674418604651163
"Cephalophus callipygus" 14 140 40 NA NA 0.7
"Cephalophus callipygus" 14 154 39 NA NA 0.743589743589744
"Cephalophus callipygus" 14 168 39 NA NA 0.743589743589744
"Cephalophus callipygus" 14 182 37 NA NA 0.783783783783784
"Cephalophus callipygus" 14 196 33 NA NA 0.818181818181818
"Cephalophus callipygus" 15 30 420 -7.47672538308754 7.61974092829484e-14 0.516666666666667
"Cephalophus callipygus" 15 45 402 -8.47637045205327 2.32328174268055e-17 0.569651741293532
"Cephalophus callipygus" 15 60 361 -9.70253635930944 2.94095168846651e-22 0.592797783933518
"Cephalophus callipygus" 15 75 218 NA NA 0.665137614678899
"Cephalophus callipygus" 15 90 151 NA NA 0.642384105960265
"Cephalophus callipygus" 15 105 73 NA NA 0.506849315068493
"Cephalophus callipygus" 15 120 43 NA NA 0.674418604651163
"Cephalophus callipygus" 15 135 41 NA NA 0.707317073170732
"Cephalophus callipygus" 15 150 40 NA NA 0.725
"Cephalophus callipygus" 15 165 39 NA NA 0.743589743589744
"Cephalophus callipygus" 15 180 37 NA NA 0.783783783783784
"Cephalophus callipygus" 15 195 33 NA NA 0.818181818181818
"Cephalophus callipygus" 16 32 419 -7.53922820949223 4.72761016983776e-14 0.525059665871122
"Cephalophus callipygus" 16 48 397 -8.48321344279171 2.19058283449608e-17 0.584382871536524
"Cephalophus callipygus" 16 64 341 -8.56793042175141 1.05361422683777e-17 0.607038123167155
"Cephalophus callipygus" 16 80 180 NA NA 0.644444444444444
"Cephalophus callipygus" 16 96 105 NA NA 0.59047619047619
"Cephalophus callipygus" 16 112 45 NA NA 0.688888888888889
"Cephalophus callipygus" 16 128 42 NA NA 0.666666666666667
"Cephalophus callipygus" 16 144 40 NA NA 0.7
"Cephalophus callipygus" 16 160 39 NA NA 0.743589743589744
"Cephalophus callipygus" 16 176 37 NA NA 0.783783783783784
"Cephalophus callipygus" 16 192 33 NA NA 0.818181818181818
"Cephalophus callipygus" 17 34 415 -7.83967863167783 4.51700959507801e-15 0.532530120481928
"Cephalophus callipygus" 17 51 388 -8.54452892088803 1.29061641338242e-17 0.587628865979381
"Cephalophus callipygus" 17 68 296 -7.0827533531396 1.41318072433008e-12 0.625
"Cephalophus callipygus" 17 85 166 NA NA 0.668674698795181
"Cephalophus callipygus" 17 102 75 NA NA 0.493333333333333
"Cephalophus callipygus" 17 119 43 NA NA 0.674418604651163
"Cephalophus callipygus" 17 136 41 NA NA 0.707317073170732
"Cephalophus callipygus" 17 153 40 NA NA 0.725
"Cephalophus callipygus" 17 170 39 NA NA 0.769230769230769
"Cephalophus callipygus" 17 187 34 NA NA 0.794117647058823
"Cephalophus callipygus" 18 36 412 -7.55434121566829 4.20985196423075e-14 0.536407766990291
"Cephalophus callipygus" 18 54 381 -8.66088547119376 4.68113674471337e-18 0.587926509186352
"Cephalophus callipygus" 18 72 249 -7.69459079497552 1.4194771879009e-14 0.634538152610442
"Cephalophus callipygus" 18 90 151 NA NA 0.642384105960265
"Cephalophus callipygus" 18 108 49 NA NA 0.673469387755102
"Cephalophus callipygus" 18 126 43 NA NA 0.674418604651163
"Cephalophus callipygus" 18 144 40 NA NA 0.7
"Cephalophus callipygus" 18 162 39 NA NA 0.743589743589744
"Cephalophus callipygus" 18 180 37 NA NA 0.783783783783784
"Cephalophus callipygus" 18 198 33 NA NA 0.818181818181818
"Cephalophus callipygus" 19 38 410 -7.48966748375125 6.90483215996027e-14 0.541463414634146
"Cephalophus callipygus" 19 57 370 -8.95372927819067 3.43671010527478e-19 0.586486486486486
"Cephalophus callipygus" 19 76 216 NA NA 0.666666666666667
"Cephalophus callipygus" 19 95 127 NA NA 0.614173228346457
"Cephalophus callipygus" 19 114 45 NA NA 0.688888888888889
"Cephalophus callipygus" 19 133 41 NA NA 0.682926829268293
"Cephalophus callipygus" 19 152 40 NA NA 0.725
"Cephalophus callipygus" 19 171 39 NA NA 0.769230769230769
"Cephalophus callipygus" 19 190 34 NA NA 0.794117647058823
"Cephalophus callipygus" 20 40 408 -7.57027979128989 3.72421232903248e-14 0.549019607843137
"Cephalophus callipygus" 20 60 361 -8.95280173014274 3.46571997118089e-19 0.592797783933518
"Cephalophus callipygus" 20 80 180 NA NA 0.644444444444444
"Cephalophus callipygus" 20 100 75 NA NA 0.493333333333333
"Cephalophus callipygus" 20 120 43 NA NA 0.674418604651163
"Cephalophus callipygus" 20 140 40 NA NA 0.7
"Cephalophus callipygus" 20 160 39 NA NA 0.743589743589744
"Cephalophus callipygus" 20 180 37 NA NA 0.783783783783784
"Cephalophus callipygus" 20 200 33 NA NA 0.818181818181818
"Cephalophus callipygus" 21 42 407 -7.46197289299035 8.52364240238754e-14 0.552825552825553
"Cephalophus callipygus" 21 63 349 -8.5300386179905 1.46298870519705e-17 0.601719197707736
"Cephalophus callipygus" 21 84 166 NA NA 0.668674698795181
"Cephalophus callipygus" 21 105 73 NA NA 0.506849315068493
"Cephalophus callipygus" 21 126 43 NA NA 0.674418604651163
"Cephalophus callipygus" 21 147 40 NA NA 0.7
"Cephalophus callipygus" 21 168 39 NA NA 0.743589743589744
"Cephalophus callipygus" 21 189 34 NA NA 0.794117647058823
"Cephalophus callipygus" 22 44 403 -8.07854705121231 6.55429852292123e-16 0.56575682382134
"Cephalophus callipygus" 22 66 320 -7.57640115795494 3.55272140470847e-14 0.6125
"Cephalophus callipygus" 22 88 158 NA NA 0.651898734177215
"Cephalophus callipygus" 22 110 47 NA NA 0.702127659574468
"Cephalophus callipygus" 22 132 41 NA NA 0.682926829268293
"Cephalophus callipygus" 22 154 39 NA NA 0.743589743589744
"Cephalophus callipygus" 22 176 37 NA NA 0.783783783783784
"Cephalophus callipygus" 22 198 33 NA NA 0.818181818181818
"Cephalophus callipygus" 23 46 401 -7.96737071355432 1.62085886381329e-15 0.5785536159601
"Cephalophus callipygus" 23 69 283 -7.6133363026479 2.67109571281353e-14 0.628975265017668
"Cephalophus callipygus" 23 92 146 NA NA 0.636986301369863
"Cephalophus callipygus" 23 115 44 NA NA 0.681818181818182
"Cephalophus callipygus" 23 138 41 NA NA 0.707317073170732
"Cephalophus callipygus" 23 161 39 NA NA 0.743589743589744
"Cephalophus callipygus" 23 184 36 NA NA 0.777777777777778
"Cephalophus callipygus" 24 48 397 -8.13358031665771 4.16793723331757e-16 0.584382871536524
"Cephalophus callipygus" 24 72 249 -7.58757038024569 3.2595957331127e-14 0.634538152610442
"Cephalophus callipygus" 24 96 105 NA NA 0.59047619047619
"Cephalophus callipygus" 24 120 43 NA NA 0.674418604651163
"Cephalophus callipygus" 24 144 40 NA NA 0.7
"Cephalophus callipygus" 24 168 39 NA NA 0.743589743589744
"Cephalophus callipygus" 24 192 33 NA NA 0.818181818181818
"Cephalophus callipygus" 25 50 391 -7.91425967157257 2.48728681818956e-15 0.588235294117647
"Cephalophus callipygus" 25 75 218 NA NA 0.665137614678899
"Cephalophus callipygus" 25 100 75 NA NA 0.493333333333333
"Cephalophus callipygus" 25 125 43 NA NA 0.674418604651163
"Cephalophus callipygus" 25 150 40 NA NA 0.725
"Cephalophus callipygus" 25 175 37 NA NA 0.783783783783784
"Cephalophus callipygus" 25 200 33 NA NA 0.818181818181818
"Cephalophus callipygus" 26 52 386 -8.28632601021267 1.16800352938997e-16 0.588082901554404
"Cephalophus callipygus" 26 78 209 NA NA 0.660287081339713
"Cephalophus callipygus" 26 104 75 NA NA 0.493333333333333
"Cephalophus callipygus" 26 130 41 NA NA 0.682926829268293
"Cephalophus callipygus" 26 156 39 NA NA 0.743589743589744
"Cephalophus callipygus" 26 182 37 NA NA 0.783783783783784
"Cephalophus callipygus" 27 54 381 -7.83229862917399 4.79030060092358e-15 0.587926509186352
"Cephalophus callipygus" 27 81 176 NA NA 0.647727272727273
"Cephalophus callipygus" 27 108 49 NA NA 0.673469387755102
"Cephalophus callipygus" 27 135 41 NA NA 0.707317073170732
"Cephalophus callipygus" 27 162 39 NA NA 0.743589743589744
"Cephalophus callipygus" 27 189 34 NA NA 0.794117647058823
"Cephalophus callipygus" 28 56 373 -8.09921080831023 5.53168565048645e-16 0.589812332439678
"Cephalophus callipygus" 28 84 166 NA NA 0.668674698795181
"Cephalophus callipygus" 28 112 45 NA NA 0.688888888888889
"Cephalophus callipygus" 28 140 40 NA NA 0.7
"Cephalophus callipygus" 28 168 39 NA NA 0.743589743589744
"Cephalophus callipygus" 28 196 33 NA NA 0.818181818181818
"Cephalophus callipygus" 29 58 366 -8.34147351610384 7.33704614157116e-17 0.590163934426229
"Cephalophus callipygus" 29 87 163 NA NA 0.662576687116564
"Cephalophus callipygus" 29 116 44 NA NA 0.681818181818182
"Cephalophus callipygus" 29 145 40 NA NA 0.7
"Cephalophus callipygus" 29 174 38 NA NA 0.789473684210526
"Cephalophus callipygus" 30 60 361 -8.27119119035628 1.32627167268759e-16 0.592797783933518
"Cephalophus callipygus" 30 90 151 NA NA 0.642384105960265
"Cephalophus callipygus" 30 120 43 NA NA 0.674418604651163
"Cephalophus callipygus" 30 150 40 NA NA 0.725
"Cephalophus callipygus" 30 180 37 NA NA 0.783783783783784
"Cephalophus callipygus" 31 62 351 -8.05702710476273 7.81723213288989e-16 0.595441595441595
"Cephalophus callipygus" 31 93 142 NA NA 0.626760563380282
"Cephalophus callipygus" 31 124 43 NA NA 0.674418604651163
"Cephalophus callipygus" 31 155 39 NA NA 0.743589743589744
"Cephalophus callipygus" 31 186 35 NA NA 0.8
"Cephalophus callipygus" 32 64 341 -7.55738921468331 4.11240021249714e-14 0.607038123167155
"Cephalophus callipygus" 32 96 105 NA NA 0.59047619047619
"Cephalophus callipygus" 32 128 42 NA NA 0.666666666666667
"Cephalophus callipygus" 32 160 39 NA NA 0.743589743589744
"Cephalophus callipygus" 32 192 33 NA NA 0.818181818181818
"Cephalophus callipygus" 33 66 320 -6.96364255425588 3.31585298314656e-12 0.6125
"Cephalophus callipygus" 33 99 75 NA NA 0.493333333333333
"Cephalophus callipygus" 33 132 41 NA NA 0.682926829268293
"Cephalophus callipygus" 33 165 39 NA NA 0.743589743589744
"Cephalophus callipygus" 33 198 33 NA NA 0.818181818181818
"Cephalophus callipygus" 34 68 296 -6.59983878455757 4.11605128286491e-11 0.625
"Cephalophus callipygus" 34 102 75 NA NA 0.493333333333333
"Cephalophus callipygus" 34 136 41 NA NA 0.707317073170732
"Cephalophus callipygus" 34 170 39 NA NA 0.769230769230769
"Cephalophus callipygus" 35 70 272 -7.22865804765604 4.87789929286663e-13 0.654411764705882
"Cephalophus callipygus" 35 105 73 NA NA 0.506849315068493
"Cephalophus callipygus" 35 140 40 NA NA 0.7
"Cephalophus callipygus" 35 175 37 NA NA 0.783783783783784
"Cephalophus callipygus" 36 72 249 -7.15743844645312 8.21984775841478e-13 0.634538152610442
"Cephalophus callipygus" 36 108 49 NA NA 0.673469387755102
"Cephalophus callipygus" 36 144 40 NA NA 0.7
"Cephalophus callipygus" 36 180 37 NA NA 0.783783783783784
"Cephalophus callipygus" 37 74 225 NA NA 0.648888888888889
"Cephalophus callipygus" 37 111 45 NA NA 0.688888888888889
"Cephalophus callipygus" 37 148 40 NA NA 0.725
"Cephalophus callipygus" 37 185 35 NA NA 0.8
"Cephalophus callipygus" 38 76 216 NA NA 0.666666666666667
"Cephalophus callipygus" 38 114 45 NA NA 0.688888888888889
"Cephalophus callipygus" 38 152 40 NA NA 0.725
"Cephalophus callipygus" 38 190 34 NA NA 0.794117647058823
"Cephalophus callipygus" 39 78 209 NA NA 0.660287081339713
"Cephalophus callipygus" 39 117 43 NA NA 0.674418604651163
"Cephalophus callipygus" 39 156 39 NA NA 0.743589743589744
"Cephalophus callipygus" 39 195 33 NA NA 0.818181818181818
"Cephalophus callipygus" 40 80 180 NA NA 0.644444444444444
"Cephalophus callipygus" 40 120 43 NA NA 0.674418604651163
"Cephalophus callipygus" 40 160 39 NA NA 0.743589743589744
"Cephalophus callipygus" 40 200 33 NA NA 0.818181818181818
"Cephalophus callipygus" 41 82 170 NA NA 0.658823529411765
"Cephalophus callipygus" 41 123 43 NA NA 0.674418604651163
"Cephalophus callipygus" 41 164 39 NA NA 0.743589743589744
"Cephalophus callipygus" 42 84 166 NA NA 0.668674698795181
"Cephalophus callipygus" 42 126 43 NA NA 0.674418604651163
"Cephalophus callipygus" 42 168 39 NA NA 0.743589743589744
"Cephalophus callipygus" 43 86 165 NA NA 0.666666666666667
"Cephalophus callipygus" 43 129 42 NA NA 0.666666666666667
"Cephalophus callipygus" 43 172 39 NA NA 0.769230769230769
"Cephalophus callipygus" 44 88 158 NA NA 0.651898734177215
"Cephalophus callipygus" 44 132 41 NA NA 0.682926829268293
"Cephalophus callipygus" 44 176 37 NA NA 0.783783783783784
"Cephalophus callipygus" 45 90 151 NA NA 0.642384105960265
"Cephalophus callipygus" 45 135 41 NA NA 0.707317073170732
"Cephalophus callipygus" 45 180 37 NA NA 0.783783783783784
"Cephalophus callipygus" 46 92 146 NA NA 0.636986301369863
"Cephalophus callipygus" 46 138 41 NA NA 0.707317073170732
"Cephalophus callipygus" 46 184 36 NA NA 0.777777777777778
"Cephalophus callipygus" 47 94 142 NA NA 0.626760563380282
"Cephalophus callipygus" 47 141 40 NA NA 0.7
"Cephalophus callipygus" 47 188 34 NA NA 0.794117647058823
"Cephalophus callipygus" 48 96 105 NA NA 0.59047619047619
"Cephalophus callipygus" 48 144 40 NA NA 0.7
"Cephalophus callipygus" 48 192 33 NA NA 0.818181818181818
"Cephalophus callipygus" 49 98 75 NA NA 0.48
"Cephalophus callipygus" 49 147 40 NA NA 0.7
"Cephalophus callipygus" 49 196 33 NA NA 0.818181818181818
"Cephalophus callipygus" 50 100 75 NA NA 0.493333333333333
"Cephalophus callipygus" 50 150 40 NA NA 0.725
"Cephalophus callipygus" 50 200 33 NA NA 0.818181818181818
"Cephalophus callipygus" 51 102 75 NA NA 0.493333333333333
"Cephalophus callipygus" 51 153 40 NA NA 0.725
"Cephalophus callipygus" 52 104 75 NA NA 0.493333333333333
"Cephalophus callipygus" 52 156 39 NA NA 0.743589743589744
"Cephalophus callipygus" 53 106 61 NA NA 0.590163934426229
"Cephalophus callipygus" 53 159 39 NA NA 0.743589743589744
"Cephalophus callipygus" 54 108 49 NA NA 0.673469387755102
"Cephalophus callipygus" 54 162 39 NA NA 0.743589743589744
"Cephalophus callipygus" 55 110 47 NA NA 0.702127659574468
"Cephalophus callipygus" 55 165 39 NA NA 0.743589743589744
"Cephalophus callipygus" 56 112 45 NA NA 0.688888888888889
"Cephalophus callipygus" 56 168 39 NA NA 0.743589743589744
"Cephalophus callipygus" 57 114 45 NA NA 0.688888888888889
"Cephalophus callipygus" 57 171 39 NA NA 0.769230769230769
"Cephalophus callipygus" 58 116 44 NA NA 0.681818181818182
"Cephalophus callipygus" 58 174 38 NA NA 0.789473684210526
"Cephalophus callipygus" 59 118 43 NA NA 0.674418604651163
"Cephalophus callipygus" 59 177 37 NA NA 0.783783783783784
"Cephalophus callipygus" 60 120 43 NA NA 0.674418604651163
"Cephalophus callipygus" 60 180 37 NA NA 0.783783783783784
"Cephalophus callipygus" 61 122 43 NA NA 0.674418604651163
"Cephalophus callipygus" 61 183 37 NA NA 0.783783783783784
"Cephalophus callipygus" 62 124 43 NA NA 0.674418604651163
"Cephalophus callipygus" 62 186 35 NA NA 0.8
"Cephalophus callipygus" 63 126 43 NA NA 0.674418604651163
"Cephalophus callipygus" 63 189 34 NA NA 0.794117647058823
"Cephalophus callipygus" 64 128 42 NA NA 0.666666666666667
"Cephalophus callipygus" 64 192 33 NA NA 0.818181818181818
"Cephalophus callipygus" 65 130 41 NA NA 0.682926829268293
"Cephalophus callipygus" 65 195 33 NA NA 0.818181818181818
"Cephalophus callipygus" 66 132 41 NA NA 0.682926829268293
"Cephalophus callipygus" 66 198 33 NA NA 0.818181818181818
"Cephalophus callipygus" 67 134 41 NA NA 0.682926829268293
"Cephalophus callipygus" 68 136 41 NA NA 0.707317073170732
"Cephalophus callipygus" 69 138 41 NA NA 0.707317073170732
"Cephalophus callipygus" 70 140 40 NA NA 0.7
"Cephalophus callipygus" 71 142 40 NA NA 0.7
"Cephalophus callipygus" 72 144 40 NA NA 0.7
"Cephalophus callipygus" 73 146 40 NA NA 0.7
"Cephalophus callipygus" 74 148 40 NA NA 0.725
"Cephalophus callipygus" 75 150 40 NA NA 0.725
"Cephalophus callipygus" 76 152 40 NA NA 0.725
"Cephalophus callipygus" 77 154 39 NA NA 0.743589743589744
"Cephalophus callipygus" 78 156 39 NA NA 0.743589743589744
"Cephalophus callipygus" 79 158 39 NA NA 0.743589743589744
"Cephalophus callipygus" 80 160 39 NA NA 0.743589743589744
"Cephalophus callipygus" 81 162 39 NA NA 0.743589743589744
"Cephalophus callipygus" 82 164 39 NA NA 0.743589743589744
"Cephalophus callipygus" 83 166 39 NA NA 0.743589743589744
"Cephalophus callipygus" 84 168 39 NA NA 0.743589743589744
"Cephalophus callipygus" 85 170 39 NA NA 0.769230769230769
"Cephalophus callipygus" 86 172 39 NA NA 0.769230769230769
"Cephalophus callipygus" 87 174 38 NA NA 0.789473684210526
"Cephalophus callipygus" 88 176 37 NA NA 0.783783783783784
"Cephalophus callipygus" 89 178 37 NA NA 0.783783783783784
"Cephalophus callipygus" 90 180 37 NA NA 0.783783783783784
"Cephalophus callipygus" 91 182 37 NA NA 0.783783783783784
"Cephalophus callipygus" 92 184 36 NA NA 0.777777777777778
"Cephalophus callipygus" 93 186 35 NA NA 0.8
"Cephalophus callipygus" 94 188 34 NA NA 0.794117647058823
"Cephalophus callipygus" 95 190 34 NA NA 0.794117647058823
"Cephalophus callipygus" 96 192 33 NA NA 0.818181818181818
"Cephalophus callipygus" 97 194 33 NA NA 0.818181818181818
"Cephalophus callipygus" 98 196 33 NA NA 0.818181818181818
"Cephalophus callipygus" 99 198 33 NA NA 0.818181818181818
"Cephalophus callipygus" 100 200 33 NA NA 0.818181818181818
