"species" "time_interval" "study_duration" "n_cams" "z" "P" "p_presence"
"Philantomba monticola" 1 2 454 -0.26602752356944 0.79021801180997 0.121145374449339
"Philantomba monticola" 1 3 454 -0.755810606209231 0.449762756760809 0.158590308370044
"Philantomba monticola" 1 4 452 -0.415653055877514 0.677663897132452 0.190265486725664
"Philantomba monticola" 1 5 450 0.0898060863383222 0.928441311538422 0.251111111111111
"Philantomba monticola" 1 6 449 -0.275140735339191 0.783208116558772 0.302895322939866
"Philantomba monticola" 1 7 447 -0.323131990685098 0.746595283655822 0.331096196868009
"Philantomba monticola" 1 8 447 -0.0124234702406075 0.990087759884254 0.36241610738255
"Philantomba monticola" 1 9 447 0.36800077877154 0.712872653501464 0.395973154362416
"Philantomba monticola" 1 10 445 0.454198140292197 0.649686221449377 0.41123595505618
"Philantomba monticola" 1 11 440 0.335352233439804 0.737359395938706 0.429545454545455
"Philantomba monticola" 1 12 439 0.490040828733305 0.624105007701959 0.453302961275626
"Philantomba monticola" 1 13 438 0.876457870090859 0.380781170024228 0.481735159817352
"Philantomba monticola" 1 14 436 1.41387188297445 0.157399522840052 0.509174311926605
"Philantomba monticola" 1 15 436 1.13410825169853 0.256749142730931 0.527522935779816
"Philantomba monticola" 1 16 435 0.992721349308288 0.320845767820296 0.535632183908046
"Philantomba monticola" 1 17 435 0.7995611095273 0.423965127530343 0.549425287356322
"Philantomba monticola" 1 18 434 0.576892670009784 0.564011962530109 0.578341013824885
"Philantomba monticola" 1 19 432 0.494555909191209 0.620913631712011 0.587962962962963
"Philantomba monticola" 1 20 430 0.40690473690251 0.684077956757726 0.604651162790698
"Philantomba monticola" 1 21 429 0.700655403074048 0.483518093976229 0.617715617715618
"Philantomba monticola" 1 22 427 0.794598449389402 0.426847120622934 0.637002341920375
"Philantomba monticola" 1 23 426 1.166744993518 0.243313366752555 0.650234741784038
"Philantomba monticola" 1 24 425 1.20111741929312 0.229705656873924 0.654117647058824
"Philantomba monticola" 1 25 423 1.20686322636649 0.227484821762967 0.664302600472813
"Philantomba monticola" 1 26 422 1.43168154892875 0.152234979246684 0.682464454976303
"Philantomba monticola" 1 27 422 1.50786968515227 0.131587882705108 0.68957345971564
"Philantomba monticola" 1 28 422 1.37746535316426 0.168368419523141 0.696682464454976
"Philantomba monticola" 1 29 422 1.20234733903619 0.229228983018168 0.713270142180095
"Philantomba monticola" 1 30 420 1.13088644443605 0.258102889471492 0.716666666666667
"Philantomba monticola" 1 31 419 1.30168314247315 0.193024724597794 0.720763723150358
"Philantomba monticola" 1 32 419 1.28955501202253 0.197205204273138 0.730310262529833
"Philantomba monticola" 1 33 415 1.31256730755469 0.189328791855757 0.742168674698795
"Philantomba monticola" 1 34 415 1.29937340410131 0.193815814362892 0.744578313253012
"Philantomba monticola" 1 35 413 1.19416976146083 0.232411568948302 0.750605326876513
"Philantomba monticola" 1 36 412 1.25540461041913 0.209331916536322 0.75
"Philantomba monticola" 1 37 410 1.31839959267012 0.18736991708751 0.760975609756098
"Philantomba monticola" 1 38 410 1.40022426731189 0.161446171057467 0.765853658536585
"Philantomba monticola" 1 39 409 1.4847324895962 0.137614701620326 0.777506112469438
"Philantomba monticola" 1 40 408 1.51446357146863 0.129908306357475 0.784313725490196
"Philantomba monticola" 1 41 407 1.66808719288999 0.0952984191654151 0.791154791154791
"Philantomba monticola" 1 42 407 1.76977472986883 0.0767646751418387 0.793611793611794
"Philantomba monticola" 1 43 405 1.93231443728439 0.0533207075351496 0.795061728395062
"Philantomba monticola" 1 44 403 1.88473647365158 0.0594654254384736 0.799007444168734
"Philantomba monticola" 1 45 402 2.05995259685554 0.039403072740327 0.808457711442786
"Philantomba monticola" 1 46 401 2.10127000315262 0.0356172713892722 0.807980049875312
"Philantomba monticola" 1 47 398 2.12590044857987 0.0335115495412094 0.811557788944724
"Philantomba monticola" 1 48 397 2.1682929130144 0.0301364073088529 0.811083123425693
"Philantomba monticola" 1 49 395 2.06576383100192 0.0388507848407481 0.812658227848101
"Philantomba monticola" 1 50 391 2.20824493491693 0.0272272035702367 0.818414322250639
"Philantomba monticola" 1 51 388 2.16985655118975 0.0300177147065872 0.822164948453608
"Philantomba monticola" 1 52 386 2.49874219102258 0.0124634945481464 0.823834196891192
"Philantomba monticola" 1 53 382 2.73421668293111 0.00625288808067516 0.829842931937173
"Philantomba monticola" 1 54 381 2.65358350554997 0.00796420617837356 0.829396325459318
"Philantomba monticola" 1 55 376 2.58907679246592 0.00962336312542301 0.832446808510638
"Philantomba monticola" 1 56 373 2.71996791213548 0.00652882514791969 0.831099195710456
"Philantomba monticola" 1 57 370 3.14795450660446 0.00164417279872659 0.837837837837838
"Philantomba monticola" 1 58 366 3.21017224701839 0.00132655454401426 0.836065573770492
"Philantomba monticola" 1 59 364 3.44071179916261 0.00058018615506752 0.840659340659341
"Philantomba monticola" 1 60 361 3.72251423295734 0.000197248786093151 0.839335180055402
"Philantomba monticola" 1 61 356 3.8998402744309 9.62561685212696e-05 0.848314606741573
"Philantomba monticola" 1 62 351 3.84603420941962 0.000120045009821053 0.846153846153846
"Philantomba monticola" 1 63 349 3.95331208784765 7.7076799366831e-05 0.845272206303725
"Philantomba monticola" 1 64 341 3.91212233704626 9.14885428108199e-05 0.847507331378299
"Philantomba monticola" 1 65 327 3.42399831183238 0.000617070042795613 0.840978593272171
"Philantomba monticola" 1 66 320 2.9428354740673 0.00325221206129885 0.84375
"Philantomba monticola" 1 67 304 1.03205091343315 0.302048267193974 0.842105263157895
"Philantomba monticola" 1 68 296 1.07340705784794 0.283088519220238 0.841216216216216
"Philantomba monticola" 1 69 283 1.1860499945335 0.235602556609428 0.855123674911661
"Philantomba monticola" 1 70 272 1.23954985156779 0.215141939074751 0.856617647058823
"Philantomba monticola" 1 71 268 1.0967778497715 0.272738515258912 0.858208955223881
"Philantomba monticola" 1 72 249 1.03178438705708 0.302173134901855 0.875502008032129
"Philantomba monticola" 1 73 231 NA NA 0.891774891774892
"Philantomba monticola" 1 74 225 NA NA 0.893333333333333
"Philantomba monticola" 1 75 218 NA NA 0.894495412844037
"Philantomba monticola" 1 76 216 NA NA 0.893518518518518
"Philantomba monticola" 1 77 211 NA NA 0.890995260663507
"Philantomba monticola" 1 78 209 NA NA 0.889952153110048
"Philantomba monticola" 1 79 195 NA NA 0.882051282051282
"Philantomba monticola" 1 80 180 NA NA 0.877777777777778
"Philantomba monticola" 1 81 176 NA NA 0.875
"Philantomba monticola" 1 82 170 NA NA 0.876470588235294
"Philantomba monticola" 1 83 166 NA NA 0.873493975903614
"Philantomba monticola" 1 84 166 NA NA 0.873493975903614
"Philantomba monticola" 1 85 166 NA NA 0.873493975903614
"Philantomba monticola" 1 86 165 NA NA 0.872727272727273
"Philantomba monticola" 1 87 163 NA NA 0.871165644171779
"Philantomba monticola" 1 88 158 NA NA 0.873417721518987
"Philantomba monticola" 1 89 153 NA NA 0.882352941176471
"Philantomba monticola" 1 90 151 NA NA 0.880794701986755
"Philantomba monticola" 1 91 150 NA NA 0.88
"Philantomba monticola" 1 92 146 NA NA 0.876712328767123
"Philantomba monticola" 1 93 142 NA NA 0.873239436619718
"Philantomba monticola" 1 94 142 NA NA 0.873239436619718
"Philantomba monticola" 1 95 127 NA NA 0.889763779527559
"Philantomba monticola" 1 96 105 NA NA 0.895238095238095
"Philantomba monticola" 1 97 89 NA NA 0.898876404494382
"Philantomba monticola" 1 98 75 NA NA 0.933333333333333
"Philantomba monticola" 1 99 75 NA NA 0.933333333333333
"Philantomba monticola" 1 100 75 NA NA 0.933333333333333
"Philantomba monticola" 1 101 75 NA NA 0.933333333333333
"Philantomba monticola" 1 102 75 NA NA 0.933333333333333
"Philantomba monticola" 1 103 75 NA NA 0.933333333333333
"Philantomba monticola" 1 104 75 NA NA 0.933333333333333
"Philantomba monticola" 1 105 73 NA NA 0.931506849315068
"Philantomba monticola" 1 106 61 NA NA 0.934426229508197
"Philantomba monticola" 1 107 56 NA NA 0.946428571428571
"Philantomba monticola" 1 108 49 NA NA 0.938775510204082
"Philantomba monticola" 1 109 48 NA NA 0.9375
"Philantomba monticola" 1 110 47 NA NA 0.936170212765957
"Philantomba monticola" 1 111 45 NA NA 0.933333333333333
"Philantomba monticola" 1 112 45 NA NA 0.933333333333333
"Philantomba monticola" 1 113 45 NA NA 0.933333333333333
"Philantomba monticola" 1 114 45 NA NA 0.933333333333333
"Philantomba monticola" 1 115 44 NA NA 0.931818181818182
"Philantomba monticola" 1 116 44 NA NA 0.931818181818182
"Philantomba monticola" 1 117 43 NA NA 0.930232558139535
"Philantomba monticola" 1 118 43 NA NA 0.930232558139535
"Philantomba monticola" 1 119 43 NA NA 0.930232558139535
"Philantomba monticola" 1 120 43 NA NA 0.930232558139535
"Philantomba monticola" 1 121 43 NA NA 0.930232558139535
"Philantomba monticola" 1 122 43 NA NA 0.930232558139535
"Philantomba monticola" 1 123 43 NA NA 0.930232558139535
"Philantomba monticola" 1 124 43 NA NA 0.953488372093023
"Philantomba monticola" 1 125 43 NA NA 0.953488372093023
"Philantomba monticola" 1 126 43 NA NA 0.953488372093023
"Philantomba monticola" 1 127 43 NA NA 0.953488372093023
"Philantomba monticola" 1 128 42 NA NA 0.952380952380952
"Philantomba monticola" 1 129 42 NA NA 0.952380952380952
"Philantomba monticola" 1 130 41 NA NA 0.951219512195122
"Philantomba monticola" 1 131 41 NA NA 0.951219512195122
"Philantomba monticola" 1 132 41 NA NA 0.951219512195122
"Philantomba monticola" 1 133 41 NA NA 0.951219512195122
"Philantomba monticola" 1 134 41 NA NA 0.951219512195122
"Philantomba monticola" 1 135 41 NA NA 0.951219512195122
"Philantomba monticola" 1 136 41 NA NA 0.951219512195122
"Philantomba monticola" 1 137 41 NA NA 0.951219512195122
"Philantomba monticola" 1 138 41 NA NA 0.951219512195122
"Philantomba monticola" 1 139 40 NA NA 0.95
"Philantomba monticola" 1 140 40 NA NA 0.95
"Philantomba monticola" 1 141 40 NA NA 0.95
"Philantomba monticola" 1 142 40 NA NA 0.95
"Philantomba monticola" 1 143 40 NA NA 0.95
"Philantomba monticola" 1 144 40 NA NA 0.95
"Philantomba monticola" 1 145 40 NA NA 0.95
"Philantomba monticola" 1 146 40 NA NA 0.95
"Philantomba monticola" 1 147 40 NA NA 0.95
"Philantomba monticola" 1 148 40 NA NA 0.95
"Philantomba monticola" 1 149 40 NA NA 0.95
"Philantomba monticola" 1 150 40 NA NA 0.95
"Philantomba monticola" 1 151 40 NA NA 0.95
"Philantomba monticola" 1 152 40 NA NA 0.95
"Philantomba monticola" 1 153 40 NA NA 0.95
"Philantomba monticola" 1 154 39 NA NA 0.948717948717949
"Philantomba monticola" 1 155 39 NA NA 0.948717948717949
"Philantomba monticola" 1 156 39 NA NA 0.948717948717949
"Philantomba monticola" 1 157 39 NA NA 0.948717948717949
"Philantomba monticola" 1 158 39 NA NA 0.948717948717949
"Philantomba monticola" 1 159 39 NA NA 0.948717948717949
"Philantomba monticola" 1 160 39 NA NA 0.948717948717949
"Philantomba monticola" 1 161 39 NA NA 0.948717948717949
"Philantomba monticola" 1 162 39 NA NA 0.948717948717949
"Philantomba monticola" 1 163 39 NA NA 0.948717948717949
"Philantomba monticola" 1 164 39 NA NA 0.948717948717949
"Philantomba monticola" 1 165 39 NA NA 0.948717948717949
"Philantomba monticola" 1 166 39 NA NA 0.948717948717949
"Philantomba monticola" 1 167 39 NA NA 0.948717948717949
"Philantomba monticola" 1 168 39 NA NA 0.948717948717949
"Philantomba monticola" 1 169 39 NA NA 0.948717948717949
"Philantomba monticola" 1 170 39 NA NA 0.948717948717949
"Philantomba monticola" 1 171 39 NA NA 0.948717948717949
"Philantomba monticola" 1 172 39 NA NA 0.948717948717949
"Philantomba monticola" 1 173 38 NA NA 0.947368421052632
"Philantomba monticola" 1 174 38 NA NA 0.947368421052632
"Philantomba monticola" 1 175 37 NA NA 0.945945945945946
"Philantomba monticola" 1 176 37 NA NA 0.945945945945946
"Philantomba monticola" 1 177 37 NA NA 0.945945945945946
"Philantomba monticola" 1 178 37 NA NA 0.945945945945946
"Philantomba monticola" 1 179 37 NA NA 0.945945945945946
"Philantomba monticola" 1 180 37 NA NA 0.945945945945946
"Philantomba monticola" 1 181 37 NA NA 0.945945945945946
"Philantomba monticola" 1 182 37 NA NA 0.945945945945946
"Philantomba monticola" 1 183 37 NA NA 0.945945945945946
"Philantomba monticola" 1 184 36 NA NA 0.944444444444444
"Philantomba monticola" 1 185 35 NA NA 0.942857142857143
"Philantomba monticola" 1 186 35 NA NA 0.942857142857143
"Philantomba monticola" 1 187 34 NA NA 0.941176470588235
"Philantomba monticola" 1 188 34 NA NA 0.941176470588235
"Philantomba monticola" 1 189 34 NA NA 0.941176470588235
"Philantomba monticola" 1 190 34 NA NA 0.941176470588235
"Philantomba monticola" 1 191 33 NA NA 0.939393939393939
"Philantomba monticola" 1 192 33 NA NA 0.939393939393939
"Philantomba monticola" 1 193 33 NA NA 0.939393939393939
"Philantomba monticola" 1 194 33 NA NA 0.939393939393939
"Philantomba monticola" 1 195 33 NA NA 0.939393939393939
"Philantomba monticola" 1 196 33 NA NA 0.939393939393939
"Philantomba monticola" 1 197 33 NA NA 0.939393939393939
"Philantomba monticola" 1 198 33 NA NA 0.939393939393939
"Philantomba monticola" 1 199 33 NA NA 0.939393939393939
"Philantomba monticola" 1 200 33 NA NA 0.939393939393939
"Philantomba monticola" 2 4 452 -0.514144719166739 0.607150813962604 0.190265486725664
"Philantomba monticola" 2 6 449 -0.408918482545882 0.682599484852528 0.302895322939866
"Philantomba monticola" 2 8 447 -0.185006119101521 0.853224236077518 0.36241610738255
"Philantomba monticola" 2 10 445 0.264549402129078 0.791356602844003 0.41123595505618
"Philantomba monticola" 2 12 439 0.261185422307159 0.793949519370231 0.453302961275626
"Philantomba monticola" 2 14 436 1.17624228163042 0.239498072960531 0.509174311926605
"Philantomba monticola" 2 16 435 0.765532034036747 0.443954798662865 0.535632183908046
"Philantomba monticola" 2 18 434 0.139469139133531 0.889079440974066 0.578341013824885
"Philantomba monticola" 2 20 430 -0.0768407581482147 0.938750226258613 0.604651162790698
"Philantomba monticola" 2 22 427 0.273641033833099 0.784360496680119 0.637002341920375
"Philantomba monticola" 2 24 425 0.606929743375373 0.543897538221971 0.654117647058824
"Philantomba monticola" 2 26 422 0.863510319360064 0.387856948179309 0.682464454976303
"Philantomba monticola" 2 28 422 0.828867725279571 0.407179260059472 0.696682464454976
"Philantomba monticola" 2 30 420 0.595777669827264 0.55132376317648 0.716666666666667
"Philantomba monticola" 2 32 419 0.694285987539828 0.487502876776281 0.730310262529833
"Philantomba monticola" 2 34 415 0.689851661814719 0.490287476565224 0.744578313253012
"Philantomba monticola" 2 36 412 0.652583602065153 0.51402475986731 0.75
"Philantomba monticola" 2 38 410 0.726361704006392 0.467617061589702 0.765853658536585
"Philantomba monticola" 2 40 408 0.860500664488781 0.389513117384529 0.784313725490196
"Philantomba monticola" 2 42 407 1.07896404257874 0.280603757349774 0.793611793611794
"Philantomba monticola" 2 44 403 1.21741633008508 0.223445852962546 0.799007444168734
"Philantomba monticola" 2 46 401 1.42391772746095 0.154470289474017 0.807980049875312
"Philantomba monticola" 2 48 397 1.46813550300917 0.142067419477329 0.811083123425693
"Philantomba monticola" 2 50 391 1.4964620079589 0.134533301203984 0.818414322250639
"Philantomba monticola" 2 52 386 1.72365716939284 0.0847697513621426 0.823834196891192
"Philantomba monticola" 2 54 381 1.83556434177066 0.0664221149610223 0.829396325459318
"Philantomba monticola" 2 56 373 1.7868732998545 0.0739579688114737 0.831099195710456
"Philantomba monticola" 2 58 366 2.18832874870389 0.0286456642347401 0.836065573770492
"Philantomba monticola" 2 60 361 2.6180323966166 0.00884384083811891 0.839335180055402
"Philantomba monticola" 2 62 351 2.69559388221806 0.00702632745016459 0.846153846153846
"Philantomba monticola" 2 64 341 2.74998447981309 0.00595980874371219 0.847507331378299
"Philantomba monticola" 2 66 320 1.84829854882529 0.0645591655610201 0.84375
"Philantomba monticola" 2 68 296 0.410297450396218 0.681587762150861 0.841216216216216
"Philantomba monticola" 2 70 272 0.501648833833652 0.615914561973099 0.856617647058823
"Philantomba monticola" 2 72 249 0.424001042561968 0.671565052955896 0.875502008032129
"Philantomba monticola" 2 74 225 NA NA 0.893333333333333
"Philantomba monticola" 2 76 216 NA NA 0.893518518518518
"Philantomba monticola" 2 78 209 NA NA 0.889952153110048
"Philantomba monticola" 2 80 180 NA NA 0.877777777777778
"Philantomba monticola" 2 82 170 NA NA 0.876470588235294
"Philantomba monticola" 2 84 166 NA NA 0.873493975903614
"Philantomba monticola" 2 86 165 NA NA 0.872727272727273
"Philantomba monticola" 2 88 158 NA NA 0.873417721518987
"Philantomba monticola" 2 90 151 NA NA 0.880794701986755
"Philantomba monticola" 2 92 146 NA NA 0.876712328767123
"Philantomba monticola" 2 94 142 NA NA 0.873239436619718
"Philantomba monticola" 2 96 105 NA NA 0.895238095238095
"Philantomba monticola" 2 98 75 NA NA 0.933333333333333
"Philantomba monticola" 2 100 75 NA NA 0.933333333333333
"Philantomba monticola" 2 102 75 NA NA 0.933333333333333
"Philantomba monticola" 2 104 75 NA NA 0.933333333333333
"Philantomba monticola" 2 106 61 NA NA 0.934426229508197
"Philantomba monticola" 2 108 49 NA NA 0.938775510204082
"Philantomba monticola" 2 110 47 NA NA 0.936170212765957
"Philantomba monticola" 2 112 45 NA NA 0.933333333333333
"Philantomba monticola" 2 114 45 NA NA 0.933333333333333
"Philantomba monticola" 2 116 44 NA NA 0.931818181818182
"Philantomba monticola" 2 118 43 NA NA 0.930232558139535
"Philantomba monticola" 2 120 43 NA NA 0.930232558139535
"Philantomba monticola" 2 122 43 NA NA 0.930232558139535
"Philantomba monticola" 2 124 43 NA NA 0.953488372093023
"Philantomba monticola" 2 126 43 NA NA 0.953488372093023
"Philantomba monticola" 2 128 42 NA NA 0.952380952380952
"Philantomba monticola" 2 130 41 NA NA 0.951219512195122
"Philantomba monticola" 2 132 41 NA NA 0.951219512195122
"Philantomba monticola" 2 134 41 NA NA 0.951219512195122
"Philantomba monticola" 2 136 41 NA NA 0.951219512195122
"Philantomba monticola" 2 138 41 NA NA 0.951219512195122
"Philantomba monticola" 2 140 40 NA NA 0.95
"Philantomba monticola" 2 142 40 NA NA 0.95
"Philantomba monticola" 2 144 40 NA NA 0.95
"Philantomba monticola" 2 146 40 NA NA 0.95
"Philantomba monticola" 2 148 40 NA NA 0.95
"Philantomba monticola" 2 150 40 NA NA 0.95
"Philantomba monticola" 2 152 40 NA NA 0.95
"Philantomba monticola" 2 154 39 NA NA 0.948717948717949
"Philantomba monticola" 2 156 39 NA NA 0.948717948717949
"Philantomba monticola" 2 158 39 NA NA 0.948717948717949
"Philantomba monticola" 2 160 39 NA NA 0.948717948717949
"Philantomba monticola" 2 162 39 NA NA 0.948717948717949
"Philantomba monticola" 2 164 39 NA NA 0.948717948717949
"Philantomba monticola" 2 166 39 NA NA 0.948717948717949
"Philantomba monticola" 2 168 39 NA NA 0.948717948717949
"Philantomba monticola" 2 170 39 NA NA 0.948717948717949
"Philantomba monticola" 2 172 39 NA NA 0.948717948717949
"Philantomba monticola" 2 174 38 NA NA 0.947368421052632
"Philantomba monticola" 2 176 37 NA NA 0.945945945945946
"Philantomba monticola" 2 178 37 NA NA 0.945945945945946
"Philantomba monticola" 2 180 37 NA NA 0.945945945945946
"Philantomba monticola" 2 182 37 NA NA 0.945945945945946
"Philantomba monticola" 2 184 36 NA NA 0.944444444444444
"Philantomba monticola" 2 186 35 NA NA 0.942857142857143
"Philantomba monticola" 2 188 34 NA NA 0.941176470588235
"Philantomba monticola" 2 190 34 NA NA 0.941176470588235
"Philantomba monticola" 2 192 33 NA NA 0.939393939393939
"Philantomba monticola" 2 194 33 NA NA 0.939393939393939
"Philantomba monticola" 2 196 33 NA NA 0.939393939393939
"Philantomba monticola" 2 198 33 NA NA 0.939393939393939
"Philantomba monticola" 2 200 33 NA NA 0.939393939393939
"Philantomba monticola" 3 6 449 -0.678037152923017 0.497748136840688 0.302895322939866
"Philantomba monticola" 3 9 447 -0.0635841376406374 0.949301362510583 0.395973154362416
"Philantomba monticola" 3 12 439 -0.0158204160671991 0.987377660808249 0.453302961275626
"Philantomba monticola" 3 15 436 0.493746764397461 0.621485034137513 0.527522935779816
"Philantomba monticola" 3 18 434 -0.35867945188558 0.719834901939356 0.578341013824885
"Philantomba monticola" 3 21 429 -0.458123768000148 0.646863523930083 0.617715617715618
"Philantomba monticola" 3 24 425 -0.152504326612399 0.878789178210415 0.654117647058824
"Philantomba monticola" 3 27 422 0.255765446862301 0.798131956052165 0.68957345971564
"Philantomba monticola" 3 30 420 -0.0672772585177884 0.946360980936228 0.716666666666667
"Philantomba monticola" 3 33 415 0.0547993766603063 0.956298297011059 0.742168674698795
"Philantomba monticola" 3 36 412 0.10043662871799 0.919997691260718 0.75
"Philantomba monticola" 3 39 409 0.208179330633933 0.835088946801667 0.777506112469438
"Philantomba monticola" 3 42 407 0.451351705437044 0.651736084726388 0.793611793611794
"Philantomba monticola" 3 45 402 0.753925755130502 0.450893804508002 0.808457711442786
"Philantomba monticola" 3 48 397 0.930895640882775 0.351907549626247 0.811083123425693
"Philantomba monticola" 3 51 388 1.04629314411921 0.295425709772849 0.822164948453608
"Philantomba monticola" 3 54 381 1.38424781564902 0.166282586793172 0.829396325459318
"Philantomba monticola" 3 57 370 1.60484739849519 0.108527391990941 0.837837837837838
"Philantomba monticola" 3 60 361 2.00583886203603 0.044873442903587 0.839335180055402
"Philantomba monticola" 3 63 349 2.15963559892084 0.0308008903124348 0.845272206303725
"Philantomba monticola" 3 66 320 1.40842293647998 0.159005871441662 0.84375
"Philantomba monticola" 3 69 283 0.338490312947702 0.734993725885129 0.855123674911661
"Philantomba monticola" 3 72 249 0.340677882377715 0.733346090978932 0.875502008032129
"Philantomba monticola" 3 75 218 NA NA 0.894495412844037
"Philantomba monticola" 3 78 209 NA NA 0.889952153110048
"Philantomba monticola" 3 81 176 NA NA 0.875
"Philantomba monticola" 3 84 166 NA NA 0.873493975903614
"Philantomba monticola" 3 87 163 NA NA 0.871165644171779
"Philantomba monticola" 3 90 151 NA NA 0.880794701986755
"Philantomba monticola" 3 93 142 NA NA 0.873239436619718
"Philantomba monticola" 3 96 105 NA NA 0.895238095238095
"Philantomba monticola" 3 99 75 NA NA 0.933333333333333
"Philantomba monticola" 3 102 75 NA NA 0.933333333333333
"Philantomba monticola" 3 105 73 NA NA 0.931506849315068
"Philantomba monticola" 3 108 49 NA NA 0.938775510204082
"Philantomba monticola" 3 111 45 NA NA 0.933333333333333
"Philantomba monticola" 3 114 45 NA NA 0.933333333333333
"Philantomba monticola" 3 117 43 NA NA 0.930232558139535
"Philantomba monticola" 3 120 43 NA NA 0.930232558139535
"Philantomba monticola" 3 123 43 NA NA 0.930232558139535
"Philantomba monticola" 3 126 43 NA NA 0.953488372093023
"Philantomba monticola" 3 129 42 NA NA 0.952380952380952
"Philantomba monticola" 3 132 41 NA NA 0.951219512195122
"Philantomba monticola" 3 135 41 NA NA 0.951219512195122
"Philantomba monticola" 3 138 41 NA NA 0.951219512195122
"Philantomba monticola" 3 141 40 NA NA 0.95
"Philantomba monticola" 3 144 40 NA NA 0.95
"Philantomba monticola" 3 147 40 NA NA 0.95
"Philantomba monticola" 3 150 40 NA NA 0.95
"Philantomba monticola" 3 153 40 NA NA 0.95
"Philantomba monticola" 3 156 39 NA NA 0.948717948717949
"Philantomba monticola" 3 159 39 NA NA 0.948717948717949
"Philantomba monticola" 3 162 39 NA NA 0.948717948717949
"Philantomba monticola" 3 165 39 NA NA 0.948717948717949
"Philantomba monticola" 3 168 39 NA NA 0.948717948717949
"Philantomba monticola" 3 171 39 NA NA 0.948717948717949
"Philantomba monticola" 3 174 38 NA NA 0.947368421052632
"Philantomba monticola" 3 177 37 NA NA 0.945945945945946
"Philantomba monticola" 3 180 37 NA NA 0.945945945945946
"Philantomba monticola" 3 183 37 NA NA 0.945945945945946
"Philantomba monticola" 3 186 35 NA NA 0.942857142857143
"Philantomba monticola" 3 189 34 NA NA 0.941176470588235
"Philantomba monticola" 3 192 33 NA NA 0.939393939393939
"Philantomba monticola" 3 195 33 NA NA 0.939393939393939
"Philantomba monticola" 3 198 33 NA NA 0.939393939393939
"Philantomba monticola" 4 8 447 -0.356806908777553 0.721236363811479 0.36241610738255
"Philantomba monticola" 4 12 439 0.0672159320717848 0.946409801849129 0.453302961275626
"Philantomba monticola" 4 16 435 0.320663777544389 0.748465200123073 0.535632183908046
"Philantomba monticola" 4 20 430 -0.737572228909096 0.460774436404935 0.604651162790698
"Philantomba monticola" 4 24 425 -0.25989930215706 0.794941449579849 0.654117647058824
"Philantomba monticola" 4 28 422 0.041558730104896 0.966850473403477 0.696682464454976
"Philantomba monticola" 4 32 419 -0.0968340907158697 0.922858150663903 0.730310262529833
"Philantomba monticola" 4 36 412 -0.0423178775252143 0.966245293847387 0.75
"Philantomba monticola" 4 40 408 0.0732515659391489 0.941605932881654 0.784313725490196
"Philantomba monticola" 4 44 403 0.481253034344911 0.630336672219421 0.799007444168734
"Philantomba monticola" 4 48 397 0.815490420699969 0.414791645623254 0.811083123425693
"Philantomba monticola" 4 52 386 1.09977620956692 0.271429640360586 0.823834196891192
"Philantomba monticola" 4 56 373 1.13586817059784 0.25601174119267 0.831099195710456
"Philantomba monticola" 4 60 361 1.77857059899606 0.0753101878773352 0.839335180055402
"Philantomba monticola" 4 64 341 1.98696854312289 0.0469258829088857 0.847507331378299
"Philantomba monticola" 4 68 296 0.127818315894591 0.898292754969561 0.841216216216216
"Philantomba monticola" 4 72 249 0.263508986078964 0.792158298342471 0.875502008032129
"Philantomba monticola" 4 76 216 NA NA 0.893518518518518
"Philantomba monticola" 4 80 180 NA NA 0.877777777777778
"Philantomba monticola" 4 84 166 NA NA 0.873493975903614
"Philantomba monticola" 4 88 158 NA NA 0.873417721518987
"Philantomba monticola" 4 92 146 NA NA 0.876712328767123
"Philantomba monticola" 4 96 105 NA NA 0.895238095238095
"Philantomba monticola" 4 100 75 NA NA 0.933333333333333
"Philantomba monticola" 4 104 75 NA NA 0.933333333333333
"Philantomba monticola" 4 108 49 NA NA 0.938775510204082
"Philantomba monticola" 4 112 45 NA NA 0.933333333333333
"Philantomba monticola" 4 116 44 NA NA 0.931818181818182
"Philantomba monticola" 4 120 43 NA NA 0.930232558139535
"Philantomba monticola" 4 124 43 NA NA 0.953488372093023
"Philantomba monticola" 4 128 42 NA NA 0.952380952380952
"Philantomba monticola" 4 132 41 NA NA 0.951219512195122
"Philantomba monticola" 4 136 41 NA NA 0.951219512195122
"Philantomba monticola" 4 140 40 NA NA 0.95
"Philantomba monticola" 4 144 40 NA NA 0.95
"Philantomba monticola" 4 148 40 NA NA 0.95
"Philantomba monticola" 4 152 40 NA NA 0.95
"Philantomba monticola" 4 156 39 NA NA 0.948717948717949
"Philantomba monticola" 4 160 39 NA NA 0.948717948717949
"Philantomba monticola" 4 164 39 NA NA 0.948717948717949
"Philantomba monticola" 4 168 39 NA NA 0.948717948717949
"Philantomba monticola" 4 172 39 NA NA 0.948717948717949
"Philantomba monticola" 4 176 37 NA NA 0.945945945945946
"Philantomba monticola" 4 180 37 NA NA 0.945945945945946
"Philantomba monticola" 4 184 36 NA NA 0.944444444444444
"Philantomba monticola" 4 188 34 NA NA 0.941176470588235
"Philantomba monticola" 4 192 33 NA NA 0.939393939393939
"Philantomba monticola" 4 196 33 NA NA 0.939393939393939
"Philantomba monticola" 4 200 33 NA NA 0.939393939393939
"Philantomba monticola" 5 10 445 0.138911661466064 0.889519955797003 0.41123595505618
"Philantomba monticola" 5 15 436 0.521944051233107 0.60170928599414 0.527522935779816
"Philantomba monticola" 5 20 430 -0.840830806862313 0.400442725956749 0.604651162790698
"Philantomba monticola" 5 25 423 -0.362589264746596 0.716911730798127 0.664302600472813
"Philantomba monticola" 5 30 420 -0.177700974080585 0.858957820218985 0.716666666666667
"Philantomba monticola" 5 35 413 -0.0736908647251846 0.941256367919115 0.750605326876513
"Philantomba monticola" 5 40 408 0.129938847993598 0.896614808567535 0.784313725490196
"Philantomba monticola" 5 45 402 0.704909661833326 0.480866457032369 0.808457711442786
"Philantomba monticola" 5 50 391 0.756499520704184 0.44934975966459 0.818414322250639
"Philantomba monticola" 5 55 376 0.891536589962577 0.372641370954898 0.832446808510638
"Philantomba monticola" 5 60 361 1.51909150154379 0.128739465590091 0.839335180055402
"Philantomba monticola" 5 65 327 1.55209915295289 0.120638500648508 0.840978593272171
"Philantomba monticola" 5 70 272 0.0120692892245803 0.990370334257022 0.856617647058823
"Philantomba monticola" 5 75 218 NA NA 0.894495412844037
"Philantomba monticola" 5 80 180 NA NA 0.877777777777778
"Philantomba monticola" 5 85 166 NA NA 0.873493975903614
"Philantomba monticola" 5 90 151 NA NA 0.880794701986755
"Philantomba monticola" 5 95 127 NA NA 0.889763779527559
"Philantomba monticola" 5 100 75 NA NA 0.933333333333333
"Philantomba monticola" 5 105 73 NA NA 0.931506849315068
"Philantomba monticola" 5 110 47 NA NA 0.936170212765957
"Philantomba monticola" 5 115 44 NA NA 0.931818181818182
"Philantomba monticola" 5 120 43 NA NA 0.930232558139535
"Philantomba monticola" 5 125 43 NA NA 0.953488372093023
"Philantomba monticola" 5 130 41 NA NA 0.951219512195122
"Philantomba monticola" 5 135 41 NA NA 0.951219512195122
"Philantomba monticola" 5 140 40 NA NA 0.95
"Philantomba monticola" 5 145 40 NA NA 0.95
"Philantomba monticola" 5 150 40 NA NA 0.95
"Philantomba monticola" 5 155 39 NA NA 0.948717948717949
"Philantomba monticola" 5 160 39 NA NA 0.948717948717949
"Philantomba monticola" 5 165 39 NA NA 0.948717948717949
"Philantomba monticola" 5 170 39 NA NA 0.948717948717949
"Philantomba monticola" 5 175 37 NA NA 0.945945945945946
"Philantomba monticola" 5 180 37 NA NA 0.945945945945946
"Philantomba monticola" 5 185 35 NA NA 0.942857142857143
"Philantomba monticola" 5 190 34 NA NA 0.941176470588235
"Philantomba monticola" 5 195 33 NA NA 0.939393939393939
"Philantomba monticola" 5 200 33 NA NA 0.939393939393939
"Philantomba monticola" 6 12 439 -0.326689320494615 0.743902878460945 0.453302961275626
"Philantomba monticola" 6 18 434 -0.711925629075926 0.476510830645708 0.578341013824885
"Philantomba monticola" 6 24 425 -0.797336333714963 0.425255724068432 0.654117647058824
"Philantomba monticola" 6 30 420 -0.503160035969216 0.614851759864956 0.716666666666667
"Philantomba monticola" 6 36 412 -0.288398089235382 0.773042030196244 0.75
"Philantomba monticola" 6 42 407 0.0223549744881243 0.982164796519772 0.793611793611794
"Philantomba monticola" 6 48 397 0.525813806100024 0.599017581074838 0.811083123425693
"Philantomba monticola" 6 54 381 0.794900808820564 0.426671203738041 0.829396325459318
"Philantomba monticola" 6 60 361 1.27271755995107 0.203118284154438 0.839335180055402
"Philantomba monticola" 6 66 320 0.841753680176739 0.39992584412225 0.84375
"Philantomba monticola" 6 72 249 -0.174948468240781 0.861120125363311 0.875502008032129
"Philantomba monticola" 6 78 209 NA NA 0.889952153110048
"Philantomba monticola" 6 84 166 NA NA 0.873493975903614
"Philantomba monticola" 6 90 151 NA NA 0.880794701986755
"Philantomba monticola" 6 96 105 NA NA 0.895238095238095
"Philantomba monticola" 6 102 75 NA NA 0.933333333333333
"Philantomba monticola" 6 108 49 NA NA 0.938775510204082
"Philantomba monticola" 6 114 45 NA NA 0.933333333333333
"Philantomba monticola" 6 120 43 NA NA 0.930232558139535
"Philantomba monticola" 6 126 43 NA NA 0.953488372093023
"Philantomba monticola" 6 132 41 NA NA 0.951219512195122
"Philantomba monticola" 6 138 41 NA NA 0.951219512195122
"Philantomba monticola" 6 144 40 NA NA 0.95
"Philantomba monticola" 6 150 40 NA NA 0.95
"Philantomba monticola" 6 156 39 NA NA 0.948717948717949
"Philantomba monticola" 6 162 39 NA NA 0.948717948717949
"Philantomba monticola" 6 168 39 NA NA 0.948717948717949
"Philantomba monticola" 6 174 38 NA NA 0.947368421052632
"Philantomba monticola" 6 180 37 NA NA 0.945945945945946
"Philantomba monticola" 6 186 35 NA NA 0.942857142857143
"Philantomba monticola" 6 192 33 NA NA 0.939393939393939
"Philantomba monticola" 6 198 33 NA NA 0.939393939393939
"Philantomba monticola" 7 14 436 0.796096722026084 0.425975819297966 0.509174311926605
"Philantomba monticola" 7 21 429 -0.7389615707853 0.459930332964618 0.617715617715618
"Philantomba monticola" 7 28 422 -0.17002555033309 0.864990042939963 0.696682464454976
"Philantomba monticola" 7 35 413 -0.21138756838738 0.832584856565372 0.750605326876513
"Philantomba monticola" 7 42 407 0.199201383785781 0.842105217010227 0.793611793611794
"Philantomba monticola" 7 49 395 0.556475842833727 0.577885604177443 0.812658227848101
"Philantomba monticola" 7 56 373 0.725920561600211 0.46788747066632 0.831099195710456
"Philantomba monticola" 7 63 349 1.49031646172855 0.136141046096413 0.845272206303725
"Philantomba monticola" 7 70 272 -0.204296068682353 0.838122141927746 0.856617647058823
"Philantomba monticola" 7 77 211 NA NA 0.890995260663507
"Philantomba monticola" 7 84 166 NA NA 0.873493975903614
"Philantomba monticola" 7 91 150 NA NA 0.88
"Philantomba monticola" 7 98 75 NA NA 0.933333333333333
"Philantomba monticola" 7 105 73 NA NA 0.931506849315068
"Philantomba monticola" 7 112 45 NA NA 0.933333333333333
"Philantomba monticola" 7 119 43 NA NA 0.930232558139535
"Philantomba monticola" 7 126 43 NA NA 0.953488372093023
"Philantomba monticola" 7 133 41 NA NA 0.951219512195122
"Philantomba monticola" 7 140 40 NA NA 0.95
"Philantomba monticola" 7 147 40 NA NA 0.95
"Philantomba monticola" 7 154 39 NA NA 0.948717948717949
"Philantomba monticola" 7 161 39 NA NA 0.948717948717949
"Philantomba monticola" 7 168 39 NA NA 0.948717948717949
"Philantomba monticola" 7 175 37 NA NA 0.945945945945946
"Philantomba monticola" 7 182 37 NA NA 0.945945945945946
"Philantomba monticola" 7 189 34 NA NA 0.941176470588235
"Philantomba monticola" 7 196 33 NA NA 0.939393939393939
"Philantomba monticola" 8 16 435 0.0820749970521922 0.934587075491445 0.535632183908046
"Philantomba monticola" 8 24 425 -0.938187644701213 0.348147986705357 0.654117647058824
"Philantomba monticola" 8 32 419 -0.584294095955316 0.559022463684204 0.730310262529833
"Philantomba monticola" 8 40 408 -0.447819749115619 0.654283289232444 0.784313725490196
"Philantomba monticola" 8 48 397 0.290448923198713 0.77147282063937 0.811083123425693
"Philantomba monticola" 8 56 373 0.431241253607835 0.666292960704719 0.831099195710456
"Philantomba monticola" 8 64 341 1.15559002204574 0.247848891253699 0.847507331378299
"Philantomba monticola" 8 72 249 -0.533858462316694 0.593439462256349 0.875502008032129
"Philantomba monticola" 8 80 180 NA NA 0.877777777777778
"Philantomba monticola" 8 88 158 NA NA 0.873417721518987
"Philantomba monticola" 8 96 105 NA NA 0.895238095238095
"Philantomba monticola" 8 104 75 NA NA 0.933333333333333
"Philantomba monticola" 8 112 45 NA NA 0.933333333333333
"Philantomba monticola" 8 120 43 NA NA 0.930232558139535
"Philantomba monticola" 8 128 42 NA NA 0.952380952380952
"Philantomba monticola" 8 136 41 NA NA 0.951219512195122
"Philantomba monticola" 8 144 40 NA NA 0.95
"Philantomba monticola" 8 152 40 NA NA 0.95
"Philantomba monticola" 8 160 39 NA NA 0.948717948717949
"Philantomba monticola" 8 168 39 NA NA 0.948717948717949
"Philantomba monticola" 8 176 37 NA NA 0.945945945945946
"Philantomba monticola" 8 184 36 NA NA 0.944444444444444
"Philantomba monticola" 8 192 33 NA NA 0.939393939393939
"Philantomba monticola" 8 200 33 NA NA 0.939393939393939
"Philantomba monticola" 9 18 434 -0.597968081070287 0.549861231129511 0.578341013824885
"Philantomba monticola" 9 27 422 -0.368323785469535 0.712631819002706 0.68957345971564
"Philantomba monticola" 9 36 412 -0.215668303571447 0.829246309854682 0.75
"Philantomba monticola" 9 45 402 0.446451079062591 0.655271443007843 0.808457711442786
"Philantomba monticola" 9 54 381 0.646452553766026 0.517986314854431 0.829396325459318
"Philantomba monticola" 9 63 349 1.2959870443006 0.194979948442539 0.845272206303725
"Philantomba monticola" 9 72 249 -0.302127479317212 0.762554885224688 0.875502008032129
"Philantomba monticola" 9 81 176 NA NA 0.875
"Philantomba monticola" 9 90 151 NA NA 0.880794701986755
"Philantomba monticola" 9 99 75 NA NA 0.933333333333333
"Philantomba monticola" 9 108 49 NA NA 0.938775510204082
"Philantomba monticola" 9 117 43 NA NA 0.930232558139535
"Philantomba monticola" 9 126 43 NA NA 0.953488372093023
"Philantomba monticola" 9 135 41 NA NA 0.951219512195122
"Philantomba monticola" 9 144 40 NA NA 0.95
"Philantomba monticola" 9 153 40 NA NA 0.95
"Philantomba monticola" 9 162 39 NA NA 0.948717948717949
"Philantomba monticola" 9 171 39 NA NA 0.948717948717949
"Philantomba monticola" 9 180 37 NA NA 0.945945945945946
"Philantomba monticola" 9 189 34 NA NA 0.941176470588235
"Philantomba monticola" 9 198 33 NA NA 0.939393939393939
"Philantomba monticola" 10 20 430 -1.08792065993694 0.276630134668015 0.604651162790698
"Philantomba monticola" 10 30 420 -0.587208607751989 0.557063612016275 0.716666666666667
"Philantomba monticola" 10 40 408 -0.194332089572702 0.84591586070833 0.784313725490196
"Philantomba monticola" 10 50 391 0.369602952920509 0.711678350566961 0.818414322250639
"Philantomba monticola" 10 60 361 1.02136845248376 0.307079906069112 0.839335180055402
"Philantomba monticola" 10 70 272 -0.514367168344773 0.606995308988303 0.856617647058823
"Philantomba monticola" 10 80 180 NA NA 0.877777777777778
"Philantomba monticola" 10 90 151 NA NA 0.880794701986755
"Philantomba monticola" 10 100 75 NA NA 0.933333333333333
"Philantomba monticola" 10 110 47 NA NA 0.936170212765957
"Philantomba monticola" 10 120 43 NA NA 0.930232558139535
"Philantomba monticola" 10 130 41 NA NA 0.951219512195122
"Philantomba monticola" 10 140 40 NA NA 0.95
"Philantomba monticola" 10 150 40 NA NA 0.95
"Philantomba monticola" 10 160 39 NA NA 0.948717948717949
"Philantomba monticola" 10 170 39 NA NA 0.948717948717949
"Philantomba monticola" 10 180 37 NA NA 0.945945945945946
"Philantomba monticola" 10 190 34 NA NA 0.941176470588235
"Philantomba monticola" 10 200 33 NA NA 0.939393939393939
"Philantomba monticola" 11 22 427 -0.969436995970613 0.332327201099957 0.637002341920375
"Philantomba monticola" 11 33 415 -0.643411654122254 0.519957023349102 0.742168674698795
"Philantomba monticola" 11 44 403 0.00682464086650758 0.994554766688902 0.799007444168734
"Philantomba monticola" 11 55 376 0.262772008002369 0.792726311913238 0.832446808510638
"Philantomba monticola" 11 66 320 0.698445033364351 0.48489892164656 0.84375
"Philantomba monticola" 11 77 211 NA NA 0.890995260663507
"Philantomba monticola" 11 88 158 NA NA 0.873417721518987
"Philantomba monticola" 11 99 75 NA NA 0.933333333333333
"Philantomba monticola" 11 110 47 NA NA 0.936170212765957
"Philantomba monticola" 11 121 43 NA NA 0.930232558139535
"Philantomba monticola" 11 132 41 NA NA 0.951219512195122
"Philantomba monticola" 11 143 40 NA NA 0.95
"Philantomba monticola" 11 154 39 NA NA 0.948717948717949
"Philantomba monticola" 11 165 39 NA NA 0.948717948717949
"Philantomba monticola" 11 176 37 NA NA 0.945945945945946
"Philantomba monticola" 11 187 34 NA NA 0.941176470588235
"Philantomba monticola" 11 198 33 NA NA 0.939393939393939
"Philantomba monticola" 12 24 425 -0.862120057435118 0.38862145507538 0.654117647058824
"Philantomba monticola" 12 36 412 -0.424462309928966 0.671228686829302 0.75
"Philantomba monticola" 12 48 397 0.304465699853536 0.760773120635667 0.811083123425693
"Philantomba monticola" 12 60 361 0.964321705619313 0.334884661920522 0.839335180055402
"Philantomba monticola" 12 72 249 -0.336210505372962 0.736712131423861 0.875502008032129
"Philantomba monticola" 12 84 166 NA NA 0.873493975903614
"Philantomba monticola" 12 96 105 NA NA 0.895238095238095
"Philantomba monticola" 12 108 49 NA NA 0.938775510204082
"Philantomba monticola" 12 120 43 NA NA 0.930232558139535
"Philantomba monticola" 12 132 41 NA NA 0.951219512195122
"Philantomba monticola" 12 144 40 NA NA 0.95
"Philantomba monticola" 12 156 39 NA NA 0.948717948717949
"Philantomba monticola" 12 168 39 NA NA 0.948717948717949
"Philantomba monticola" 12 180 37 NA NA 0.945945945945946
"Philantomba monticola" 12 192 33 NA NA 0.939393939393939
"Philantomba monticola" 13 26 422 -0.54374578155078 0.586616423459991 0.682464454976303
"Philantomba monticola" 13 39 409 -0.159693382034045 0.873122614369901 0.777506112469438
"Philantomba monticola" 13 52 386 0.535910975467849 0.59202007870229 0.823834196891192
"Philantomba monticola" 13 65 327 0.774991573545379 0.438344638818093 0.840978593272171
"Philantomba monticola" 13 78 209 NA NA 0.889952153110048
"Philantomba monticola" 13 91 150 NA NA 0.88
"Philantomba monticola" 13 104 75 NA NA 0.933333333333333
"Philantomba monticola" 13 117 43 NA NA 0.930232558139535
"Philantomba monticola" 13 130 41 NA NA 0.951219512195122
"Philantomba monticola" 13 143 40 NA NA 0.95
"Philantomba monticola" 13 156 39 NA NA 0.948717948717949
"Philantomba monticola" 13 169 39 NA NA 0.948717948717949
"Philantomba monticola" 13 182 37 NA NA 0.945945945945946
"Philantomba monticola" 13 195 33 NA NA 0.939393939393939
"Philantomba monticola" 14 28 422 -0.238684473040806 0.811350257536458 0.696682464454976
"Philantomba monticola" 14 42 407 0.453418289728582 0.650247568866355 0.793611793611794
"Philantomba monticola" 14 56 373 0.729378238435447 0.465770325594366 0.831099195710456
"Philantomba monticola" 14 70 272 -0.417589246395094 0.676247460479685 0.856617647058823
"Philantomba monticola" 14 84 166 NA NA 0.873493975903614
"Philantomba monticola" 14 98 75 NA NA 0.933333333333333
"Philantomba monticola" 14 112 45 NA NA 0.933333333333333
"Philantomba monticola" 14 126 43 NA NA 0.953488372093023
"Philantomba monticola" 14 140 40 NA NA 0.95
"Philantomba monticola" 14 154 39 NA NA 0.948717948717949
"Philantomba monticola" 14 168 39 NA NA 0.948717948717949
"Philantomba monticola" 14 182 37 NA NA 0.945945945945946
"Philantomba monticola" 14 196 33 NA NA 0.939393939393939
"Philantomba monticola" 15 30 420 -0.819806687771131 0.412326317933332 0.716666666666667
"Philantomba monticola" 15 45 402 0.21335151244946 0.831052797215122 0.808457711442786
"Philantomba monticola" 15 60 361 0.70263502222975 0.482283230963775 0.839335180055402
"Philantomba monticola" 15 75 218 NA NA 0.894495412844037
"Philantomba monticola" 15 90 151 NA NA 0.880794701986755
"Philantomba monticola" 15 105 73 NA NA 0.931506849315068
"Philantomba monticola" 15 120 43 NA NA 0.930232558139535
"Philantomba monticola" 15 135 41 NA NA 0.951219512195122
"Philantomba monticola" 15 150 40 NA NA 0.95
"Philantomba monticola" 15 165 39 NA NA 0.948717948717949
"Philantomba monticola" 15 180 37 NA NA 0.945945945945946
"Philantomba monticola" 15 195 33 NA NA 0.939393939393939
"Philantomba monticola" 16 32 419 -0.755540887869032 0.449924508705928 0.730310262529833
"Philantomba monticola" 16 48 397 -0.00918101638005369 0.99267471168741 0.811083123425693
"Philantomba monticola" 16 64 341 0.717295038247258 0.473192068142145 0.847507331378299
"Philantomba monticola" 16 80 180 NA NA 0.877777777777778
"Philantomba monticola" 16 96 105 NA NA 0.895238095238095
"Philantomba monticola" 16 112 45 NA NA 0.933333333333333
"Philantomba monticola" 16 128 42 NA NA 0.952380952380952
"Philantomba monticola" 16 144 40 NA NA 0.95
"Philantomba monticola" 16 160 39 NA NA 0.948717948717949
"Philantomba monticola" 16 176 37 NA NA 0.945945945945946
"Philantomba monticola" 16 192 33 NA NA 0.939393939393939
"Philantomba monticola" 17 34 415 -0.586359263368101 0.557634113444596 0.744578313253012
"Philantomba monticola" 17 51 388 -0.111449149982247 0.911260186737759 0.822164948453608
"Philantomba monticola" 17 68 296 -0.969461846380962 0.332314807665878 0.841216216216216
"Philantomba monticola" 17 85 166 NA NA 0.873493975903614
"Philantomba monticola" 17 102 75 NA NA 0.933333333333333
"Philantomba monticola" 17 119 43 NA NA 0.930232558139535
"Philantomba monticola" 17 136 41 NA NA 0.951219512195122
"Philantomba monticola" 17 153 40 NA NA 0.95
"Philantomba monticola" 17 170 39 NA NA 0.948717948717949
"Philantomba monticola" 17 187 34 NA NA 0.941176470588235
"Philantomba monticola" 18 36 412 -0.625611528123347 0.531569775490918 0.75
"Philantomba monticola" 18 54 381 -0.010385575072052 0.991713658956243 0.829396325459318
"Philantomba monticola" 18 72 249 -0.893631285714538 0.371519201433611 0.875502008032129
"Philantomba monticola" 18 90 151 NA NA 0.880794701986755
"Philantomba monticola" 18 108 49 NA NA 0.938775510204082
"Philantomba monticola" 18 126 43 NA NA 0.953488372093023
"Philantomba monticola" 18 144 40 NA NA 0.95
"Philantomba monticola" 18 162 39 NA NA 0.948717948717949
"Philantomba monticola" 18 180 37 NA NA 0.945945945945946
"Philantomba monticola" 18 198 33 NA NA 0.939393939393939
"Philantomba monticola" 19 38 410 -0.646646585875707 0.517860700173636 0.765853658536585
"Philantomba monticola" 19 57 370 0.0495558808659253 0.96047630537335 0.837837837837838
"Philantomba monticola" 19 76 216 NA NA 0.893518518518518
"Philantomba monticola" 19 95 127 NA NA 0.889763779527559
"Philantomba monticola" 19 114 45 NA NA 0.933333333333333
"Philantomba monticola" 19 133 41 NA NA 0.951219512195122
"Philantomba monticola" 19 152 40 NA NA 0.95
"Philantomba monticola" 19 171 39 NA NA 0.948717948717949
"Philantomba monticola" 19 190 34 NA NA 0.941176470588235
"Philantomba monticola" 20 40 408 -0.747096961389444 0.455005034268161 0.784313725490196
"Philantomba monticola" 20 60 361 0.120776548743036 0.903868025500236 0.839335180055402
"Philantomba monticola" 20 80 180 NA NA 0.877777777777778
"Philantomba monticola" 20 100 75 NA NA 0.933333333333333
"Philantomba monticola" 20 120 43 NA NA 0.930232558139535
"Philantomba monticola" 20 140 40 NA NA 0.95
"Philantomba monticola" 20 160 39 NA NA 0.948717948717949
"Philantomba monticola" 20 180 37 NA NA 0.945945945945946
"Philantomba monticola" 20 200 33 NA NA 0.939393939393939
"Philantomba monticola" 21 42 407 -0.516463205555796 0.605530930920683 0.793611793611794
"Philantomba monticola" 21 63 349 0.274291952907172 0.78386026810931 0.845272206303725
"Philantomba monticola" 21 84 166 NA NA 0.873493975903614
"Philantomba monticola" 21 105 73 NA NA 0.931506849315068
"Philantomba monticola" 21 126 43 NA NA 0.953488372093023
"Philantomba monticola" 21 147 40 NA NA 0.95
"Philantomba monticola" 21 168 39 NA NA 0.948717948717949
"Philantomba monticola" 21 189 34 NA NA 0.941176470588235
"Philantomba monticola" 22 44 403 -0.425542914967335 0.670440944233704 0.799007444168734
"Philantomba monticola" 22 66 320 -0.0184434312905033 0.985285105166633 0.84375
"Philantomba monticola" 22 88 158 NA NA 0.873417721518987
"Philantomba monticola" 22 110 47 NA NA 0.936170212765957
"Philantomba monticola" 22 132 41 NA NA 0.951219512195122
"Philantomba monticola" 22 154 39 NA NA 0.948717948717949
"Philantomba monticola" 22 176 37 NA NA 0.945945945945946
"Philantomba monticola" 22 198 33 NA NA 0.939393939393939
"Philantomba monticola" 23 46 401 -0.0706974151334488 0.943638578116273 0.807980049875312
"Philantomba monticola" 23 69 283 -0.712622015317146 0.476079684943476 0.855123674911661
"Philantomba monticola" 23 92 146 NA NA 0.876712328767123
"Philantomba monticola" 23 115 44 NA NA 0.931818181818182
"Philantomba monticola" 23 138 41 NA NA 0.951219512195122
"Philantomba monticola" 23 161 39 NA NA 0.948717948717949
"Philantomba monticola" 23 184 36 NA NA 0.944444444444444
"Philantomba monticola" 24 48 397 0.00840957204025809 0.993290211393262 0.811083123425693
"Philantomba monticola" 24 72 249 -0.891081408661361 0.37288549795528 0.875502008032129
"Philantomba monticola" 24 96 105 NA NA 0.895238095238095
"Philantomba monticola" 24 120 43 NA NA 0.930232558139535
"Philantomba monticola" 24 144 40 NA NA 0.95
"Philantomba monticola" 24 168 39 NA NA 0.948717948717949
"Philantomba monticola" 24 192 33 NA NA 0.939393939393939
"Philantomba monticola" 25 50 391 -0.0631227681317816 0.949668744102588 0.818414322250639
"Philantomba monticola" 25 75 218 NA NA 0.894495412844037
"Philantomba monticola" 25 100 75 NA NA 0.933333333333333
"Philantomba monticola" 25 125 43 NA NA 0.953488372093023
"Philantomba monticola" 25 150 40 NA NA 0.95
"Philantomba monticola" 25 175 37 NA NA 0.945945945945946
"Philantomba monticola" 25 200 33 NA NA 0.939393939393939
"Philantomba monticola" 26 52 386 0.156528549476337 0.875616417362366 0.823834196891192
"Philantomba monticola" 26 78 209 NA NA 0.889952153110048
"Philantomba monticola" 26 104 75 NA NA 0.933333333333333
"Philantomba monticola" 26 130 41 NA NA 0.951219512195122
"Philantomba monticola" 26 156 39 NA NA 0.948717948717949
"Philantomba monticola" 26 182 37 NA NA 0.945945945945946
"Philantomba monticola" 27 54 381 0.294994283569287 0.767998246555648 0.829396325459318
"Philantomba monticola" 27 81 176 NA NA 0.875
"Philantomba monticola" 27 108 49 NA NA 0.938775510204082
"Philantomba monticola" 27 135 41 NA NA 0.951219512195122
"Philantomba monticola" 27 162 39 NA NA 0.948717948717949
"Philantomba monticola" 27 189 34 NA NA 0.941176470588235
"Philantomba monticola" 28 56 373 -0.00752680355707276 0.993994536354029 0.831099195710456
"Philantomba monticola" 28 84 166 NA NA 0.873493975903614
"Philantomba monticola" 28 112 45 NA NA 0.933333333333333
"Philantomba monticola" 28 140 40 NA NA 0.95
"Philantomba monticola" 28 168 39 NA NA 0.948717948717949
"Philantomba monticola" 28 196 33 NA NA 0.939393939393939
"Philantomba monticola" 29 58 366 -0.357214542295834 0.720931199962089 0.836065573770492
"Philantomba monticola" 29 87 163 NA NA 0.871165644171779
"Philantomba monticola" 29 116 44 NA NA 0.931818181818182
"Philantomba monticola" 29 145 40 NA NA 0.95
"Philantomba monticola" 29 174 38 NA NA 0.947368421052632
"Philantomba monticola" 30 60 361 -0.100964206593191 0.91957887394089 0.839335180055402
"Philantomba monticola" 30 90 151 NA NA 0.880794701986755
"Philantomba monticola" 30 120 43 NA NA 0.930232558139535
"Philantomba monticola" 30 150 40 NA NA 0.95
"Philantomba monticola" 30 180 37 NA NA 0.945945945945946
"Philantomba monticola" 31 62 351 -0.096396768064793 0.923205458882423 0.846153846153846
"Philantomba monticola" 31 93 142 NA NA 0.873239436619718
"Philantomba monticola" 31 124 43 NA NA 0.953488372093023
"Philantomba monticola" 31 155 39 NA NA 0.948717948717949
"Philantomba monticola" 31 186 35 NA NA 0.942857142857143
"Philantomba monticola" 32 64 341 -0.310650756665156 0.756066136634442 0.847507331378299
"Philantomba monticola" 32 96 105 NA NA 0.895238095238095
"Philantomba monticola" 32 128 42 NA NA 0.952380952380952
"Philantomba monticola" 32 160 39 NA NA 0.948717948717949
"Philantomba monticola" 32 192 33 NA NA 0.939393939393939
"Philantomba monticola" 33 66 320 -0.93813630205517 0.348174368031502 0.84375
"Philantomba monticola" 33 99 75 NA NA 0.933333333333333
"Philantomba monticola" 33 132 41 NA NA 0.951219512195122
"Philantomba monticola" 33 165 39 NA NA 0.948717948717949
"Philantomba monticola" 33 198 33 NA NA 0.939393939393939
"Philantomba monticola" 34 68 296 -1.66094389605189 0.0967247150950913 0.841216216216216
"Philantomba monticola" 34 102 75 NA NA 0.933333333333333
"Philantomba monticola" 34 136 41 NA NA 0.951219512195122
"Philantomba monticola" 34 170 39 NA NA 0.948717948717949
"Philantomba monticola" 35 70 272 -1.45242207563328 0.146384281781278 0.856617647058823
"Philantomba monticola" 35 105 73 NA NA 0.931506849315068
"Philantomba monticola" 35 140 40 NA NA 0.95
"Philantomba monticola" 35 175 37 NA NA 0.945945945945946
"Philantomba monticola" 36 72 249 -1.58804462487992 0.11227624863952 0.875502008032129
"Philantomba monticola" 36 108 49 NA NA 0.938775510204082
"Philantomba monticola" 36 144 40 NA NA 0.95
"Philantomba monticola" 36 180 37 NA NA 0.945945945945946
"Philantomba monticola" 37 74 225 NA NA 0.893333333333333
"Philantomba monticola" 37 111 45 NA NA 0.933333333333333
"Philantomba monticola" 37 148 40 NA NA 0.95
"Philantomba monticola" 37 185 35 NA NA 0.942857142857143
"Philantomba monticola" 38 76 216 NA NA 0.893518518518518
"Philantomba monticola" 38 114 45 NA NA 0.933333333333333
"Philantomba monticola" 38 152 40 NA NA 0.95
"Philantomba monticola" 38 190 34 NA NA 0.941176470588235
"Philantomba monticola" 39 78 209 NA NA 0.889952153110048
"Philantomba monticola" 39 117 43 NA NA 0.930232558139535
"Philantomba monticola" 39 156 39 NA NA 0.948717948717949
"Philantomba monticola" 39 195 33 NA NA 0.939393939393939
"Philantomba monticola" 40 80 180 NA NA 0.877777777777778
"Philantomba monticola" 40 120 43 NA NA 0.930232558139535
"Philantomba monticola" 40 160 39 NA NA 0.948717948717949
"Philantomba monticola" 40 200 33 NA NA 0.939393939393939
"Philantomba monticola" 41 82 170 NA NA 0.876470588235294
"Philantomba monticola" 41 123 43 NA NA 0.930232558139535
"Philantomba monticola" 41 164 39 NA NA 0.948717948717949
"Philantomba monticola" 42 84 166 NA NA 0.873493975903614
"Philantomba monticola" 42 126 43 NA NA 0.953488372093023
"Philantomba monticola" 42 168 39 NA NA 0.948717948717949
"Philantomba monticola" 43 86 165 NA NA 0.872727272727273
"Philantomba monticola" 43 129 42 NA NA 0.952380952380952
"Philantomba monticola" 43 172 39 NA NA 0.948717948717949
"Philantomba monticola" 44 88 158 NA NA 0.873417721518987
"Philantomba monticola" 44 132 41 NA NA 0.951219512195122
"Philantomba monticola" 44 176 37 NA NA 0.945945945945946
"Philantomba monticola" 45 90 151 NA NA 0.880794701986755
"Philantomba monticola" 45 135 41 NA NA 0.951219512195122
"Philantomba monticola" 45 180 37 NA NA 0.945945945945946
"Philantomba monticola" 46 92 146 NA NA 0.876712328767123
"Philantomba monticola" 46 138 41 NA NA 0.951219512195122
"Philantomba monticola" 46 184 36 NA NA 0.944444444444444
"Philantomba monticola" 47 94 142 NA NA 0.873239436619718
"Philantomba monticola" 47 141 40 NA NA 0.95
"Philantomba monticola" 47 188 34 NA NA 0.941176470588235
"Philantomba monticola" 48 96 105 NA NA 0.895238095238095
"Philantomba monticola" 48 144 40 NA NA 0.95
"Philantomba monticola" 48 192 33 NA NA 0.939393939393939
"Philantomba monticola" 49 98 75 NA NA 0.933333333333333
"Philantomba monticola" 49 147 40 NA NA 0.95
"Philantomba monticola" 49 196 33 NA NA 0.939393939393939
"Philantomba monticola" 50 100 75 NA NA 0.933333333333333
"Philantomba monticola" 50 150 40 NA NA 0.95
"Philantomba monticola" 50 200 33 NA NA 0.939393939393939
"Philantomba monticola" 51 102 75 NA NA 0.933333333333333
"Philantomba monticola" 51 153 40 NA NA 0.95
"Philantomba monticola" 52 104 75 NA NA 0.933333333333333
"Philantomba monticola" 52 156 39 NA NA 0.948717948717949
"Philantomba monticola" 53 106 61 NA NA 0.934426229508197
"Philantomba monticola" 53 159 39 NA NA 0.948717948717949
"Philantomba monticola" 54 108 49 NA NA 0.938775510204082
"Philantomba monticola" 54 162 39 NA NA 0.948717948717949
"Philantomba monticola" 55 110 47 NA NA 0.936170212765957
"Philantomba monticola" 55 165 39 NA NA 0.948717948717949
"Philantomba monticola" 56 112 45 NA NA 0.933333333333333
"Philantomba monticola" 56 168 39 NA NA 0.948717948717949
"Philantomba monticola" 57 114 45 NA NA 0.933333333333333
"Philantomba monticola" 57 171 39 NA NA 0.948717948717949
"Philantomba monticola" 58 116 44 NA NA 0.931818181818182
"Philantomba monticola" 58 174 38 NA NA 0.947368421052632
"Philantomba monticola" 59 118 43 NA NA 0.930232558139535
"Philantomba monticola" 59 177 37 NA NA 0.945945945945946
"Philantomba monticola" 60 120 43 NA NA 0.930232558139535
"Philantomba monticola" 60 180 37 NA NA 0.945945945945946
"Philantomba monticola" 61 122 43 NA NA 0.930232558139535
"Philantomba monticola" 61 183 37 NA NA 0.945945945945946
"Philantomba monticola" 62 124 43 NA NA 0.953488372093023
"Philantomba monticola" 62 186 35 NA NA 0.942857142857143
"Philantomba monticola" 63 126 43 NA NA 0.953488372093023
"Philantomba monticola" 63 189 34 NA NA 0.941176470588235
"Philantomba monticola" 64 128 42 NA NA 0.952380952380952
"Philantomba monticola" 64 192 33 NA NA 0.939393939393939
"Philantomba monticola" 65 130 41 NA NA 0.951219512195122
"Philantomba monticola" 65 195 33 NA NA 0.939393939393939
"Philantomba monticola" 66 132 41 NA NA 0.951219512195122
"Philantomba monticola" 66 198 33 NA NA 0.939393939393939
"Philantomba monticola" 67 134 41 NA NA 0.951219512195122
"Philantomba monticola" 68 136 41 NA NA 0.951219512195122
"Philantomba monticola" 69 138 41 NA NA 0.951219512195122
"Philantomba monticola" 70 140 40 NA NA 0.95
"Philantomba monticola" 71 142 40 NA NA 0.95
"Philantomba monticola" 72 144 40 NA NA 0.95
"Philantomba monticola" 73 146 40 NA NA 0.95
"Philantomba monticola" 74 148 40 NA NA 0.95
"Philantomba monticola" 75 150 40 NA NA 0.95
"Philantomba monticola" 76 152 40 NA NA 0.95
"Philantomba monticola" 77 154 39 NA NA 0.948717948717949
"Philantomba monticola" 78 156 39 NA NA 0.948717948717949
"Philantomba monticola" 79 158 39 NA NA 0.948717948717949
"Philantomba monticola" 80 160 39 NA NA 0.948717948717949
"Philantomba monticola" 81 162 39 NA NA 0.948717948717949
"Philantomba monticola" 82 164 39 NA NA 0.948717948717949
"Philantomba monticola" 83 166 39 NA NA 0.948717948717949
"Philantomba monticola" 84 168 39 NA NA 0.948717948717949
"Philantomba monticola" 85 170 39 NA NA 0.948717948717949
"Philantomba monticola" 86 172 39 NA NA 0.948717948717949
"Philantomba monticola" 87 174 38 NA NA 0.947368421052632
"Philantomba monticola" 88 176 37 NA NA 0.945945945945946
"Philantomba monticola" 89 178 37 NA NA 0.945945945945946
"Philantomba monticola" 90 180 37 NA NA 0.945945945945946
"Philantomba monticola" 91 182 37 NA NA 0.945945945945946
"Philantomba monticola" 92 184 36 NA NA 0.944444444444444
"Philantomba monticola" 93 186 35 NA NA 0.942857142857143
"Philantomba monticola" 94 188 34 NA NA 0.941176470588235
"Philantomba monticola" 95 190 34 NA NA 0.941176470588235
"Philantomba monticola" 96 192 33 NA NA 0.939393939393939
"Philantomba monticola" 97 194 33 NA NA 0.939393939393939
"Philantomba monticola" 98 196 33 NA NA 0.939393939393939
"Philantomba monticola" 99 198 33 NA NA 0.939393939393939
"Philantomba monticola" 100 200 33 NA NA 0.939393939393939
