"species" "time_interval" "study_duration" "n_cams" "z" "P" "p_presence"
"Potamochoerus porcus" 1 2 454 NA NA 0.00220264317180617
"Potamochoerus porcus" 1 3 454 -0.601755950688572 0.547336600414233 0.0066079295154185
"Potamochoerus porcus" 1 4 452 NA NA 0.0132743362831858
"Potamochoerus porcus" 1 5 450 NA NA 0.0222222222222222
"Potamochoerus porcus" 1 6 449 -2.13991650775037 0.0323615147823123 0.0289532293986637
"Potamochoerus porcus" 1 7 447 -0.883667579413381 0.376875686514109 0.0402684563758389
"Potamochoerus porcus" 1 8 447 -0.876496420559246 0.380760221445472 0.0402684563758389
"Potamochoerus porcus" 1 9 447 -0.701254829785878 0.483143997650272 0.0536912751677852
"Potamochoerus porcus" 1 10 445 -0.945606037949924 0.344349563444729 0.0629213483146067
"Potamochoerus porcus" 1 11 440 -0.851835191249469 0.394305571340647 0.0681818181818182
"Potamochoerus porcus" 1 12 439 -1.06911707942606 0.285016916540154 0.0774487471526196
"Potamochoerus porcus" 1 13 438 -1.26153081371992 0.207117665389951 0.0821917808219178
"Potamochoerus porcus" 1 14 436 -1.24921441556653 0.211586660807577 0.0871559633027523
"Potamochoerus porcus" 1 15 436 -1.51512877186947 0.129739796659939 0.0917431192660551
"Potamochoerus porcus" 1 16 435 -0.960906423595175 0.336599220683671 0.0988505747126437
"Potamochoerus porcus" 1 17 435 -1.17986898535808 0.23805232689909 0.101149425287356
"Potamochoerus porcus" 1 18 434 -0.861735193954681 0.388833254073944 0.105990783410138
"Potamochoerus porcus" 1 19 432 -1.18453571235955 0.236201068208419 0.111111111111111
"Potamochoerus porcus" 1 20 430 -1.39169429853238 0.164014989556326 0.118604651162791
"Potamochoerus porcus" 1 21 429 -1.26622547542839 0.205432369298534 0.121212121212121
"Potamochoerus porcus" 1 22 427 -1.29477347769896 0.195398383871431 0.126463700234192
"Potamochoerus porcus" 1 23 426 -1.33529577959035 0.181779559395494 0.13849765258216
"Potamochoerus porcus" 1 24 425 -1.60174861365838 0.109211210368923 0.143529411764706
"Potamochoerus porcus" 1 25 423 -1.56701264474481 0.117111736031682 0.153664302600473
"Potamochoerus porcus" 1 26 422 -1.74177391502453 0.0815480128064039 0.158767772511848
"Potamochoerus porcus" 1 27 422 -1.64234176591921 0.100519196074809 0.16824644549763
"Potamochoerus porcus" 1 28 422 -1.71693066905151 0.0859918404442861 0.175355450236967
"Potamochoerus porcus" 1 29 422 -1.70319961702502 0.0885307183322561 0.180094786729858
"Potamochoerus porcus" 1 30 420 -1.75264864469566 0.0796623359098516 0.183333333333333
"Potamochoerus porcus" 1 31 419 -1.91293622697189 0.0557562171151614 0.195704057279236
"Potamochoerus porcus" 1 32 419 -1.9582489183285 0.0502008115522606 0.195704057279236
"Potamochoerus porcus" 1 33 415 -1.99037840984656 0.0465492663945564 0.202409638554217
"Potamochoerus porcus" 1 34 415 -2.35217128392586 0.0186641782427208 0.209638554216867
"Potamochoerus porcus" 1 35 413 -2.42573149094001 0.0152775689040106 0.213075060532688
"Potamochoerus porcus" 1 36 412 -2.53023931143463 0.0113984752689389 0.220873786407767
"Potamochoerus porcus" 1 37 410 -2.24884918438989 0.0245220929285174 0.221951219512195
"Potamochoerus porcus" 1 38 410 -2.22941885400802 0.0257860489133534 0.226829268292683
"Potamochoerus porcus" 1 39 409 -2.21582643220037 0.0267033914722418 0.227383863080685
"Potamochoerus porcus" 1 40 408 -2.57988414699555 0.00988334659066025 0.237745098039216
"Potamochoerus porcus" 1 41 407 -2.59405868310125 0.00948502959828704 0.243243243243243
"Potamochoerus porcus" 1 42 407 -2.61089873293059 0.00903046301869718 0.243243243243243
"Potamochoerus porcus" 1 43 405 -2.6481407761667 0.008093581413387 0.244444444444444
"Potamochoerus porcus" 1 44 403 -2.93181325350445 0.00336989318392265 0.250620347394541
"Potamochoerus porcus" 1 45 402 -2.86226442200511 0.00420625823210407 0.256218905472637
"Potamochoerus porcus" 1 46 401 -2.71318540643454 0.00666398097508051 0.259351620947631
"Potamochoerus porcus" 1 47 398 -2.61976152502403 0.00879912751644175 0.263819095477387
"Potamochoerus porcus" 1 48 397 -2.55739031636269 0.0105460810523795 0.269521410579345
"Potamochoerus porcus" 1 49 395 -2.53831459494914 0.0111387805454507 0.268354430379747
"Potamochoerus porcus" 1 50 391 -2.80643631807256 0.00500928127565859 0.273657289002558
"Potamochoerus porcus" 1 51 388 -2.82709307927597 0.00469726722977333 0.278350515463918
"Potamochoerus porcus" 1 52 386 -2.87183739238712 0.00408092894321516 0.274611398963731
"Potamochoerus porcus" 1 53 382 -3.13079363249236 0.00174334619985267 0.277486910994764
"Potamochoerus porcus" 1 54 381 -3.07227317603395 0.0021243521516338 0.278215223097113
"Potamochoerus porcus" 1 55 376 -2.98677546548519 0.00281936710101329 0.273936170212766
"Potamochoerus porcus" 1 56 373 -2.95213938541651 0.00315580441985821 0.278820375335121
"Potamochoerus porcus" 1 57 370 -2.5936470132144 0.00949639295859748 0.272972972972973
"Potamochoerus porcus" 1 58 366 -2.57542015261973 0.0100118386715696 0.275956284153005
"Potamochoerus porcus" 1 59 364 -2.28578631054221 0.0222667629359763 0.282967032967033
"Potamochoerus porcus" 1 60 361 -2.47536737233562 0.0133099186583397 0.290858725761773
"Potamochoerus porcus" 1 61 356 -2.32879905987121 0.019869713244849 0.300561797752809
"Potamochoerus porcus" 1 62 351 -2.29804231023173 0.0215593811503286 0.304843304843305
"Potamochoerus porcus" 1 63 349 -2.15054262900605 0.0315123178125644 0.306590257879656
"Potamochoerus porcus" 1 64 341 -1.8887497405886 0.0589253701743903 0.316715542521994
"Potamochoerus porcus" 1 65 327 -1.46540344668554 0.14281087764185 0.327217125382263
"Potamochoerus porcus" 1 66 320 -1.56591534294258 0.117368437430401 0.328125
"Potamochoerus porcus" 1 67 304 -1.99329688508835 0.046228947298233 0.328947368421053
"Potamochoerus porcus" 1 68 296 -1.75573989965398 0.0791328306360449 0.334459459459459
"Potamochoerus porcus" 1 69 283 -2.58318710555149 0.00978922174887645 0.332155477031802
"Potamochoerus porcus" 1 70 272 -2.43751008309282 0.0147888017744137 0.349264705882353
"Potamochoerus porcus" 1 71 268 -2.32082274121653 0.0202964126195351 0.358208955223881
"Potamochoerus porcus" 1 72 249 -2.34456154590108 0.0190494662620014 0.34136546184739
"Potamochoerus porcus" 1 73 231 NA NA 0.333333333333333
"Potamochoerus porcus" 1 74 225 NA NA 0.337777777777778
"Potamochoerus porcus" 1 75 218 NA NA 0.339449541284404
"Potamochoerus porcus" 1 76 216 NA NA 0.342592592592593
"Potamochoerus porcus" 1 77 211 NA NA 0.341232227488152
"Potamochoerus porcus" 1 78 209 NA NA 0.339712918660287
"Potamochoerus porcus" 1 79 195 NA NA 0.333333333333333
"Potamochoerus porcus" 1 80 180 NA NA 0.344444444444444
"Potamochoerus porcus" 1 81 176 NA NA 0.352272727272727
"Potamochoerus porcus" 1 82 170 NA NA 0.352941176470588
"Potamochoerus porcus" 1 83 166 NA NA 0.367469879518072
"Potamochoerus porcus" 1 84 166 NA NA 0.367469879518072
"Potamochoerus porcus" 1 85 166 NA NA 0.373493975903614
"Potamochoerus porcus" 1 86 165 NA NA 0.36969696969697
"Potamochoerus porcus" 1 87 163 NA NA 0.368098159509202
"Potamochoerus porcus" 1 88 158 NA NA 0.367088607594937
"Potamochoerus porcus" 1 89 153 NA NA 0.366013071895425
"Potamochoerus porcus" 1 90 151 NA NA 0.364238410596026
"Potamochoerus porcus" 1 91 150 NA NA 0.366666666666667
"Potamochoerus porcus" 1 92 146 NA NA 0.356164383561644
"Potamochoerus porcus" 1 93 142 NA NA 0.352112676056338
"Potamochoerus porcus" 1 94 142 NA NA 0.352112676056338
"Potamochoerus porcus" 1 95 127 NA NA 0.330708661417323
"Potamochoerus porcus" 1 96 105 NA NA 0.314285714285714
"Potamochoerus porcus" 1 97 89 NA NA 0.247191011235955
"Potamochoerus porcus" 1 98 75 NA NA 0.24
"Potamochoerus porcus" 1 99 75 NA NA 0.24
"Potamochoerus porcus" 1 100 75 NA NA 0.24
"Potamochoerus porcus" 1 101 75 NA NA 0.24
"Potamochoerus porcus" 1 102 75 NA NA 0.24
"Potamochoerus porcus" 1 103 75 NA NA 0.24
"Potamochoerus porcus" 1 104 75 NA NA 0.24
"Potamochoerus porcus" 1 105 73 NA NA 0.246575342465753
"Potamochoerus porcus" 1 106 61 NA NA 0.295081967213115
"Potamochoerus porcus" 1 107 56 NA NA 0.285714285714286
"Potamochoerus porcus" 1 108 49 NA NA 0.306122448979592
"Potamochoerus porcus" 1 109 48 NA NA 0.3125
"Potamochoerus porcus" 1 110 47 NA NA 0.319148936170213
"Potamochoerus porcus" 1 111 45 NA NA 0.333333333333333
"Potamochoerus porcus" 1 112 45 NA NA 0.333333333333333
"Potamochoerus porcus" 1 113 45 NA NA 0.333333333333333
"Potamochoerus porcus" 1 114 45 NA NA 0.333333333333333
"Potamochoerus porcus" 1 115 44 NA NA 0.318181818181818
"Potamochoerus porcus" 1 116 44 NA NA 0.340909090909091
"Potamochoerus porcus" 1 117 43 NA NA 0.325581395348837
"Potamochoerus porcus" 1 118 43 NA NA 0.325581395348837
"Potamochoerus porcus" 1 119 43 NA NA 0.325581395348837
"Potamochoerus porcus" 1 120 43 NA NA 0.325581395348837
"Potamochoerus porcus" 1 121 43 NA NA 0.325581395348837
"Potamochoerus porcus" 1 122 43 NA NA 0.325581395348837
"Potamochoerus porcus" 1 123 43 NA NA 0.325581395348837
"Potamochoerus porcus" 1 124 43 NA NA 0.325581395348837
"Potamochoerus porcus" 1 125 43 NA NA 0.325581395348837
"Potamochoerus porcus" 1 126 43 NA NA 0.325581395348837
"Potamochoerus porcus" 1 127 43 NA NA 0.325581395348837
"Potamochoerus porcus" 1 128 42 NA NA 0.333333333333333
"Potamochoerus porcus" 1 129 42 NA NA 0.333333333333333
"Potamochoerus porcus" 1 130 41 NA NA 0.317073170731707
"Potamochoerus porcus" 1 131 41 NA NA 0.317073170731707
"Potamochoerus porcus" 1 132 41 NA NA 0.317073170731707
"Potamochoerus porcus" 1 133 41 NA NA 0.317073170731707
"Potamochoerus porcus" 1 134 41 NA NA 0.317073170731707
"Potamochoerus porcus" 1 135 41 NA NA 0.317073170731707
"Potamochoerus porcus" 1 136 41 NA NA 0.317073170731707
"Potamochoerus porcus" 1 137 41 NA NA 0.317073170731707
"Potamochoerus porcus" 1 138 41 NA NA 0.317073170731707
"Potamochoerus porcus" 1 139 40 NA NA 0.325
"Potamochoerus porcus" 1 140 40 NA NA 0.325
"Potamochoerus porcus" 1 141 40 NA NA 0.325
"Potamochoerus porcus" 1 142 40 NA NA 0.325
"Potamochoerus porcus" 1 143 40 NA NA 0.325
"Potamochoerus porcus" 1 144 40 NA NA 0.325
"Potamochoerus porcus" 1 145 40 NA NA 0.325
"Potamochoerus porcus" 1 146 40 NA NA 0.325
"Potamochoerus porcus" 1 147 40 NA NA 0.325
"Potamochoerus porcus" 1 148 40 NA NA 0.325
"Potamochoerus porcus" 1 149 40 NA NA 0.325
"Potamochoerus porcus" 1 150 40 NA NA 0.325
"Potamochoerus porcus" 1 151 40 NA NA 0.325
"Potamochoerus porcus" 1 152 40 NA NA 0.325
"Potamochoerus porcus" 1 153 40 NA NA 0.325
"Potamochoerus porcus" 1 154 39 NA NA 0.333333333333333
"Potamochoerus porcus" 1 155 39 NA NA 0.333333333333333
"Potamochoerus porcus" 1 156 39 NA NA 0.333333333333333
"Potamochoerus porcus" 1 157 39 NA NA 0.333333333333333
"Potamochoerus porcus" 1 158 39 NA NA 0.333333333333333
"Potamochoerus porcus" 1 159 39 NA NA 0.333333333333333
"Potamochoerus porcus" 1 160 39 NA NA 0.333333333333333
"Potamochoerus porcus" 1 161 39 NA NA 0.333333333333333
"Potamochoerus porcus" 1 162 39 NA NA 0.333333333333333
"Potamochoerus porcus" 1 163 39 NA NA 0.333333333333333
"Potamochoerus porcus" 1 164 39 NA NA 0.333333333333333
"Potamochoerus porcus" 1 165 39 NA NA 0.333333333333333
"Potamochoerus porcus" 1 166 39 NA NA 0.333333333333333
"Potamochoerus porcus" 1 167 39 NA NA 0.333333333333333
"Potamochoerus porcus" 1 168 39 NA NA 0.333333333333333
"Potamochoerus porcus" 1 169 39 NA NA 0.333333333333333
"Potamochoerus porcus" 1 170 39 NA NA 0.333333333333333
"Potamochoerus porcus" 1 171 39 NA NA 0.333333333333333
"Potamochoerus porcus" 1 172 39 NA NA 0.333333333333333
"Potamochoerus porcus" 1 173 38 NA NA 0.342105263157895
"Potamochoerus porcus" 1 174 38 NA NA 0.342105263157895
"Potamochoerus porcus" 1 175 37 NA NA 0.351351351351351
"Potamochoerus porcus" 1 176 37 NA NA 0.351351351351351
"Potamochoerus porcus" 1 177 37 NA NA 0.351351351351351
"Potamochoerus porcus" 1 178 37 NA NA 0.351351351351351
"Potamochoerus porcus" 1 179 37 NA NA 0.351351351351351
"Potamochoerus porcus" 1 180 37 NA NA 0.351351351351351
"Potamochoerus porcus" 1 181 37 NA NA 0.351351351351351
"Potamochoerus porcus" 1 182 37 NA NA 0.351351351351351
"Potamochoerus porcus" 1 183 37 NA NA 0.351351351351351
"Potamochoerus porcus" 1 184 36 NA NA 0.333333333333333
"Potamochoerus porcus" 1 185 35 NA NA 0.314285714285714
"Potamochoerus porcus" 1 186 35 NA NA 0.314285714285714
"Potamochoerus porcus" 1 187 34 NA NA 0.323529411764706
"Potamochoerus porcus" 1 188 34 NA NA 0.323529411764706
"Potamochoerus porcus" 1 189 34 NA NA 0.323529411764706
"Potamochoerus porcus" 1 190 34 NA NA 0.323529411764706
"Potamochoerus porcus" 1 191 33 NA NA 0.333333333333333
"Potamochoerus porcus" 1 192 33 NA NA 0.333333333333333
"Potamochoerus porcus" 1 193 33 NA NA 0.333333333333333
"Potamochoerus porcus" 1 194 33 NA NA 0.333333333333333
"Potamochoerus porcus" 1 195 33 NA NA 0.333333333333333
"Potamochoerus porcus" 1 196 33 NA NA 0.333333333333333
"Potamochoerus porcus" 1 197 33 NA NA 0.333333333333333
"Potamochoerus porcus" 1 198 33 NA NA 0.333333333333333
"Potamochoerus porcus" 1 199 33 NA NA 0.333333333333333
"Potamochoerus porcus" 1 200 33 NA NA 0.333333333333333
"Potamochoerus porcus" 2 4 452 NA NA 0.0132743362831858
"Potamochoerus porcus" 2 6 449 NA NA 0.0289532293986637
"Potamochoerus porcus" 2 8 447 -0.885146907707323 0.376077402892741 0.0402684563758389
"Potamochoerus porcus" 2 10 445 -0.974920401746665 0.329599745207297 0.0629213483146067
"Potamochoerus porcus" 2 12 439 -1.1068425663883 0.268362000954715 0.0774487471526196
"Potamochoerus porcus" 2 14 436 -1.28711602902915 0.198053849332284 0.0871559633027523
"Potamochoerus porcus" 2 16 435 -1.03404664323692 0.301114358338659 0.0988505747126437
"Potamochoerus porcus" 2 18 434 -0.943082519634507 0.345638696116667 0.105990783410138
"Potamochoerus porcus" 2 20 430 -1.45222353061362 0.146439461957404 0.118604651162791
"Potamochoerus porcus" 2 22 427 -1.30971988917126 0.190290612655919 0.126463700234192
"Potamochoerus porcus" 2 24 425 -1.61069846287136 0.107245460908501 0.143529411764706
"Potamochoerus porcus" 2 26 422 -1.77305620136731 0.0762193945775748 0.158767772511848
"Potamochoerus porcus" 2 28 422 -1.75517575921221 0.0792292489160469 0.175355450236967
"Potamochoerus porcus" 2 30 420 -1.7773413076758 0.0755121011409934 0.183333333333333
"Potamochoerus porcus" 2 32 419 -1.95470947597408 0.050617370992759 0.195704057279236
"Potamochoerus porcus" 2 34 415 -2.34664774260097 0.0189431544055755 0.209638554216867
"Potamochoerus porcus" 2 36 412 -2.53415684286126 0.0112718267663086 0.220873786407767
"Potamochoerus porcus" 2 38 410 -2.24886853311991 0.0245208615277592 0.226829268292683
"Potamochoerus porcus" 2 40 408 -2.60793890809094 0.00910892097141783 0.237745098039216
"Potamochoerus porcus" 2 42 407 -2.62485404460751 0.00866861176348131 0.243243243243243
"Potamochoerus porcus" 2 44 403 -2.891146180113 0.00383839535035956 0.250620347394541
"Potamochoerus porcus" 2 46 401 -2.69630234612257 0.00701139943331574 0.259351620947631
"Potamochoerus porcus" 2 48 397 -2.54778548026912 0.0108409111852916 0.269521410579345
"Potamochoerus porcus" 2 50 391 -2.8168332071774 0.00484997053402576 0.273657289002558
"Potamochoerus porcus" 2 52 386 -2.87791240958106 0.00400316272923977 0.274611398963731
"Potamochoerus porcus" 2 54 381 -3.07276746403727 0.00212083681066413 0.278215223097113
"Potamochoerus porcus" 2 56 373 -2.93631128872559 0.00332140838526413 0.278820375335121
"Potamochoerus porcus" 2 58 366 -2.67394409442974 0.00749649473317486 0.275956284153005
"Potamochoerus porcus" 2 60 361 -2.6124420368297 0.00898979349893188 0.290858725761773
"Potamochoerus porcus" 2 62 351 -2.48574771752082 0.0129279577278511 0.304843304843305
"Potamochoerus porcus" 2 64 341 -2.11778959337292 0.0341928910713603 0.316715542521994
"Potamochoerus porcus" 2 66 320 -1.77847417502846 0.0753260097369678 0.328125
"Potamochoerus porcus" 2 68 296 -1.90343550206909 0.0569837422233157 0.334459459459459
"Potamochoerus porcus" 2 70 272 -2.32506676520306 0.0200683904326982 0.349264705882353
"Potamochoerus porcus" 2 72 249 -2.26900410795861 0.0232680760580857 0.34136546184739
"Potamochoerus porcus" 2 74 225 NA NA 0.337777777777778
"Potamochoerus porcus" 2 76 216 NA NA 0.342592592592593
"Potamochoerus porcus" 2 78 209 NA NA 0.339712918660287
"Potamochoerus porcus" 2 80 180 NA NA 0.344444444444444
"Potamochoerus porcus" 2 82 170 NA NA 0.352941176470588
"Potamochoerus porcus" 2 84 166 NA NA 0.367469879518072
"Potamochoerus porcus" 2 86 165 NA NA 0.36969696969697
"Potamochoerus porcus" 2 88 158 NA NA 0.367088607594937
"Potamochoerus porcus" 2 90 151 NA NA 0.364238410596026
"Potamochoerus porcus" 2 92 146 NA NA 0.356164383561644
"Potamochoerus porcus" 2 94 142 NA NA 0.352112676056338
"Potamochoerus porcus" 2 96 105 NA NA 0.314285714285714
"Potamochoerus porcus" 2 98 75 NA NA 0.24
"Potamochoerus porcus" 2 100 75 NA NA 0.24
"Potamochoerus porcus" 2 102 75 NA NA 0.24
"Potamochoerus porcus" 2 104 75 NA NA 0.24
"Potamochoerus porcus" 2 106 61 NA NA 0.295081967213115
"Potamochoerus porcus" 2 108 49 NA NA 0.306122448979592
"Potamochoerus porcus" 2 110 47 NA NA 0.319148936170213
"Potamochoerus porcus" 2 112 45 NA NA 0.333333333333333
"Potamochoerus porcus" 2 114 45 NA NA 0.333333333333333
"Potamochoerus porcus" 2 116 44 NA NA 0.340909090909091
"Potamochoerus porcus" 2 118 43 NA NA 0.325581395348837
"Potamochoerus porcus" 2 120 43 NA NA 0.325581395348837
"Potamochoerus porcus" 2 122 43 NA NA 0.325581395348837
"Potamochoerus porcus" 2 124 43 NA NA 0.325581395348837
"Potamochoerus porcus" 2 126 43 NA NA 0.325581395348837
"Potamochoerus porcus" 2 128 42 NA NA 0.333333333333333
"Potamochoerus porcus" 2 130 41 NA NA 0.317073170731707
"Potamochoerus porcus" 2 132 41 NA NA 0.317073170731707
"Potamochoerus porcus" 2 134 41 NA NA 0.317073170731707
"Potamochoerus porcus" 2 136 41 NA NA 0.317073170731707
"Potamochoerus porcus" 2 138 41 NA NA 0.317073170731707
"Potamochoerus porcus" 2 140 40 NA NA 0.325
"Potamochoerus porcus" 2 142 40 NA NA 0.325
"Potamochoerus porcus" 2 144 40 NA NA 0.325
"Potamochoerus porcus" 2 146 40 NA NA 0.325
"Potamochoerus porcus" 2 148 40 NA NA 0.325
"Potamochoerus porcus" 2 150 40 NA NA 0.325
"Potamochoerus porcus" 2 152 40 NA NA 0.325
"Potamochoerus porcus" 2 154 39 NA NA 0.333333333333333
"Potamochoerus porcus" 2 156 39 NA NA 0.333333333333333
"Potamochoerus porcus" 2 158 39 NA NA 0.333333333333333
"Potamochoerus porcus" 2 160 39 NA NA 0.333333333333333
"Potamochoerus porcus" 2 162 39 NA NA 0.333333333333333
"Potamochoerus porcus" 2 164 39 NA NA 0.333333333333333
"Potamochoerus porcus" 2 166 39 NA NA 0.333333333333333
"Potamochoerus porcus" 2 168 39 NA NA 0.333333333333333
"Potamochoerus porcus" 2 170 39 NA NA 0.333333333333333
"Potamochoerus porcus" 2 172 39 NA NA 0.333333333333333
"Potamochoerus porcus" 2 174 38 NA NA 0.342105263157895
"Potamochoerus porcus" 2 176 37 NA NA 0.351351351351351
"Potamochoerus porcus" 2 178 37 NA NA 0.351351351351351
"Potamochoerus porcus" 2 180 37 NA NA 0.351351351351351
"Potamochoerus porcus" 2 182 37 NA NA 0.351351351351351
"Potamochoerus porcus" 2 184 36 NA NA 0.333333333333333
"Potamochoerus porcus" 2 186 35 NA NA 0.314285714285714
"Potamochoerus porcus" 2 188 34 NA NA 0.323529411764706
"Potamochoerus porcus" 2 190 34 NA NA 0.323529411764706
"Potamochoerus porcus" 2 192 33 NA NA 0.333333333333333
"Potamochoerus porcus" 2 194 33 NA NA 0.333333333333333
"Potamochoerus porcus" 2 196 33 NA NA 0.333333333333333
"Potamochoerus porcus" 2 198 33 NA NA 0.333333333333333
"Potamochoerus porcus" 2 200 33 NA NA 0.333333333333333
"Potamochoerus porcus" 3 6 449 -2.13317043847109 0.0329107471927387 0.0289532293986637
"Potamochoerus porcus" 3 9 447 -0.74639389830885 0.455429504079794 0.0536912751677852
"Potamochoerus porcus" 3 12 439 -1.13668309924129 0.255670787028779 0.0774487471526196
"Potamochoerus porcus" 3 15 436 -1.58290368565083 0.113443418572524 0.0917431192660551
"Potamochoerus porcus" 3 18 434 -0.967891341697901 0.333098638927736 0.105990783410138
"Potamochoerus porcus" 3 21 429 -1.3202783625926 0.186742097005088 0.121212121212121
"Potamochoerus porcus" 3 24 425 -1.59730213051257 0.110198376141812 0.143529411764706
"Potamochoerus porcus" 3 27 422 -1.67351426998558 0.0942260997238178 0.16824644549763
"Potamochoerus porcus" 3 30 420 -1.75937707851415 0.0785134825199286 0.183333333333333
"Potamochoerus porcus" 3 33 415 -1.96768990930323 0.0491037275698481 0.202409638554217
"Potamochoerus porcus" 3 36 412 -2.46474650528356 0.0137110215241167 0.220873786407767
"Potamochoerus porcus" 3 39 409 -2.19953144122013 0.0278401560299245 0.227383863080685
"Potamochoerus porcus" 3 42 407 -2.63623874702615 0.00838307257383285 0.243243243243243
"Potamochoerus porcus" 3 45 402 -2.83379391150562 0.00459989864838915 0.256218905472637
"Potamochoerus porcus" 3 48 397 -2.52945518186733 0.0114239763159638 0.269521410579345
"Potamochoerus porcus" 3 51 388 -2.81611206939401 0.00486087072114395 0.278350515463918
"Potamochoerus porcus" 3 54 381 -3.03952361693948 0.00236952623703146 0.278215223097113
"Potamochoerus porcus" 3 57 370 -2.66312757131769 0.00774180575999679 0.272972972972973
"Potamochoerus porcus" 3 60 361 -2.62522078741081 0.00865927967573743 0.290858725761773
"Potamochoerus porcus" 3 63 349 -2.42659991786542 0.0152410528415359 0.306590257879656
"Potamochoerus porcus" 3 66 320 -1.90277890743675 0.0570694005988724 0.328125
"Potamochoerus porcus" 3 69 283 -2.42766753557853 0.0151962664279679 0.332155477031802
"Potamochoerus porcus" 3 72 249 -2.25296504634389 0.0242613529514589 0.34136546184739
"Potamochoerus porcus" 3 75 218 NA NA 0.339449541284404
"Potamochoerus porcus" 3 78 209 NA NA 0.339712918660287
"Potamochoerus porcus" 3 81 176 NA NA 0.352272727272727
"Potamochoerus porcus" 3 84 166 NA NA 0.367469879518072
"Potamochoerus porcus" 3 87 163 NA NA 0.368098159509202
"Potamochoerus porcus" 3 90 151 NA NA 0.364238410596026
"Potamochoerus porcus" 3 93 142 NA NA 0.352112676056338
"Potamochoerus porcus" 3 96 105 NA NA 0.314285714285714
"Potamochoerus porcus" 3 99 75 NA NA 0.24
"Potamochoerus porcus" 3 102 75 NA NA 0.24
"Potamochoerus porcus" 3 105 73 NA NA 0.246575342465753
"Potamochoerus porcus" 3 108 49 NA NA 0.306122448979592
"Potamochoerus porcus" 3 111 45 NA NA 0.333333333333333
"Potamochoerus porcus" 3 114 45 NA NA 0.333333333333333
"Potamochoerus porcus" 3 117 43 NA NA 0.325581395348837
"Potamochoerus porcus" 3 120 43 NA NA 0.325581395348837
"Potamochoerus porcus" 3 123 43 NA NA 0.325581395348837
"Potamochoerus porcus" 3 126 43 NA NA 0.325581395348837
"Potamochoerus porcus" 3 129 42 NA NA 0.333333333333333
"Potamochoerus porcus" 3 132 41 NA NA 0.317073170731707
"Potamochoerus porcus" 3 135 41 NA NA 0.317073170731707
"Potamochoerus porcus" 3 138 41 NA NA 0.317073170731707
"Potamochoerus porcus" 3 141 40 NA NA 0.325
"Potamochoerus porcus" 3 144 40 NA NA 0.325
"Potamochoerus porcus" 3 147 40 NA NA 0.325
"Potamochoerus porcus" 3 150 40 NA NA 0.325
"Potamochoerus porcus" 3 153 40 NA NA 0.325
"Potamochoerus porcus" 3 156 39 NA NA 0.333333333333333
"Potamochoerus porcus" 3 159 39 NA NA 0.333333333333333
"Potamochoerus porcus" 3 162 39 NA NA 0.333333333333333
"Potamochoerus porcus" 3 165 39 NA NA 0.333333333333333
"Potamochoerus porcus" 3 168 39 NA NA 0.333333333333333
"Potamochoerus porcus" 3 171 39 NA NA 0.333333333333333
"Potamochoerus porcus" 3 174 38 NA NA 0.342105263157895
"Potamochoerus porcus" 3 177 37 NA NA 0.351351351351351
"Potamochoerus porcus" 3 180 37 NA NA 0.351351351351351
"Potamochoerus porcus" 3 183 37 NA NA 0.351351351351351
"Potamochoerus porcus" 3 186 35 NA NA 0.314285714285714
"Potamochoerus porcus" 3 189 34 NA NA 0.323529411764706
"Potamochoerus porcus" 3 192 33 NA NA 0.333333333333333
"Potamochoerus porcus" 3 195 33 NA NA 0.333333333333333
"Potamochoerus porcus" 3 198 33 NA NA 0.333333333333333
"Potamochoerus porcus" 4 8 447 -0.890733200049968 0.373072319245386 0.0402684563758389
"Potamochoerus porcus" 4 12 439 -1.15606901296832 0.247652929528558 0.0774487471526196
"Potamochoerus porcus" 4 16 435 -1.02287335248754 0.3063677302526 0.0988505747126437
"Potamochoerus porcus" 4 20 430 -1.42145290922565 0.155185134301476 0.118604651162791
"Potamochoerus porcus" 4 24 425 -1.56392817081033 0.117834437927661 0.143529411764706
"Potamochoerus porcus" 4 28 422 -1.75561045927145 0.0791549450893272 0.175355450236967
"Potamochoerus porcus" 4 32 419 -1.87624300137035 0.0606219198215351 0.195704057279236
"Potamochoerus porcus" 4 36 412 -2.37601474846268 0.0175007632893127 0.220873786407767
"Potamochoerus porcus" 4 40 408 -2.44862976006379 0.0143400766782648 0.237745098039216
"Potamochoerus porcus" 4 44 403 -2.72722389430574 0.00638696851233485 0.250620347394541
"Potamochoerus porcus" 4 48 397 -2.3730368253991 0.0176425048469638 0.269521410579345
"Potamochoerus porcus" 4 52 386 -2.69472122724549 0.00704475435804163 0.274611398963731
"Potamochoerus porcus" 4 56 373 -2.75340194861322 0.0058979434393196 0.278820375335121
"Potamochoerus porcus" 4 60 361 -2.52304041600765 0.0116345028466281 0.290858725761773
"Potamochoerus porcus" 4 64 341 -2.15514436751959 0.0311505387362161 0.316715542521994
"Potamochoerus porcus" 4 68 296 -1.97223667701803 0.048582594559304 0.334459459459459
"Potamochoerus porcus" 4 72 249 -2.1797953430781 0.0292726352987761 0.34136546184739
"Potamochoerus porcus" 4 76 216 NA NA 0.342592592592593
"Potamochoerus porcus" 4 80 180 NA NA 0.344444444444444
"Potamochoerus porcus" 4 84 166 NA NA 0.367469879518072
"Potamochoerus porcus" 4 88 158 NA NA 0.367088607594937
"Potamochoerus porcus" 4 92 146 NA NA 0.356164383561644
"Potamochoerus porcus" 4 96 105 NA NA 0.314285714285714
"Potamochoerus porcus" 4 100 75 NA NA 0.24
"Potamochoerus porcus" 4 104 75 NA NA 0.24
"Potamochoerus porcus" 4 108 49 NA NA 0.306122448979592
"Potamochoerus porcus" 4 112 45 NA NA 0.333333333333333
"Potamochoerus porcus" 4 116 44 NA NA 0.340909090909091
"Potamochoerus porcus" 4 120 43 NA NA 0.325581395348837
"Potamochoerus porcus" 4 124 43 NA NA 0.325581395348837
"Potamochoerus porcus" 4 128 42 NA NA 0.333333333333333
"Potamochoerus porcus" 4 132 41 NA NA 0.317073170731707
"Potamochoerus porcus" 4 136 41 NA NA 0.317073170731707
"Potamochoerus porcus" 4 140 40 NA NA 0.325
"Potamochoerus porcus" 4 144 40 NA NA 0.325
"Potamochoerus porcus" 4 148 40 NA NA 0.325
"Potamochoerus porcus" 4 152 40 NA NA 0.325
"Potamochoerus porcus" 4 156 39 NA NA 0.333333333333333
"Potamochoerus porcus" 4 160 39 NA NA 0.333333333333333
"Potamochoerus porcus" 4 164 39 NA NA 0.333333333333333
"Potamochoerus porcus" 4 168 39 NA NA 0.333333333333333
"Potamochoerus porcus" 4 172 39 NA NA 0.333333333333333
"Potamochoerus porcus" 4 176 37 NA NA 0.351351351351351
"Potamochoerus porcus" 4 180 37 NA NA 0.351351351351351
"Potamochoerus porcus" 4 184 36 NA NA 0.333333333333333
"Potamochoerus porcus" 4 188 34 NA NA 0.323529411764706
"Potamochoerus porcus" 4 192 33 NA NA 0.333333333333333
"Potamochoerus porcus" 4 196 33 NA NA 0.333333333333333
"Potamochoerus porcus" 4 200 33 NA NA 0.333333333333333
"Potamochoerus porcus" 5 10 445 -1.04322141695288 0.296845756523433 0.0629213483146067
"Potamochoerus porcus" 5 15 436 -1.62873797525277 0.103368499944509 0.0917431192660551
"Potamochoerus porcus" 5 20 430 -1.44722143272042 0.147834915610928 0.118604651162791
"Potamochoerus porcus" 5 25 423 -1.53652993157646 0.124408462598701 0.153664302600473
"Potamochoerus porcus" 5 30 420 -1.78946258853802 0.0735403473447149 0.183333333333333
"Potamochoerus porcus" 5 35 413 -2.44018586231281 0.0146797070735181 0.213075060532688
"Potamochoerus porcus" 5 40 408 -2.61703474174846 0.00886973131699407 0.237745098039216
"Potamochoerus porcus" 5 45 402 -2.86240284632886 0.00420442137592159 0.256218905472637
"Potamochoerus porcus" 5 50 391 -2.8431317795371 0.00446725955368701 0.273657289002558
"Potamochoerus porcus" 5 55 376 -3.03622789716802 0.00239558222693308 0.273936170212766
"Potamochoerus porcus" 5 60 361 -2.73322942462155 0.00627166295980624 0.290858725761773
"Potamochoerus porcus" 5 65 327 -2.02338466009504 0.0430335044881765 0.327217125382263
"Potamochoerus porcus" 5 70 272 -2.29963177046366 0.0214690905835011 0.349264705882353
"Potamochoerus porcus" 5 75 218 NA NA 0.339449541284404
"Potamochoerus porcus" 5 80 180 NA NA 0.344444444444444
"Potamochoerus porcus" 5 85 166 NA NA 0.373493975903614
"Potamochoerus porcus" 5 90 151 NA NA 0.364238410596026
"Potamochoerus porcus" 5 95 127 NA NA 0.330708661417323
"Potamochoerus porcus" 5 100 75 NA NA 0.24
"Potamochoerus porcus" 5 105 73 NA NA 0.246575342465753
"Potamochoerus porcus" 5 110 47 NA NA 0.319148936170213
"Potamochoerus porcus" 5 115 44 NA NA 0.318181818181818
"Potamochoerus porcus" 5 120 43 NA NA 0.325581395348837
"Potamochoerus porcus" 5 125 43 NA NA 0.325581395348837
"Potamochoerus porcus" 5 130 41 NA NA 0.317073170731707
"Potamochoerus porcus" 5 135 41 NA NA 0.317073170731707
"Potamochoerus porcus" 5 140 40 NA NA 0.325
"Potamochoerus porcus" 5 145 40 NA NA 0.325
"Potamochoerus porcus" 5 150 40 NA NA 0.325
"Potamochoerus porcus" 5 155 39 NA NA 0.333333333333333
"Potamochoerus porcus" 5 160 39 NA NA 0.333333333333333
"Potamochoerus porcus" 5 165 39 NA NA 0.333333333333333
"Potamochoerus porcus" 5 170 39 NA NA 0.333333333333333
"Potamochoerus porcus" 5 175 37 NA NA 0.351351351351351
"Potamochoerus porcus" 5 180 37 NA NA 0.351351351351351
"Potamochoerus porcus" 5 185 35 NA NA 0.314285714285714
"Potamochoerus porcus" 5 190 34 NA NA 0.323529411764706
"Potamochoerus porcus" 5 195 33 NA NA 0.333333333333333
"Potamochoerus porcus" 5 200 33 NA NA 0.333333333333333
"Potamochoerus porcus" 6 12 439 -1.21996924553571 0.22247653371096 0.0774487471526196
"Potamochoerus porcus" 6 18 434 -1.04947613203862 0.293959034772441 0.105990783410138
"Potamochoerus porcus" 6 24 425 -1.72180095458397 0.0851055816254301 0.143529411764706
"Potamochoerus porcus" 6 30 420 -1.89921752602617 0.0575358813251924 0.183333333333333
"Potamochoerus porcus" 6 36 412 -2.62898231298901 0.00856408150353205 0.220873786407767
"Potamochoerus porcus" 6 42 407 -2.80504088299628 0.00503101980400252 0.243243243243243
"Potamochoerus porcus" 6 48 397 -2.72653798223085 0.00640025859903704 0.269521410579345
"Potamochoerus porcus" 6 54 381 -3.2762778907935 0.00105185009906444 0.278215223097113
"Potamochoerus porcus" 6 60 361 -2.92910095108181 0.00339943996228262 0.290858725761773
"Potamochoerus porcus" 6 66 320 -2.31292805895134 0.0207265948288165 0.328125
"Potamochoerus porcus" 6 72 249 -2.30693111191654 0.0210586607778071 0.34136546184739
"Potamochoerus porcus" 6 78 209 NA NA 0.339712918660287
"Potamochoerus porcus" 6 84 166 NA NA 0.367469879518072
"Potamochoerus porcus" 6 90 151 NA NA 0.364238410596026
"Potamochoerus porcus" 6 96 105 NA NA 0.314285714285714
"Potamochoerus porcus" 6 102 75 NA NA 0.24
"Potamochoerus porcus" 6 108 49 NA NA 0.306122448979592
"Potamochoerus porcus" 6 114 45 NA NA 0.333333333333333
"Potamochoerus porcus" 6 120 43 NA NA 0.325581395348837
"Potamochoerus porcus" 6 126 43 NA NA 0.325581395348837
"Potamochoerus porcus" 6 132 41 NA NA 0.317073170731707
"Potamochoerus porcus" 6 138 41 NA NA 0.317073170731707
"Potamochoerus porcus" 6 144 40 NA NA 0.325
"Potamochoerus porcus" 6 150 40 NA NA 0.325
"Potamochoerus porcus" 6 156 39 NA NA 0.333333333333333
"Potamochoerus porcus" 6 162 39 NA NA 0.333333333333333
"Potamochoerus porcus" 6 168 39 NA NA 0.333333333333333
"Potamochoerus porcus" 6 174 38 NA NA 0.342105263157895
"Potamochoerus porcus" 6 180 37 NA NA 0.351351351351351
"Potamochoerus porcus" 6 186 35 NA NA 0.314285714285714
"Potamochoerus porcus" 6 192 33 NA NA 0.333333333333333
"Potamochoerus porcus" 6 198 33 NA NA 0.333333333333333
"Potamochoerus porcus" 7 14 436 -1.42349927300723 0.154591472711543 0.0871559633027523
"Potamochoerus porcus" 7 21 429 -1.37248248654636 0.169913287229971 0.121212121212121
"Potamochoerus porcus" 7 28 422 -1.89288537054353 0.0583731151660663 0.175355450236967
"Potamochoerus porcus" 7 35 413 -2.44975740582771 0.0142952491844467 0.213075060532688
"Potamochoerus porcus" 7 42 407 -2.76749656948081 0.00564886399667097 0.243243243243243
"Potamochoerus porcus" 7 49 395 -2.6823578312677 0.00731052172407445 0.268354430379747
"Potamochoerus porcus" 7 56 373 -3.06671573026555 0.00216424572625018 0.278820375335121
"Potamochoerus porcus" 7 63 349 -2.71426550490513 0.00664229071046218 0.306590257879656
"Potamochoerus porcus" 7 70 272 -2.38511514379738 0.0170737764653189 0.349264705882353
"Potamochoerus porcus" 7 77 211 NA NA 0.341232227488152
"Potamochoerus porcus" 7 84 166 NA NA 0.367469879518072
"Potamochoerus porcus" 7 91 150 NA NA 0.366666666666667
"Potamochoerus porcus" 7 98 75 NA NA 0.24
"Potamochoerus porcus" 7 105 73 NA NA 0.246575342465753
"Potamochoerus porcus" 7 112 45 NA NA 0.333333333333333
"Potamochoerus porcus" 7 119 43 NA NA 0.325581395348837
"Potamochoerus porcus" 7 126 43 NA NA 0.325581395348837
"Potamochoerus porcus" 7 133 41 NA NA 0.317073170731707
"Potamochoerus porcus" 7 140 40 NA NA 0.325
"Potamochoerus porcus" 7 147 40 NA NA 0.325
"Potamochoerus porcus" 7 154 39 NA NA 0.333333333333333
"Potamochoerus porcus" 7 161 39 NA NA 0.333333333333333
"Potamochoerus porcus" 7 168 39 NA NA 0.333333333333333
"Potamochoerus porcus" 7 175 37 NA NA 0.351351351351351
"Potamochoerus porcus" 7 182 37 NA NA 0.351351351351351
"Potamochoerus porcus" 7 189 34 NA NA 0.323529411764706
"Potamochoerus porcus" 7 196 33 NA NA 0.333333333333333
"Potamochoerus porcus" 8 16 435 -1.16943942968294 0.242226631503405 0.0988505747126437
"Potamochoerus porcus" 8 24 425 -1.71906992864834 0.0856016396079986 0.143529411764706
"Potamochoerus porcus" 8 32 419 -1.97646214445785 0.048102459145692 0.195704057279236
"Potamochoerus porcus" 8 40 408 -2.58462084959523 0.00974861339666217 0.237745098039216
"Potamochoerus porcus" 8 48 397 -2.5707126705383 0.0101489491362027 0.269521410579345
"Potamochoerus porcus" 8 56 373 -2.94825956336392 0.00319568619988407 0.278820375335121
"Potamochoerus porcus" 8 64 341 -2.43762589974586 0.0147840650390474 0.316715542521994
"Potamochoerus porcus" 8 72 249 -2.18192738312618 0.029114892510279 0.34136546184739
"Potamochoerus porcus" 8 80 180 NA NA 0.344444444444444
"Potamochoerus porcus" 8 88 158 NA NA 0.367088607594937
"Potamochoerus porcus" 8 96 105 NA NA 0.314285714285714
"Potamochoerus porcus" 8 104 75 NA NA 0.24
"Potamochoerus porcus" 8 112 45 NA NA 0.333333333333333
"Potamochoerus porcus" 8 120 43 NA NA 0.325581395348837
"Potamochoerus porcus" 8 128 42 NA NA 0.333333333333333
"Potamochoerus porcus" 8 136 41 NA NA 0.317073170731707
"Potamochoerus porcus" 8 144 40 NA NA 0.325
"Potamochoerus porcus" 8 152 40 NA NA 0.325
"Potamochoerus porcus" 8 160 39 NA NA 0.333333333333333
"Potamochoerus porcus" 8 168 39 NA NA 0.333333333333333
"Potamochoerus porcus" 8 176 37 NA NA 0.351351351351351
"Potamochoerus porcus" 8 184 36 NA NA 0.333333333333333
"Potamochoerus porcus" 8 192 33 NA NA 0.333333333333333
"Potamochoerus porcus" 8 200 33 NA NA 0.333333333333333
"Potamochoerus porcus" 9 18 434 -1.01397722957096 0.310593617709637 0.105990783410138
"Potamochoerus porcus" 9 27 422 -1.76159049753881 0.078138510593258 0.16824644549763
"Potamochoerus porcus" 9 36 412 -2.50951636414872 0.0120896613914897 0.220873786407767
"Potamochoerus porcus" 9 45 402 -2.94682500723515 0.00321054834385967 0.256218905472637
"Potamochoerus porcus" 9 54 381 -3.18251124481002 0.00146003846213425 0.278215223097113
"Potamochoerus porcus" 9 63 349 -2.74390741370155 0.00607126587158528 0.306590257879656
"Potamochoerus porcus" 9 72 249 -2.20131096236273 0.0277140173409573 0.34136546184739
"Potamochoerus porcus" 9 81 176 NA NA 0.352272727272727
"Potamochoerus porcus" 9 90 151 NA NA 0.364238410596026
"Potamochoerus porcus" 9 99 75 NA NA 0.24
"Potamochoerus porcus" 9 108 49 NA NA 0.306122448979592
"Potamochoerus porcus" 9 117 43 NA NA 0.325581395348837
"Potamochoerus porcus" 9 126 43 NA NA 0.325581395348837
"Potamochoerus porcus" 9 135 41 NA NA 0.317073170731707
"Potamochoerus porcus" 9 144 40 NA NA 0.325
"Potamochoerus porcus" 9 153 40 NA NA 0.325
"Potamochoerus porcus" 9 162 39 NA NA 0.333333333333333
"Potamochoerus porcus" 9 171 39 NA NA 0.333333333333333
"Potamochoerus porcus" 9 180 37 NA NA 0.351351351351351
"Potamochoerus porcus" 9 189 34 NA NA 0.323529411764706
"Potamochoerus porcus" 9 198 33 NA NA 0.333333333333333
"Potamochoerus porcus" 10 20 430 -1.53640211797769 0.124439787635281 0.118604651162791
"Potamochoerus porcus" 10 30 420 -1.85144085234329 0.0641061565108179 0.183333333333333
"Potamochoerus porcus" 10 40 408 -2.70930461655172 0.00674244042002793 0.237745098039216
"Potamochoerus porcus" 10 50 391 -3.0045299656611 0.00265991555763376 0.273657289002558
"Potamochoerus porcus" 10 60 361 -2.88686440735653 0.00389101874910283 0.290858725761773
"Potamochoerus porcus" 10 70 272 -2.3086000843508 0.0209657832677694 0.349264705882353
"Potamochoerus porcus" 10 80 180 NA NA 0.344444444444444
"Potamochoerus porcus" 10 90 151 NA NA 0.364238410596026
"Potamochoerus porcus" 10 100 75 NA NA 0.24
"Potamochoerus porcus" 10 110 47 NA NA 0.319148936170213
"Potamochoerus porcus" 10 120 43 NA NA 0.325581395348837
"Potamochoerus porcus" 10 130 41 NA NA 0.317073170731707
"Potamochoerus porcus" 10 140 40 NA NA 0.325
"Potamochoerus porcus" 10 150 40 NA NA 0.325
"Potamochoerus porcus" 10 160 39 NA NA 0.333333333333333
"Potamochoerus porcus" 10 170 39 NA NA 0.333333333333333
"Potamochoerus porcus" 10 180 37 NA NA 0.351351351351351
"Potamochoerus porcus" 10 190 34 NA NA 0.323529411764706
"Potamochoerus porcus" 10 200 33 NA NA 0.333333333333333
"Potamochoerus porcus" 11 22 427 -1.43210040306481 0.152115089144644 0.126463700234192
"Potamochoerus porcus" 11 33 415 -2.02364154432696 0.0430070472032637 0.202409638554217
"Potamochoerus porcus" 11 44 403 -2.94991564212694 0.00317860704719714 0.250620347394541
"Potamochoerus porcus" 11 55 376 -3.08841822195441 0.00201225066938372 0.273936170212766
"Potamochoerus porcus" 11 66 320 -2.25105120129668 0.0243822946482812 0.328125
"Potamochoerus porcus" 11 77 211 NA NA 0.341232227488152
"Potamochoerus porcus" 11 88 158 NA NA 0.367088607594937
"Potamochoerus porcus" 11 99 75 NA NA 0.24
"Potamochoerus porcus" 11 110 47 NA NA 0.319148936170213
"Potamochoerus porcus" 11 121 43 NA NA 0.325581395348837
"Potamochoerus porcus" 11 132 41 NA NA 0.317073170731707
"Potamochoerus porcus" 11 143 40 NA NA 0.325
"Potamochoerus porcus" 11 154 39 NA NA 0.333333333333333
"Potamochoerus porcus" 11 165 39 NA NA 0.333333333333333
"Potamochoerus porcus" 11 176 37 NA NA 0.351351351351351
"Potamochoerus porcus" 11 187 34 NA NA 0.323529411764706
"Potamochoerus porcus" 11 198 33 NA NA 0.333333333333333
"Potamochoerus porcus" 12 24 425 -1.8058273219136 0.0709453163247067 0.143529411764706
"Potamochoerus porcus" 12 36 412 -2.61854935043105 0.00883045176815037 0.220873786407767
"Potamochoerus porcus" 12 48 397 -2.75805968749941 0.00581455798971458 0.269521410579345
"Potamochoerus porcus" 12 60 361 -2.87983264257051 0.00397886317362582 0.290858725761773
"Potamochoerus porcus" 12 72 249 -2.24705066348273 0.0246367894447982 0.34136546184739
"Potamochoerus porcus" 12 84 166 NA NA 0.367469879518072
"Potamochoerus porcus" 12 96 105 NA NA 0.314285714285714
"Potamochoerus porcus" 12 108 49 NA NA 0.306122448979592
"Potamochoerus porcus" 12 120 43 NA NA 0.325581395348837
"Potamochoerus porcus" 12 132 41 NA NA 0.317073170731707
"Potamochoerus porcus" 12 144 40 NA NA 0.325
"Potamochoerus porcus" 12 156 39 NA NA 0.333333333333333
"Potamochoerus porcus" 12 168 39 NA NA 0.333333333333333
"Potamochoerus porcus" 12 180 37 NA NA 0.351351351351351
"Potamochoerus porcus" 12 192 33 NA NA 0.333333333333333
"Potamochoerus porcus" 13 26 422 -1.95691069839262 0.0503579685214147 0.158767772511848
"Potamochoerus porcus" 13 39 409 -2.53755082237206 0.0111631158372376 0.227383863080685
"Potamochoerus porcus" 13 52 386 -3.17523634101081 0.00149714507873415 0.274611398963731
"Potamochoerus porcus" 13 65 327 -2.33691930971121 0.019443380102411 0.327217125382263
"Potamochoerus porcus" 13 78 209 NA NA 0.339712918660287
"Potamochoerus porcus" 13 91 150 NA NA 0.366666666666667
"Potamochoerus porcus" 13 104 75 NA NA 0.24
"Potamochoerus porcus" 13 117 43 NA NA 0.325581395348837
"Potamochoerus porcus" 13 130 41 NA NA 0.317073170731707
"Potamochoerus porcus" 13 143 40 NA NA 0.325
"Potamochoerus porcus" 13 156 39 NA NA 0.333333333333333
"Potamochoerus porcus" 13 169 39 NA NA 0.333333333333333
"Potamochoerus porcus" 13 182 37 NA NA 0.351351351351351
"Potamochoerus porcus" 13 195 33 NA NA 0.333333333333333
"Potamochoerus porcus" 14 28 422 -2.03296818261955 0.0420557376223951 0.175355450236967
"Potamochoerus porcus" 14 42 407 -2.94112712932898 0.00327020290202576 0.243243243243243
"Potamochoerus porcus" 14 56 373 -3.26483301216275 0.00109528627820327 0.278820375335121
"Potamochoerus porcus" 14 70 272 -2.41852048133365 0.0155837682337546 0.349264705882353
"Potamochoerus porcus" 14 84 166 NA NA 0.367469879518072
"Potamochoerus porcus" 14 98 75 NA NA 0.24
"Potamochoerus porcus" 14 112 45 NA NA 0.333333333333333
"Potamochoerus porcus" 14 126 43 NA NA 0.325581395348837
"Potamochoerus porcus" 14 140 40 NA NA 0.325
"Potamochoerus porcus" 14 154 39 NA NA 0.333333333333333
"Potamochoerus porcus" 14 168 39 NA NA 0.333333333333333
"Potamochoerus porcus" 14 182 37 NA NA 0.351351351351351
"Potamochoerus porcus" 14 196 33 NA NA 0.333333333333333
"Potamochoerus porcus" 15 30 420 -1.95722982898409 0.050320453289026 0.183333333333333
"Potamochoerus porcus" 15 45 402 -3.17129642745391 0.00151760194946245 0.256218905472637
"Potamochoerus porcus" 15 60 361 -3.03532233719187 0.00240278738492688 0.290858725761773
"Potamochoerus porcus" 15 75 218 NA NA 0.339449541284404
"Potamochoerus porcus" 15 90 151 NA NA 0.364238410596026
"Potamochoerus porcus" 15 105 73 NA NA 0.246575342465753
"Potamochoerus porcus" 15 120 43 NA NA 0.325581395348837
"Potamochoerus porcus" 15 135 41 NA NA 0.317073170731707
"Potamochoerus porcus" 15 150 40 NA NA 0.325
"Potamochoerus porcus" 15 165 39 NA NA 0.333333333333333
"Potamochoerus porcus" 15 180 37 NA NA 0.351351351351351
"Potamochoerus porcus" 15 195 33 NA NA 0.333333333333333
"Potamochoerus porcus" 16 32 419 -2.06392513405621 0.0390248152685956 0.195704057279236
"Potamochoerus porcus" 16 48 397 -2.77434955347162 0.00553122108500001 0.269521410579345
"Potamochoerus porcus" 16 64 341 -2.71212905551012 0.00668525591904255 0.316715542521994
"Potamochoerus porcus" 16 80 180 NA NA 0.344444444444444
"Potamochoerus porcus" 16 96 105 NA NA 0.314285714285714
"Potamochoerus porcus" 16 112 45 NA NA 0.333333333333333
"Potamochoerus porcus" 16 128 42 NA NA 0.333333333333333
"Potamochoerus porcus" 16 144 40 NA NA 0.325
"Potamochoerus porcus" 16 160 39 NA NA 0.333333333333333
"Potamochoerus porcus" 16 176 37 NA NA 0.351351351351351
"Potamochoerus porcus" 16 192 33 NA NA 0.333333333333333
"Potamochoerus porcus" 17 34 415 -2.36417245310943 0.0180703987100061 0.209638554216867
"Potamochoerus porcus" 17 51 388 -3.05735580404025 0.00223299047765239 0.278350515463918
"Potamochoerus porcus" 17 68 296 -2.38816157911796 0.0169328953236704 0.334459459459459
"Potamochoerus porcus" 17 85 166 NA NA 0.373493975903614
"Potamochoerus porcus" 17 102 75 NA NA 0.24
"Potamochoerus porcus" 17 119 43 NA NA 0.325581395348837
"Potamochoerus porcus" 17 136 41 NA NA 0.317073170731707
"Potamochoerus porcus" 17 153 40 NA NA 0.325
"Potamochoerus porcus" 17 170 39 NA NA 0.333333333333333
"Potamochoerus porcus" 17 187 34 NA NA 0.323529411764706
"Potamochoerus porcus" 18 36 412 -2.59697505444297 0.00940487540436496 0.220873786407767
"Potamochoerus porcus" 18 54 381 -3.39996330325224 0.000673948973867853 0.278215223097113
"Potamochoerus porcus" 18 72 249 -2.35907296200192 0.0183206532929357 0.34136546184739
"Potamochoerus porcus" 18 90 151 NA NA 0.364238410596026
"Potamochoerus porcus" 18 108 49 NA NA 0.306122448979592
"Potamochoerus porcus" 18 126 43 NA NA 0.325581395348837
"Potamochoerus porcus" 18 144 40 NA NA 0.325
"Potamochoerus porcus" 18 162 39 NA NA 0.333333333333333
"Potamochoerus porcus" 18 180 37 NA NA 0.351351351351351
"Potamochoerus porcus" 18 198 33 NA NA 0.333333333333333
"Potamochoerus porcus" 19 38 410 -2.56577664665774 0.0102945092884337 0.226829268292683
"Potamochoerus porcus" 19 57 370 -3.12618311054453 0.00177091247292677 0.272972972972973
"Potamochoerus porcus" 19 76 216 NA NA 0.342592592592593
"Potamochoerus porcus" 19 95 127 NA NA 0.330708661417323
"Potamochoerus porcus" 19 114 45 NA NA 0.333333333333333
"Potamochoerus porcus" 19 133 41 NA NA 0.317073170731707
"Potamochoerus porcus" 19 152 40 NA NA 0.325
"Potamochoerus porcus" 19 171 39 NA NA 0.333333333333333
"Potamochoerus porcus" 19 190 34 NA NA 0.323529411764706
"Potamochoerus porcus" 20 40 408 -2.83772893219062 0.00454357507334865 0.237745098039216
"Potamochoerus porcus" 20 60 361 -3.1057905661609 0.00189771071814163 0.290858725761773
"Potamochoerus porcus" 20 80 180 NA NA 0.344444444444444
"Potamochoerus porcus" 20 100 75 NA NA 0.24
"Potamochoerus porcus" 20 120 43 NA NA 0.325581395348837
"Potamochoerus porcus" 20 140 40 NA NA 0.325
"Potamochoerus porcus" 20 160 39 NA NA 0.333333333333333
"Potamochoerus porcus" 20 180 37 NA NA 0.351351351351351
"Potamochoerus porcus" 20 200 33 NA NA 0.333333333333333
"Potamochoerus porcus" 21 42 407 -2.92915601679887 0.00339883775939135 0.243243243243243
"Potamochoerus porcus" 21 63 349 -2.94289475328255 0.00325158940471828 0.306590257879656
"Potamochoerus porcus" 21 84 166 NA NA 0.367469879518072
"Potamochoerus porcus" 21 105 73 NA NA 0.246575342465753
"Potamochoerus porcus" 21 126 43 NA NA 0.325581395348837
"Potamochoerus porcus" 21 147 40 NA NA 0.325
"Potamochoerus porcus" 21 168 39 NA NA 0.333333333333333
"Potamochoerus porcus" 21 189 34 NA NA 0.323529411764706
"Potamochoerus porcus" 22 44 403 -3.19331165384894 0.00140651057552405 0.250620347394541
"Potamochoerus porcus" 22 66 320 -2.47368948328257 0.0133725869462416 0.328125
"Potamochoerus porcus" 22 88 158 NA NA 0.367088607594937
"Potamochoerus porcus" 22 110 47 NA NA 0.319148936170213
"Potamochoerus porcus" 22 132 41 NA NA 0.317073170731707
"Potamochoerus porcus" 22 154 39 NA NA 0.333333333333333
"Potamochoerus porcus" 22 176 37 NA NA 0.351351351351351
"Potamochoerus porcus" 22 198 33 NA NA 0.333333333333333
"Potamochoerus porcus" 23 46 401 -2.96572282776684 0.00301972502829526 0.259351620947631
"Potamochoerus porcus" 23 69 283 -2.51801186105515 0.0118019346653237 0.332155477031802
"Potamochoerus porcus" 23 92 146 NA NA 0.356164383561644
"Potamochoerus porcus" 23 115 44 NA NA 0.318181818181818
"Potamochoerus porcus" 23 138 41 NA NA 0.317073170731707
"Potamochoerus porcus" 23 161 39 NA NA 0.333333333333333
"Potamochoerus porcus" 23 184 36 NA NA 0.333333333333333
"Potamochoerus porcus" 24 48 397 -2.86231064134402 0.00420564483209185 0.269521410579345
"Potamochoerus porcus" 24 72 249 -2.30774739825707 0.0210131901420662 0.34136546184739
"Potamochoerus porcus" 24 96 105 NA NA 0.314285714285714
"Potamochoerus porcus" 24 120 43 NA NA 0.325581395348837
"Potamochoerus porcus" 24 144 40 NA NA 0.325
"Potamochoerus porcus" 24 168 39 NA NA 0.333333333333333
"Potamochoerus porcus" 24 192 33 NA NA 0.333333333333333
"Potamochoerus porcus" 25 50 391 -3.16664617292759 0.00154207822928478 0.273657289002558
"Potamochoerus porcus" 25 75 218 NA NA 0.339449541284404
"Potamochoerus porcus" 25 100 75 NA NA 0.24
"Potamochoerus porcus" 25 125 43 NA NA 0.325581395348837
"Potamochoerus porcus" 25 150 40 NA NA 0.325
"Potamochoerus porcus" 25 175 37 NA NA 0.351351351351351
"Potamochoerus porcus" 25 200 33 NA NA 0.333333333333333
"Potamochoerus porcus" 26 52 386 -3.26659621301515 0.00108848813146686 0.274611398963731
"Potamochoerus porcus" 26 78 209 NA NA 0.339712918660287
"Potamochoerus porcus" 26 104 75 NA NA 0.24
"Potamochoerus porcus" 26 130 41 NA NA 0.317073170731707
"Potamochoerus porcus" 26 156 39 NA NA 0.333333333333333
"Potamochoerus porcus" 26 182 37 NA NA 0.351351351351351
"Potamochoerus porcus" 27 54 381 -3.43245378984671 0.00059814580455132 0.278215223097113
"Potamochoerus porcus" 27 81 176 NA NA 0.352272727272727
"Potamochoerus porcus" 27 108 49 NA NA 0.306122448979592
"Potamochoerus porcus" 27 135 41 NA NA 0.317073170731707
"Potamochoerus porcus" 27 162 39 NA NA 0.333333333333333
"Potamochoerus porcus" 27 189 34 NA NA 0.323529411764706
"Potamochoerus porcus" 28 56 373 -3.20231084610477 0.00136329800285651 0.278820375335121
"Potamochoerus porcus" 28 84 166 NA NA 0.367469879518072
"Potamochoerus porcus" 28 112 45 NA NA 0.333333333333333
"Potamochoerus porcus" 28 140 40 NA NA 0.325
"Potamochoerus porcus" 28 168 39 NA NA 0.333333333333333
"Potamochoerus porcus" 28 196 33 NA NA 0.333333333333333
"Potamochoerus porcus" 29 58 366 -3.02269525476696 0.00250534400099535 0.275956284153005
"Potamochoerus porcus" 29 87 163 NA NA 0.368098159509202
"Potamochoerus porcus" 29 116 44 NA NA 0.340909090909091
"Potamochoerus porcus" 29 145 40 NA NA 0.325
"Potamochoerus porcus" 29 174 38 NA NA 0.342105263157895
"Potamochoerus porcus" 30 60 361 -3.01467844595235 0.00257251831480193 0.290858725761773
"Potamochoerus porcus" 30 90 151 NA NA 0.364238410596026
"Potamochoerus porcus" 30 120 43 NA NA 0.325581395348837
"Potamochoerus porcus" 30 150 40 NA NA 0.325
"Potamochoerus porcus" 30 180 37 NA NA 0.351351351351351
"Potamochoerus porcus" 31 62 351 -3.05338798308856 0.00226273181046433 0.304843304843305
"Potamochoerus porcus" 31 93 142 NA NA 0.352112676056338
"Potamochoerus porcus" 31 124 43 NA NA 0.325581395348837
"Potamochoerus porcus" 31 155 39 NA NA 0.333333333333333
"Potamochoerus porcus" 31 186 35 NA NA 0.314285714285714
"Potamochoerus porcus" 32 64 341 -2.70664271623056 0.00679673613888175 0.316715542521994
"Potamochoerus porcus" 32 96 105 NA NA 0.314285714285714
"Potamochoerus porcus" 32 128 42 NA NA 0.333333333333333
"Potamochoerus porcus" 32 160 39 NA NA 0.333333333333333
"Potamochoerus porcus" 32 192 33 NA NA 0.333333333333333
"Potamochoerus porcus" 33 66 320 -2.37257028232278 0.0176648020376461 0.328125
"Potamochoerus porcus" 33 99 75 NA NA 0.24
"Potamochoerus porcus" 33 132 41 NA NA 0.317073170731707
"Potamochoerus porcus" 33 165 39 NA NA 0.333333333333333
"Potamochoerus porcus" 33 198 33 NA NA 0.333333333333333
"Potamochoerus porcus" 34 68 296 -2.47111745505148 0.0134691571902834 0.334459459459459
"Potamochoerus porcus" 34 102 75 NA NA 0.24
"Potamochoerus porcus" 34 136 41 NA NA 0.317073170731707
"Potamochoerus porcus" 34 170 39 NA NA 0.333333333333333
"Potamochoerus porcus" 35 70 272 -2.35855555824882 0.0183462133245112 0.349264705882353
"Potamochoerus porcus" 35 105 73 NA NA 0.246575342465753
"Potamochoerus porcus" 35 140 40 NA NA 0.325
"Potamochoerus porcus" 35 175 37 NA NA 0.351351351351351
"Potamochoerus porcus" 36 72 249 -2.1387363518753 0.0324570267804476 0.34136546184739
"Potamochoerus porcus" 36 108 49 NA NA 0.306122448979592
"Potamochoerus porcus" 36 144 40 NA NA 0.325
"Potamochoerus porcus" 36 180 37 NA NA 0.351351351351351
"Potamochoerus porcus" 37 74 225 NA NA 0.337777777777778
"Potamochoerus porcus" 37 111 45 NA NA 0.333333333333333
"Potamochoerus porcus" 37 148 40 NA NA 0.325
"Potamochoerus porcus" 37 185 35 NA NA 0.314285714285714
"Potamochoerus porcus" 38 76 216 NA NA 0.342592592592593
"Potamochoerus porcus" 38 114 45 NA NA 0.333333333333333
"Potamochoerus porcus" 38 152 40 NA NA 0.325
"Potamochoerus porcus" 38 190 34 NA NA 0.323529411764706
"Potamochoerus porcus" 39 78 209 NA NA 0.339712918660287
"Potamochoerus porcus" 39 117 43 NA NA 0.325581395348837
"Potamochoerus porcus" 39 156 39 NA NA 0.333333333333333
"Potamochoerus porcus" 39 195 33 NA NA 0.333333333333333
"Potamochoerus porcus" 40 80 180 NA NA 0.344444444444444
"Potamochoerus porcus" 40 120 43 NA NA 0.325581395348837
"Potamochoerus porcus" 40 160 39 NA NA 0.333333333333333
"Potamochoerus porcus" 40 200 33 NA NA 0.333333333333333
"Potamochoerus porcus" 41 82 170 NA NA 0.352941176470588
"Potamochoerus porcus" 41 123 43 NA NA 0.325581395348837
"Potamochoerus porcus" 41 164 39 NA NA 0.333333333333333
"Potamochoerus porcus" 42 84 166 NA NA 0.367469879518072
"Potamochoerus porcus" 42 126 43 NA NA 0.325581395348837
"Potamochoerus porcus" 42 168 39 NA NA 0.333333333333333
"Potamochoerus porcus" 43 86 165 NA NA 0.36969696969697
"Potamochoerus porcus" 43 129 42 NA NA 0.333333333333333
"Potamochoerus porcus" 43 172 39 NA NA 0.333333333333333
"Potamochoerus porcus" 44 88 158 NA NA 0.367088607594937
"Potamochoerus porcus" 44 132 41 NA NA 0.317073170731707
"Potamochoerus porcus" 44 176 37 NA NA 0.351351351351351
"Potamochoerus porcus" 45 90 151 NA NA 0.364238410596026
"Potamochoerus porcus" 45 135 41 NA NA 0.317073170731707
"Potamochoerus porcus" 45 180 37 NA NA 0.351351351351351
"Potamochoerus porcus" 46 92 146 NA NA 0.356164383561644
"Potamochoerus porcus" 46 138 41 NA NA 0.317073170731707
"Potamochoerus porcus" 46 184 36 NA NA 0.333333333333333
"Potamochoerus porcus" 47 94 142 NA NA 0.352112676056338
"Potamochoerus porcus" 47 141 40 NA NA 0.325
"Potamochoerus porcus" 47 188 34 NA NA 0.323529411764706
"Potamochoerus porcus" 48 96 105 NA NA 0.314285714285714
"Potamochoerus porcus" 48 144 40 NA NA 0.325
"Potamochoerus porcus" 48 192 33 NA NA 0.333333333333333
"Potamochoerus porcus" 49 98 75 NA NA 0.24
"Potamochoerus porcus" 49 147 40 NA NA 0.325
"Potamochoerus porcus" 49 196 33 NA NA 0.333333333333333
"Potamochoerus porcus" 50 100 75 NA NA 0.24
"Potamochoerus porcus" 50 150 40 NA NA 0.325
"Potamochoerus porcus" 50 200 33 NA NA 0.333333333333333
"Potamochoerus porcus" 51 102 75 NA NA 0.24
"Potamochoerus porcus" 51 153 40 NA NA 0.325
"Potamochoerus porcus" 52 104 75 NA NA 0.24
"Potamochoerus porcus" 52 156 39 NA NA 0.333333333333333
"Potamochoerus porcus" 53 106 61 NA NA 0.295081967213115
"Potamochoerus porcus" 53 159 39 NA NA 0.333333333333333
"Potamochoerus porcus" 54 108 49 NA NA 0.306122448979592
"Potamochoerus porcus" 54 162 39 NA NA 0.333333333333333
"Potamochoerus porcus" 55 110 47 NA NA 0.319148936170213
"Potamochoerus porcus" 55 165 39 NA NA 0.333333333333333
"Potamochoerus porcus" 56 112 45 NA NA 0.333333333333333
"Potamochoerus porcus" 56 168 39 NA NA 0.333333333333333
"Potamochoerus porcus" 57 114 45 NA NA 0.333333333333333
"Potamochoerus porcus" 57 171 39 NA NA 0.333333333333333
"Potamochoerus porcus" 58 116 44 NA NA 0.340909090909091
"Potamochoerus porcus" 58 174 38 NA NA 0.342105263157895
"Potamochoerus porcus" 59 118 43 NA NA 0.325581395348837
"Potamochoerus porcus" 59 177 37 NA NA 0.351351351351351
"Potamochoerus porcus" 60 120 43 NA NA 0.325581395348837
"Potamochoerus porcus" 60 180 37 NA NA 0.351351351351351
"Potamochoerus porcus" 61 122 43 NA NA 0.325581395348837
"Potamochoerus porcus" 61 183 37 NA NA 0.351351351351351
"Potamochoerus porcus" 62 124 43 NA NA 0.325581395348837
"Potamochoerus porcus" 62 186 35 NA NA 0.314285714285714
"Potamochoerus porcus" 63 126 43 NA NA 0.325581395348837
"Potamochoerus porcus" 63 189 34 NA NA 0.323529411764706
"Potamochoerus porcus" 64 128 42 NA NA 0.333333333333333
"Potamochoerus porcus" 64 192 33 NA NA 0.333333333333333
"Potamochoerus porcus" 65 130 41 NA NA 0.317073170731707
"Potamochoerus porcus" 65 195 33 NA NA 0.333333333333333
"Potamochoerus porcus" 66 132 41 NA NA 0.317073170731707
"Potamochoerus porcus" 66 198 33 NA NA 0.333333333333333
"Potamochoerus porcus" 67 134 41 NA NA 0.317073170731707
"Potamochoerus porcus" 68 136 41 NA NA 0.317073170731707
"Potamochoerus porcus" 69 138 41 NA NA 0.317073170731707
"Potamochoerus porcus" 70 140 40 NA NA 0.325
"Potamochoerus porcus" 71 142 40 NA NA 0.325
"Potamochoerus porcus" 72 144 40 NA NA 0.325
"Potamochoerus porcus" 73 146 40 NA NA 0.325
"Potamochoerus porcus" 74 148 40 NA NA 0.325
"Potamochoerus porcus" 75 150 40 NA NA 0.325
"Potamochoerus porcus" 76 152 40 NA NA 0.325
"Potamochoerus porcus" 77 154 39 NA NA 0.333333333333333
"Potamochoerus porcus" 78 156 39 NA NA 0.333333333333333
"Potamochoerus porcus" 79 158 39 NA NA 0.333333333333333
"Potamochoerus porcus" 80 160 39 NA NA 0.333333333333333
"Potamochoerus porcus" 81 162 39 NA NA 0.333333333333333
"Potamochoerus porcus" 82 164 39 NA NA 0.333333333333333
"Potamochoerus porcus" 83 166 39 NA NA 0.333333333333333
"Potamochoerus porcus" 84 168 39 NA NA 0.333333333333333
"Potamochoerus porcus" 85 170 39 NA NA 0.333333333333333
"Potamochoerus porcus" 86 172 39 NA NA 0.333333333333333
"Potamochoerus porcus" 87 174 38 NA NA 0.342105263157895
"Potamochoerus porcus" 88 176 37 NA NA 0.351351351351351
"Potamochoerus porcus" 89 178 37 NA NA 0.351351351351351
"Potamochoerus porcus" 90 180 37 NA NA 0.351351351351351
"Potamochoerus porcus" 91 182 37 NA NA 0.351351351351351
"Potamochoerus porcus" 92 184 36 NA NA 0.333333333333333
"Potamochoerus porcus" 93 186 35 NA NA 0.314285714285714
"Potamochoerus porcus" 94 188 34 NA NA 0.323529411764706
"Potamochoerus porcus" 95 190 34 NA NA 0.323529411764706
"Potamochoerus porcus" 96 192 33 NA NA 0.333333333333333
"Potamochoerus porcus" 97 194 33 NA NA 0.333333333333333
"Potamochoerus porcus" 98 196 33 NA NA 0.333333333333333
"Potamochoerus porcus" 99 198 33 NA NA 0.333333333333333
"Potamochoerus porcus" 100 200 33 NA NA 0.333333333333333
