"species" "time_interval" "study_duration" "n_cams" "z" "P" "p_presence"
"Protoxerus stangeri" 1 2 454 NA NA 0.0176211453744493
"Protoxerus stangeri" 1 3 454 NA NA 0.0198237885462555
"Protoxerus stangeri" 1 4 452 -1.08343464000083 0.278615547160907 0.0376106194690266
"Protoxerus stangeri" 1 5 450 -1.90433017817682 0.0568671962795427 0.0466666666666667
"Protoxerus stangeri" 1 6 449 -2.35175948639687 0.0186848520983093 0.0534521158129176
"Protoxerus stangeri" 1 7 447 -2.8541601026815 0.00431507789545926 0.0604026845637584
"Protoxerus stangeri" 1 8 447 -2.85120884530926 0.00435533528065168 0.0604026845637584
"Protoxerus stangeri" 1 9 447 -2.8761986971515 0.0040249625667692 0.0604026845637584
"Protoxerus stangeri" 1 10 445 -2.88871948320201 0.00386813975042731 0.0606741573033708
"Protoxerus stangeri" 1 11 440 -3.13591797585294 0.00171317111230074 0.0659090909090909
"Protoxerus stangeri" 1 12 439 -3.06262269213101 0.00219406510905789 0.0660592255125285
"Protoxerus stangeri" 1 13 438 -3.27698873037111 0.00104920557079484 0.0753424657534247
"Protoxerus stangeri" 1 14 436 -3.38115094303468 0.000721828788099935 0.0779816513761468
"Protoxerus stangeri" 1 15 436 -3.35858646251003 0.000783422087375317 0.0779816513761468
"Protoxerus stangeri" 1 16 435 -3.61575897666869 0.000299468915272846 0.0827586206896552
"Protoxerus stangeri" 1 17 435 -3.7431619815433 0.000181719001186439 0.0850574712643678
"Protoxerus stangeri" 1 18 434 -3.61316782073957 0.000302478790279647 0.0875576036866359
"Protoxerus stangeri" 1 19 432 -3.62564372448538 0.00028824252776202 0.0902777777777778
"Protoxerus stangeri" 1 20 430 -3.62469284566285 0.000289305079367555 0.0906976744186047
"Protoxerus stangeri" 1 21 429 -3.13933313216249 0.00169332824863463 0.102564102564103
"Protoxerus stangeri" 1 22 427 -3.14692483252661 0.0016499737296337 0.103044496487119
"Protoxerus stangeri" 1 23 426 -3.19162538311908 0.00141474692166894 0.103286384976526
"Protoxerus stangeri" 1 24 425 -3.35671493902356 0.000788743874163277 0.105882352941176
"Protoxerus stangeri" 1 25 423 -3.38888970681307 0.000701762309738114 0.106382978723404
"Protoxerus stangeri" 1 26 422 -3.40626221351035 0.000658588926075267 0.106635071090047
"Protoxerus stangeri" 1 27 422 -3.29680916097534 0.000977899226273915 0.109004739336493
"Protoxerus stangeri" 1 28 422 -3.30297160046215 0.000956660758998309 0.113744075829384
"Protoxerus stangeri" 1 29 422 -3.22593490190063 0.00125561912274735 0.118483412322275
"Protoxerus stangeri" 1 30 420 -3.15713882226405 0.00159325475696638 0.116666666666667
"Protoxerus stangeri" 1 31 419 -3.02950990827693 0.00244950868819582 0.124105011933174
"Protoxerus stangeri" 1 32 419 -3.14481553277602 0.00166191585377208 0.126491646778043
"Protoxerus stangeri" 1 33 415 -3.15414398048654 0.00160969648257794 0.127710843373494
"Protoxerus stangeri" 1 34 415 -3.29095065921914 0.000998494249979605 0.130120481927711
"Protoxerus stangeri" 1 35 413 -3.38184144151447 0.0007200169091935 0.130750605326877
"Protoxerus stangeri" 1 36 412 -3.58846142193435 0.000332635201221803 0.135922330097087
"Protoxerus stangeri" 1 37 410 -3.6371033472297 0.000275721323827657 0.136585365853659
"Protoxerus stangeri" 1 38 410 -3.62467724616149 0.000289322541453887 0.136585365853659
"Protoxerus stangeri" 1 39 409 -3.59949834395327 0.000318831663595446 0.136919315403423
"Protoxerus stangeri" 1 40 408 -3.53987215958212 0.000400320899131639 0.137254901960784
"Protoxerus stangeri" 1 41 407 -3.64893054189961 0.000263334284225601 0.14004914004914
"Protoxerus stangeri" 1 42 407 -3.65974735950028 0.000252464034456785 0.142506142506143
"Protoxerus stangeri" 1 43 405 -3.75741486140261 0.00017167774859809 0.145679012345679
"Protoxerus stangeri" 1 44 403 -3.79766754835627 0.000146064044145799 0.146401985111663
"Protoxerus stangeri" 1 45 402 -3.75969926863553 0.000170117729990525 0.144278606965174
"Protoxerus stangeri" 1 46 401 -3.74129655031284 0.000183073346428862 0.144638403990025
"Protoxerus stangeri" 1 47 398 -3.72922640988906 0.000192068519027424 0.14572864321608
"Protoxerus stangeri" 1 48 397 -3.74557446957161 0.000179981446153851 0.146095717884131
"Protoxerus stangeri" 1 49 395 -3.90179438136049 9.54822498207574e-05 0.149367088607595
"Protoxerus stangeri" 1 50 391 -4.00119348797123 6.30237955189109e-05 0.150895140664962
"Protoxerus stangeri" 1 51 388 -4.49605754325058 6.92250093158348e-06 0.152061855670103
"Protoxerus stangeri" 1 52 386 -4.52966426004238 5.90774894235128e-06 0.152849740932642
"Protoxerus stangeri" 1 53 382 -4.64202565686946 3.450100069445e-06 0.154450261780105
"Protoxerus stangeri" 1 54 381 -4.62433389802966 3.75804088417675e-06 0.154855643044619
"Protoxerus stangeri" 1 55 376 -4.74034793513847 2.13351525655371e-06 0.154255319148936
"Protoxerus stangeri" 1 56 373 -4.70078023567123 2.59169318233048e-06 0.155495978552279
"Protoxerus stangeri" 1 57 370 -4.87022336139009 1.11472166790418e-06 0.156756756756757
"Protoxerus stangeri" 1 58 366 NA NA 0.155737704918033
"Protoxerus stangeri" 1 59 364 -4.94795564352053 7.49969931418353e-07 0.156593406593407
"Protoxerus stangeri" 1 60 361 -4.90663586898388 9.26518134608748e-07 0.157894736842105
"Protoxerus stangeri" 1 61 356 NA NA 0.160112359550562
"Protoxerus stangeri" 1 62 351 -4.61505072937805 3.92999310393395e-06 0.15954415954416
"Protoxerus stangeri" 1 63 349 NA NA 0.160458452722063
"Protoxerus stangeri" 1 64 341 -4.43851643234431 9.05810699563588e-06 0.164222873900293
"Protoxerus stangeri" 1 65 327 -4.26200295715632 2.02602761653914e-05 0.168195718654434
"Protoxerus stangeri" 1 66 320 -4.2587315980797 2.05590143942547e-05 0.171875
"Protoxerus stangeri" 1 67 304 -4.23805619312614 2.25463344898151e-05 0.180921052631579
"Protoxerus stangeri" 1 68 296 -4.16471231890418 3.11745399147041e-05 0.182432432432432
"Protoxerus stangeri" 1 69 283 -4.36714122547826 1.25883337366499e-05 0.190812720848057
"Protoxerus stangeri" 1 70 272 -4.41010266631839 1.03321622258296e-05 0.198529411764706
"Protoxerus stangeri" 1 71 268 -4.28571668072475 1.82151008913437e-05 0.194029850746269
"Protoxerus stangeri" 1 72 249 -4.28857797064126 1.79820675403169e-05 0.196787148594378
"Protoxerus stangeri" 1 73 231 NA NA 0.212121212121212
"Protoxerus stangeri" 1 74 225 NA NA 0.217777777777778
"Protoxerus stangeri" 1 75 218 NA NA 0.224770642201835
"Protoxerus stangeri" 1 76 216 NA NA 0.226851851851852
"Protoxerus stangeri" 1 77 211 NA NA 0.227488151658768
"Protoxerus stangeri" 1 78 209 NA NA 0.229665071770335
"Protoxerus stangeri" 1 79 195 NA NA 0.205128205128205
"Protoxerus stangeri" 1 80 180 NA NA 0.2
"Protoxerus stangeri" 1 81 176 NA NA 0.198863636363636
"Protoxerus stangeri" 1 82 170 NA NA 0.2
"Protoxerus stangeri" 1 83 166 NA NA 0.204819277108434
"Protoxerus stangeri" 1 84 166 NA NA 0.204819277108434
"Protoxerus stangeri" 1 85 166 NA NA 0.204819277108434
"Protoxerus stangeri" 1 86 165 NA NA 0.206060606060606
"Protoxerus stangeri" 1 87 163 NA NA 0.202453987730061
"Protoxerus stangeri" 1 88 158 NA NA 0.183544303797468
"Protoxerus stangeri" 1 89 153 NA NA 0.189542483660131
"Protoxerus stangeri" 1 90 151 NA NA 0.185430463576159
"Protoxerus stangeri" 1 91 150 NA NA 0.186666666666667
"Protoxerus stangeri" 1 92 146 NA NA 0.184931506849315
"Protoxerus stangeri" 1 93 142 NA NA 0.183098591549296
"Protoxerus stangeri" 1 94 142 NA NA 0.183098591549296
"Protoxerus stangeri" 1 95 127 NA NA 0.188976377952756
"Protoxerus stangeri" 1 96 105 NA NA 0.161904761904762
"Protoxerus stangeri" 1 97 89 NA NA 0.157303370786517
"Protoxerus stangeri" 1 98 75 NA NA 0.133333333333333
"Protoxerus stangeri" 1 99 75 NA NA 0.133333333333333
"Protoxerus stangeri" 1 100 75 NA NA 0.133333333333333
"Protoxerus stangeri" 1 101 75 NA NA 0.133333333333333
"Protoxerus stangeri" 1 102 75 NA NA 0.133333333333333
"Protoxerus stangeri" 1 103 75 NA NA 0.133333333333333
"Protoxerus stangeri" 1 104 75 NA NA 0.133333333333333
"Protoxerus stangeri" 1 105 73 NA NA 0.123287671232877
"Protoxerus stangeri" 1 106 61 NA NA 0.131147540983607
"Protoxerus stangeri" 1 107 56 NA NA 0.142857142857143
"Protoxerus stangeri" 1 108 49 NA NA 0.122448979591837
"Protoxerus stangeri" 1 109 48 NA NA 0.125
"Protoxerus stangeri" 1 110 47 NA NA 0.127659574468085
"Protoxerus stangeri" 1 111 45 NA NA 0.111111111111111
"Protoxerus stangeri" 1 112 45 NA NA 0.111111111111111
"Protoxerus stangeri" 1 113 45 NA NA 0.111111111111111
"Protoxerus stangeri" 1 114 45 NA NA 0.111111111111111
"Protoxerus stangeri" 1 115 44 NA NA 0.113636363636364
"Protoxerus stangeri" 1 116 44 NA NA 0.113636363636364
"Protoxerus stangeri" 1 117 43 NA NA 0.116279069767442
"Protoxerus stangeri" 1 118 43 NA NA 0.116279069767442
"Protoxerus stangeri" 1 119 43 NA NA 0.116279069767442
"Protoxerus stangeri" 1 120 43 NA NA 0.116279069767442
"Protoxerus stangeri" 1 121 43 NA NA 0.116279069767442
"Protoxerus stangeri" 1 122 43 NA NA 0.116279069767442
"Protoxerus stangeri" 1 123 43 NA NA 0.116279069767442
"Protoxerus stangeri" 1 124 43 NA NA 0.116279069767442
"Protoxerus stangeri" 1 125 43 NA NA 0.116279069767442
"Protoxerus stangeri" 1 126 43 NA NA 0.116279069767442
"Protoxerus stangeri" 1 127 43 NA NA 0.13953488372093
"Protoxerus stangeri" 1 128 42 NA NA 0.119047619047619
"Protoxerus stangeri" 1 129 42 NA NA 0.119047619047619
"Protoxerus stangeri" 1 130 41 NA NA 0.0975609756097561
"Protoxerus stangeri" 1 131 41 NA NA 0.0975609756097561
"Protoxerus stangeri" 1 132 41 NA NA 0.0975609756097561
"Protoxerus stangeri" 1 133 41 NA NA 0.0975609756097561
"Protoxerus stangeri" 1 134 41 NA NA 0.0975609756097561
"Protoxerus stangeri" 1 135 41 NA NA 0.0975609756097561
"Protoxerus stangeri" 1 136 41 NA NA 0.0975609756097561
"Protoxerus stangeri" 1 137 41 NA NA 0.0975609756097561
"Protoxerus stangeri" 1 138 41 NA NA 0.0975609756097561
"Protoxerus stangeri" 1 139 40 NA NA 0.1
"Protoxerus stangeri" 1 140 40 NA NA 0.1
"Protoxerus stangeri" 1 141 40 NA NA 0.1
"Protoxerus stangeri" 1 142 40 NA NA 0.1
"Protoxerus stangeri" 1 143 40 NA NA 0.1
"Protoxerus stangeri" 1 144 40 NA NA 0.1
"Protoxerus stangeri" 1 145 40 NA NA 0.1
"Protoxerus stangeri" 1 146 40 NA NA 0.1
"Protoxerus stangeri" 1 147 40 NA NA 0.1
"Protoxerus stangeri" 1 148 40 NA NA 0.1
"Protoxerus stangeri" 1 149 40 NA NA 0.1
"Protoxerus stangeri" 1 150 40 NA NA 0.1
"Protoxerus stangeri" 1 151 40 NA NA 0.1
"Protoxerus stangeri" 1 152 40 NA NA 0.1
"Protoxerus stangeri" 1 153 40 NA NA 0.1
"Protoxerus stangeri" 1 154 39 NA NA 0.102564102564103
"Protoxerus stangeri" 1 155 39 NA NA 0.102564102564103
"Protoxerus stangeri" 1 156 39 NA NA 0.102564102564103
"Protoxerus stangeri" 1 157 39 NA NA 0.102564102564103
"Protoxerus stangeri" 1 158 39 NA NA 0.102564102564103
"Protoxerus stangeri" 1 159 39 NA NA 0.102564102564103
"Protoxerus stangeri" 1 160 39 NA NA 0.102564102564103
"Protoxerus stangeri" 1 161 39 NA NA 0.102564102564103
"Protoxerus stangeri" 1 162 39 NA NA 0.102564102564103
"Protoxerus stangeri" 1 163 39 NA NA 0.102564102564103
"Protoxerus stangeri" 1 164 39 NA NA 0.102564102564103
"Protoxerus stangeri" 1 165 39 NA NA 0.102564102564103
"Protoxerus stangeri" 1 166 39 NA NA 0.102564102564103
"Protoxerus stangeri" 1 167 39 NA NA 0.102564102564103
"Protoxerus stangeri" 1 168 39 NA NA 0.102564102564103
"Protoxerus stangeri" 1 169 39 NA NA 0.102564102564103
"Protoxerus stangeri" 1 170 39 NA NA 0.102564102564103
"Protoxerus stangeri" 1 171 39 NA NA 0.102564102564103
"Protoxerus stangeri" 1 172 39 NA NA 0.102564102564103
"Protoxerus stangeri" 1 173 38 NA NA 0.105263157894737
"Protoxerus stangeri" 1 174 38 NA NA 0.105263157894737
"Protoxerus stangeri" 1 175 37 NA NA 0.0810810810810811
"Protoxerus stangeri" 1 176 37 NA NA 0.0810810810810811
"Protoxerus stangeri" 1 177 37 NA NA 0.0810810810810811
"Protoxerus stangeri" 1 178 37 NA NA 0.0810810810810811
"Protoxerus stangeri" 1 179 37 NA NA 0.0810810810810811
"Protoxerus stangeri" 1 180 37 NA NA 0.0810810810810811
"Protoxerus stangeri" 1 181 37 NA NA 0.0810810810810811
"Protoxerus stangeri" 1 182 37 NA NA 0.0810810810810811
"Protoxerus stangeri" 1 183 37 NA NA 0.0810810810810811
"Protoxerus stangeri" 1 184 36 NA NA 0.0833333333333333
"Protoxerus stangeri" 1 185 35 NA NA 0.0857142857142857
"Protoxerus stangeri" 1 186 35 NA NA 0.0857142857142857
"Protoxerus stangeri" 1 187 34 NA NA 0.0882352941176471
"Protoxerus stangeri" 1 188 34 NA NA 0.0882352941176471
"Protoxerus stangeri" 1 189 34 NA NA 0.0882352941176471
"Protoxerus stangeri" 1 190 34 NA NA 0.0882352941176471
"Protoxerus stangeri" 1 191 33 NA NA 0.0909090909090909
"Protoxerus stangeri" 1 192 33 NA NA 0.0909090909090909
"Protoxerus stangeri" 1 193 33 NA NA 0.0909090909090909
"Protoxerus stangeri" 1 194 33 NA NA 0.0909090909090909
"Protoxerus stangeri" 1 195 33 NA NA 0.0909090909090909
"Protoxerus stangeri" 1 196 33 NA NA 0.0909090909090909
"Protoxerus stangeri" 1 197 33 NA NA 0.0909090909090909
"Protoxerus stangeri" 1 198 33 NA NA 0.0909090909090909
"Protoxerus stangeri" 1 199 33 NA NA 0.0909090909090909
"Protoxerus stangeri" 1 200 33 NA NA 0.0909090909090909
"Protoxerus stangeri" 2 4 452 -1.15186941174721 0.249374739407791 0.0376106194690266
"Protoxerus stangeri" 2 6 449 -2.45146730217283 0.0142275112175828 0.0534521158129176
"Protoxerus stangeri" 2 8 447 -2.91376090082977 0.00357103298841623 0.0604026845637584
"Protoxerus stangeri" 2 10 445 -3.00152333660942 0.00268632448068828 0.0606741573033708
"Protoxerus stangeri" 2 12 439 -3.2109917621666 0.00132277726698875 0.0660592255125285
"Protoxerus stangeri" 2 14 436 -3.5801867584699 0.000343348720043594 0.0779816513761468
"Protoxerus stangeri" 2 16 435 -3.73326422885209 0.000189014123915417 0.0827586206896552
"Protoxerus stangeri" 2 18 434 -3.72340996023099 0.000196549977444591 0.0875576036866359
"Protoxerus stangeri" 2 20 430 -3.74277595362311 0.000181998490863945 0.0906976744186047
"Protoxerus stangeri" 2 22 427 -3.29815849740764 0.000973211827418993 0.103044496487119
"Protoxerus stangeri" 2 24 425 -3.48245402586994 0.000496840524627068 0.105882352941176
"Protoxerus stangeri" 2 26 422 -3.57945067080044 0.000344317233528258 0.106635071090047
"Protoxerus stangeri" 2 28 422 -3.48649623859436 0.000489392265847866 0.113744075829384
"Protoxerus stangeri" 2 30 420 -3.33285123902056 0.000859608909670791 0.116666666666667
"Protoxerus stangeri" 2 32 419 -3.29965003077729 0.00096805467346238 0.126491646778043
"Protoxerus stangeri" 2 34 415 -3.44182532390763 0.000577803226408035 0.130120481927711
"Protoxerus stangeri" 2 36 412 -3.72314131531713 0.000196759318279429 0.135922330097087
"Protoxerus stangeri" 2 38 410 -3.73938419271909 0.000184471607932049 0.136585365853659
"Protoxerus stangeri" 2 40 408 -3.71280374179109 0.000204975834776519 0.137254901960784
"Protoxerus stangeri" 2 42 407 -3.79535894314048 0.000147429999438472 0.142506142506143
"Protoxerus stangeri" 2 44 403 -3.91568214191968 9.01489551522882e-05 0.146401985111663
"Protoxerus stangeri" 2 46 401 -3.82963835325441 0.000128331716838681 0.144638403990025
"Protoxerus stangeri" 2 48 397 -3.81784623612069 0.000134621782716848 0.146095717884131
"Protoxerus stangeri" 2 50 391 -4.05774328861907 4.95491891855898e-05 0.150895140664962
"Protoxerus stangeri" 2 52 386 -4.53438212452924 5.77723546753524e-06 0.152849740932642
"Protoxerus stangeri" 2 54 381 -4.59020740535684 4.42805785806928e-06 0.154855643044619
"Protoxerus stangeri" 2 56 373 -4.6810683547598 2.85383756092608e-06 0.155495978552279
"Protoxerus stangeri" 2 58 366 -4.89069366257749 1.00481241565638e-06 0.155737704918033
"Protoxerus stangeri" 2 60 361 -4.88734434751052 1.02205241731924e-06 0.157894736842105
"Protoxerus stangeri" 2 62 351 -4.6563318610133 3.21892929283619e-06 0.15954415954416
"Protoxerus stangeri" 2 64 341 -4.51884126752674 6.21789877052344e-06 0.164222873900293
"Protoxerus stangeri" 2 66 320 -4.32932127476484 1.49569598872212e-05 0.171875
"Protoxerus stangeri" 2 68 296 -4.23555368063935 2.27989227704065e-05 0.182432432432432
"Protoxerus stangeri" 2 70 272 -4.43662062707102 9.13821361353942e-06 0.198529411764706
"Protoxerus stangeri" 2 72 249 -4.38329115450623 1.16899712387146e-05 0.196787148594378
"Protoxerus stangeri" 2 74 225 NA NA 0.217777777777778
"Protoxerus stangeri" 2 76 216 NA NA 0.226851851851852
"Protoxerus stangeri" 2 78 209 NA NA 0.229665071770335
"Protoxerus stangeri" 2 80 180 NA NA 0.2
"Protoxerus stangeri" 2 82 170 NA NA 0.2
"Protoxerus stangeri" 2 84 166 NA NA 0.204819277108434
"Protoxerus stangeri" 2 86 165 NA NA 0.206060606060606
"Protoxerus stangeri" 2 88 158 NA NA 0.183544303797468
"Protoxerus stangeri" 2 90 151 NA NA 0.185430463576159
"Protoxerus stangeri" 2 92 146 NA NA 0.184931506849315
"Protoxerus stangeri" 2 94 142 NA NA 0.183098591549296
"Protoxerus stangeri" 2 96 105 NA NA 0.161904761904762
"Protoxerus stangeri" 2 98 75 NA NA 0.133333333333333
"Protoxerus stangeri" 2 100 75 NA NA 0.133333333333333
"Protoxerus stangeri" 2 102 75 NA NA 0.133333333333333
"Protoxerus stangeri" 2 104 75 NA NA 0.133333333333333
"Protoxerus stangeri" 2 106 61 NA NA 0.131147540983607
"Protoxerus stangeri" 2 108 49 NA NA 0.122448979591837
"Protoxerus stangeri" 2 110 47 NA NA 0.127659574468085
"Protoxerus stangeri" 2 112 45 NA NA 0.111111111111111
"Protoxerus stangeri" 2 114 45 NA NA 0.111111111111111
"Protoxerus stangeri" 2 116 44 NA NA 0.113636363636364
"Protoxerus stangeri" 2 118 43 NA NA 0.116279069767442
"Protoxerus stangeri" 2 120 43 NA NA 0.116279069767442
"Protoxerus stangeri" 2 122 43 NA NA 0.116279069767442
"Protoxerus stangeri" 2 124 43 NA NA 0.116279069767442
"Protoxerus stangeri" 2 126 43 NA NA 0.116279069767442
"Protoxerus stangeri" 2 128 42 NA NA 0.119047619047619
"Protoxerus stangeri" 2 130 41 NA NA 0.0975609756097561
"Protoxerus stangeri" 2 132 41 NA NA 0.0975609756097561
"Protoxerus stangeri" 2 134 41 NA NA 0.0975609756097561
"Protoxerus stangeri" 2 136 41 NA NA 0.0975609756097561
"Protoxerus stangeri" 2 138 41 NA NA 0.0975609756097561
"Protoxerus stangeri" 2 140 40 NA NA 0.1
"Protoxerus stangeri" 2 142 40 NA NA 0.1
"Protoxerus stangeri" 2 144 40 NA NA 0.1
"Protoxerus stangeri" 2 146 40 NA NA 0.1
"Protoxerus stangeri" 2 148 40 NA NA 0.1
"Protoxerus stangeri" 2 150 40 NA NA 0.1
"Protoxerus stangeri" 2 152 40 NA NA 0.1
"Protoxerus stangeri" 2 154 39 NA NA 0.102564102564103
"Protoxerus stangeri" 2 156 39 NA NA 0.102564102564103
"Protoxerus stangeri" 2 158 39 NA NA 0.102564102564103
"Protoxerus stangeri" 2 160 39 NA NA 0.102564102564103
"Protoxerus stangeri" 2 162 39 NA NA 0.102564102564103
"Protoxerus stangeri" 2 164 39 NA NA 0.102564102564103
"Protoxerus stangeri" 2 166 39 NA NA 0.102564102564103
"Protoxerus stangeri" 2 168 39 NA NA 0.102564102564103
"Protoxerus stangeri" 2 170 39 NA NA 0.102564102564103
"Protoxerus stangeri" 2 172 39 NA NA 0.102564102564103
"Protoxerus stangeri" 2 174 38 NA NA 0.105263157894737
"Protoxerus stangeri" 2 176 37 NA NA 0.0810810810810811
"Protoxerus stangeri" 2 178 37 NA NA 0.0810810810810811
"Protoxerus stangeri" 2 180 37 NA NA 0.0810810810810811
"Protoxerus stangeri" 2 182 37 NA NA 0.0810810810810811
"Protoxerus stangeri" 2 184 36 NA NA 0.0833333333333333
"Protoxerus stangeri" 2 186 35 NA NA 0.0857142857142857
"Protoxerus stangeri" 2 188 34 NA NA 0.0882352941176471
"Protoxerus stangeri" 2 190 34 NA NA 0.0882352941176471
"Protoxerus stangeri" 2 192 33 NA NA 0.0909090909090909
"Protoxerus stangeri" 2 194 33 NA NA 0.0909090909090909
"Protoxerus stangeri" 2 196 33 NA NA 0.0909090909090909
"Protoxerus stangeri" 2 198 33 NA NA 0.0909090909090909
"Protoxerus stangeri" 2 200 33 NA NA 0.0909090909090909
"Protoxerus stangeri" 3 6 449 -2.4610954781967 0.0138513499193392 0.0534521158129176
"Protoxerus stangeri" 3 9 447 -2.90972181642511 0.00361750583389097 0.0604026845637584
"Protoxerus stangeri" 3 12 439 -3.15750706995792 0.00159124378052084 0.0660592255125285
"Protoxerus stangeri" 3 15 436 -3.49988015900132 0.000465467368274826 0.0779816513761468
"Protoxerus stangeri" 3 18 434 -3.71752651265139 0.000201182879251456 0.0875576036866359
"Protoxerus stangeri" 3 21 429 -3.30975910335881 0.000933762973939321 0.102564102564103
"Protoxerus stangeri" 3 24 425 -3.48277147884459 0.000496251776845277 0.105882352941176
"Protoxerus stangeri" 3 27 422 -3.48159865533953 0.000498430136707863 0.109004739336493
"Protoxerus stangeri" 3 30 420 -3.35271084974197 0.00080024261611413 0.116666666666667
"Protoxerus stangeri" 3 33 415 -3.31848129748976 0.000905083833419832 0.127710843373494
"Protoxerus stangeri" 3 36 412 -3.7430798094261 0.000181778461134771 0.135922330097087
"Protoxerus stangeri" 3 39 409 -3.75827805188595 0.000171086702078968 0.136919315403423
"Protoxerus stangeri" 3 42 407 -3.78342446072387 0.000154685285863288 0.142506142506143
"Protoxerus stangeri" 3 45 402 -3.82114274873773 0.00013283473289273 0.144278606965174
"Protoxerus stangeri" 3 48 397 -3.8217309707677 0.000132518215319226 0.146095717884131
"Protoxerus stangeri" 3 51 388 -4.503183595947 6.69430040274038e-06 0.152061855670103
"Protoxerus stangeri" 3 54 381 -4.57482992583389 4.76606994532576e-06 0.154855643044619
"Protoxerus stangeri" 3 57 370 -4.82620857114324 1.39156775172557e-06 0.156756756756757
"Protoxerus stangeri" 3 60 361 -4.89616491640614 9.77250621932821e-07 0.157894736842105
"Protoxerus stangeri" 3 63 349 -4.61486954515068 3.93342306792951e-06 0.160458452722063
"Protoxerus stangeri" 3 66 320 -4.39854508517207 1.08978989385185e-05 0.171875
"Protoxerus stangeri" 3 69 283 -4.45874374248256 8.2441411877342e-06 0.190812720848057
"Protoxerus stangeri" 3 72 249 -4.49855589892559 6.84166083242416e-06 0.196787148594378
"Protoxerus stangeri" 3 75 218 NA NA 0.224770642201835
"Protoxerus stangeri" 3 78 209 NA NA 0.229665071770335
"Protoxerus stangeri" 3 81 176 NA NA 0.198863636363636
"Protoxerus stangeri" 3 84 166 NA NA 0.204819277108434
"Protoxerus stangeri" 3 87 163 NA NA 0.202453987730061
"Protoxerus stangeri" 3 90 151 NA NA 0.185430463576159
"Protoxerus stangeri" 3 93 142 NA NA 0.183098591549296
"Protoxerus stangeri" 3 96 105 NA NA 0.161904761904762
"Protoxerus stangeri" 3 99 75 NA NA 0.133333333333333
"Protoxerus stangeri" 3 102 75 NA NA 0.133333333333333
"Protoxerus stangeri" 3 105 73 NA NA 0.123287671232877
"Protoxerus stangeri" 3 108 49 NA NA 0.122448979591837
"Protoxerus stangeri" 3 111 45 NA NA 0.111111111111111
"Protoxerus stangeri" 3 114 45 NA NA 0.111111111111111
"Protoxerus stangeri" 3 117 43 NA NA 0.116279069767442
"Protoxerus stangeri" 3 120 43 NA NA 0.116279069767442
"Protoxerus stangeri" 3 123 43 NA NA 0.116279069767442
"Protoxerus stangeri" 3 126 43 NA NA 0.116279069767442
"Protoxerus stangeri" 3 129 42 NA NA 0.119047619047619
"Protoxerus stangeri" 3 132 41 NA NA 0.0975609756097561
"Protoxerus stangeri" 3 135 41 NA NA 0.0975609756097561
"Protoxerus stangeri" 3 138 41 NA NA 0.0975609756097561
"Protoxerus stangeri" 3 141 40 NA NA 0.1
"Protoxerus stangeri" 3 144 40 NA NA 0.1
"Protoxerus stangeri" 3 147 40 NA NA 0.1
"Protoxerus stangeri" 3 150 40 NA NA 0.1
"Protoxerus stangeri" 3 153 40 NA NA 0.1
"Protoxerus stangeri" 3 156 39 NA NA 0.102564102564103
"Protoxerus stangeri" 3 159 39 NA NA 0.102564102564103
"Protoxerus stangeri" 3 162 39 NA NA 0.102564102564103
"Protoxerus stangeri" 3 165 39 NA NA 0.102564102564103
"Protoxerus stangeri" 3 168 39 NA NA 0.102564102564103
"Protoxerus stangeri" 3 171 39 NA NA 0.102564102564103
"Protoxerus stangeri" 3 174 38 NA NA 0.105263157894737
"Protoxerus stangeri" 3 177 37 NA NA 0.0810810810810811
"Protoxerus stangeri" 3 180 37 NA NA 0.0810810810810811
"Protoxerus stangeri" 3 183 37 NA NA 0.0810810810810811
"Protoxerus stangeri" 3 186 35 NA NA 0.0857142857142857
"Protoxerus stangeri" 3 189 34 NA NA 0.0882352941176471
"Protoxerus stangeri" 3 192 33 NA NA 0.0909090909090909
"Protoxerus stangeri" 3 195 33 NA NA 0.0909090909090909
"Protoxerus stangeri" 3 198 33 NA NA 0.0909090909090909
"Protoxerus stangeri" 4 8 447 -2.83514062659823 0.00458055178184316 0.0604026845637584
"Protoxerus stangeri" 4 12 439 -3.09359910705803 0.0019774449361072 0.0660592255125285
"Protoxerus stangeri" 4 16 435 -3.56904222094059 0.000358288687048485 0.0827586206896552
"Protoxerus stangeri" 4 20 430 -3.61169934145308 0.000304197122509197 0.0906976744186047
"Protoxerus stangeri" 4 24 425 -3.30760570392448 0.000940971928555285 0.105882352941176
"Protoxerus stangeri" 4 28 422 -3.27429804844959 0.00105924822776812 0.113744075829384
"Protoxerus stangeri" 4 32 419 -3.12468452590023 0.0017799584267192 0.126491646778043
"Protoxerus stangeri" 4 36 412 -3.59471525539034 0.000324746554916897 0.135922330097087
"Protoxerus stangeri" 4 40 408 -3.58858908270418 0.000332472391250372 0.137254901960784
"Protoxerus stangeri" 4 44 403 -3.78737910079967 0.000152244722538624 0.146401985111663
"Protoxerus stangeri" 4 48 397 -3.73104283551942 0.000190688794059644 0.146095717884131
"Protoxerus stangeri" 4 52 386 -4.40541696792421 1.05580589079675e-05 0.152849740932642
"Protoxerus stangeri" 4 56 373 -4.55843225854825 5.15368818911857e-06 0.155495978552279
"Protoxerus stangeri" 4 60 361 -4.77438214450768 1.802598085518e-06 0.157894736842105
"Protoxerus stangeri" 4 64 341 -4.47544571403822 7.62520720051114e-06 0.164222873900293
"Protoxerus stangeri" 4 68 296 -4.20193683845659 2.64640979456944e-05 0.182432432432432
"Protoxerus stangeri" 4 72 249 -4.37856292806686 1.19464447663948e-05 0.196787148594378
"Protoxerus stangeri" 4 76 216 NA NA 0.226851851851852
"Protoxerus stangeri" 4 80 180 NA NA 0.2
"Protoxerus stangeri" 4 84 166 NA NA 0.204819277108434
"Protoxerus stangeri" 4 88 158 NA NA 0.183544303797468
"Protoxerus stangeri" 4 92 146 NA NA 0.184931506849315
"Protoxerus stangeri" 4 96 105 NA NA 0.161904761904762
"Protoxerus stangeri" 4 100 75 NA NA 0.133333333333333
"Protoxerus stangeri" 4 104 75 NA NA 0.133333333333333
"Protoxerus stangeri" 4 108 49 NA NA 0.122448979591837
"Protoxerus stangeri" 4 112 45 NA NA 0.111111111111111
"Protoxerus stangeri" 4 116 44 NA NA 0.113636363636364
"Protoxerus stangeri" 4 120 43 NA NA 0.116279069767442
"Protoxerus stangeri" 4 124 43 NA NA 0.116279069767442
"Protoxerus stangeri" 4 128 42 NA NA 0.119047619047619
"Protoxerus stangeri" 4 132 41 NA NA 0.0975609756097561
"Protoxerus stangeri" 4 136 41 NA NA 0.0975609756097561
"Protoxerus stangeri" 4 140 40 NA NA 0.1
"Protoxerus stangeri" 4 144 40 NA NA 0.1
"Protoxerus stangeri" 4 148 40 NA NA 0.1
"Protoxerus stangeri" 4 152 40 NA NA 0.1
"Protoxerus stangeri" 4 156 39 NA NA 0.102564102564103
"Protoxerus stangeri" 4 160 39 NA NA 0.102564102564103
"Protoxerus stangeri" 4 164 39 NA NA 0.102564102564103
"Protoxerus stangeri" 4 168 39 NA NA 0.102564102564103
"Protoxerus stangeri" 4 172 39 NA NA 0.102564102564103
"Protoxerus stangeri" 4 176 37 NA NA 0.0810810810810811
"Protoxerus stangeri" 4 180 37 NA NA 0.0810810810810811
"Protoxerus stangeri" 4 184 36 NA NA 0.0833333333333333
"Protoxerus stangeri" 4 188 34 NA NA 0.0882352941176471
"Protoxerus stangeri" 4 192 33 NA NA 0.0909090909090909
"Protoxerus stangeri" 4 196 33 NA NA 0.0909090909090909
"Protoxerus stangeri" 4 200 33 NA NA 0.0909090909090909
"Protoxerus stangeri" 5 10 445 -2.87267850972779 0.00407008065642744 0.0606741573033708
"Protoxerus stangeri" 5 15 436 -3.40675284340666 0.000657406282735959 0.0779816513761468
"Protoxerus stangeri" 5 20 430 -3.70870004880735 0.000208326035857924 0.0906976744186047
"Protoxerus stangeri" 5 25 423 -3.44362408455422 0.000573973142952496 0.106382978723404
"Protoxerus stangeri" 5 30 420 -3.22176897605527 0.00127401816476983 0.116666666666667
"Protoxerus stangeri" 5 35 413 -3.42712950679039 0.000609998073592461 0.130750605326877
"Protoxerus stangeri" 5 40 408 -3.66867571901743 0.000243810093915045 0.137254901960784
"Protoxerus stangeri" 5 45 402 -3.79151083449777 0.000149733614894434 0.144278606965174
"Protoxerus stangeri" 5 50 391 -3.9903137211799 6.59859566402718e-05 0.150895140664962
"Protoxerus stangeri" 5 55 376 -4.56889134853321 4.90310862234268e-06 0.154255319148936
"Protoxerus stangeri" 5 60 361 -4.76393012338402 1.89858275022886e-06 0.157894736842105
"Protoxerus stangeri" 5 65 327 -4.29860339078857 1.7187771979606e-05 0.168195718654434
"Protoxerus stangeri" 5 70 272 -4.36018650991931 1.29951632928281e-05 0.198529411764706
"Protoxerus stangeri" 5 75 218 NA NA 0.224770642201835
"Protoxerus stangeri" 5 80 180 NA NA 0.2
"Protoxerus stangeri" 5 85 166 NA NA 0.204819277108434
"Protoxerus stangeri" 5 90 151 NA NA 0.185430463576159
"Protoxerus stangeri" 5 95 127 NA NA 0.188976377952756
"Protoxerus stangeri" 5 100 75 NA NA 0.133333333333333
"Protoxerus stangeri" 5 105 73 NA NA 0.123287671232877
"Protoxerus stangeri" 5 110 47 NA NA 0.127659574468085
"Protoxerus stangeri" 5 115 44 NA NA 0.113636363636364
"Protoxerus stangeri" 5 120 43 NA NA 0.116279069767442
"Protoxerus stangeri" 5 125 43 NA NA 0.116279069767442
"Protoxerus stangeri" 5 130 41 NA NA 0.0975609756097561
"Protoxerus stangeri" 5 135 41 NA NA 0.0975609756097561
"Protoxerus stangeri" 5 140 40 NA NA 0.1
"Protoxerus stangeri" 5 145 40 NA NA 0.1
"Protoxerus stangeri" 5 150 40 NA NA 0.1
"Protoxerus stangeri" 5 155 39 NA NA 0.102564102564103
"Protoxerus stangeri" 5 160 39 NA NA 0.102564102564103
"Protoxerus stangeri" 5 165 39 NA NA 0.102564102564103
"Protoxerus stangeri" 5 170 39 NA NA 0.102564102564103
"Protoxerus stangeri" 5 175 37 NA NA 0.0810810810810811
"Protoxerus stangeri" 5 180 37 NA NA 0.0810810810810811
"Protoxerus stangeri" 5 185 35 NA NA 0.0857142857142857
"Protoxerus stangeri" 5 190 34 NA NA 0.0882352941176471
"Protoxerus stangeri" 5 195 33 NA NA 0.0909090909090909
"Protoxerus stangeri" 5 200 33 NA NA 0.0909090909090909
"Protoxerus stangeri" 6 12 439 -3.12513531957195 0.00177723282981059 0.0660592255125285
"Protoxerus stangeri" 6 18 434 -3.58636260440561 0.000335322610761864 0.0875576036866359
"Protoxerus stangeri" 6 24 425 -3.47097254303258 0.000518577021774666 0.105882352941176
"Protoxerus stangeri" 6 30 420 -3.30887924102189 0.000936702292394649 0.116666666666667
"Protoxerus stangeri" 6 36 412 -3.69523598047438 0.000219682655785395 0.135922330097087
"Protoxerus stangeri" 6 42 407 -3.74920005859566 0.000177399529064304 0.142506142506143
"Protoxerus stangeri" 6 48 397 -3.77066617234955 0.000162812346924482 0.146095717884131
"Protoxerus stangeri" 6 54 381 -4.45929922318194 8.2228059141285e-06 0.154855643044619
"Protoxerus stangeri" 6 60 361 -4.75826014256829 1.95268742173983e-06 0.157894736842105
"Protoxerus stangeri" 6 66 320 -4.29051395540382 1.78260082881874e-05 0.171875
"Protoxerus stangeri" 6 72 249 -4.43030324707017 9.41006686903171e-06 0.196787148594378
"Protoxerus stangeri" 6 78 209 NA NA 0.229665071770335
"Protoxerus stangeri" 6 84 166 NA NA 0.204819277108434
"Protoxerus stangeri" 6 90 151 NA NA 0.185430463576159
"Protoxerus stangeri" 6 96 105 NA NA 0.161904761904762
"Protoxerus stangeri" 6 102 75 NA NA 0.133333333333333
"Protoxerus stangeri" 6 108 49 NA NA 0.122448979591837
"Protoxerus stangeri" 6 114 45 NA NA 0.111111111111111
"Protoxerus stangeri" 6 120 43 NA NA 0.116279069767442
"Protoxerus stangeri" 6 126 43 NA NA 0.116279069767442
"Protoxerus stangeri" 6 132 41 NA NA 0.0975609756097561
"Protoxerus stangeri" 6 138 41 NA NA 0.0975609756097561
"Protoxerus stangeri" 6 144 40 NA NA 0.1
"Protoxerus stangeri" 6 150 40 NA NA 0.1
"Protoxerus stangeri" 6 156 39 NA NA 0.102564102564103
"Protoxerus stangeri" 6 162 39 NA NA 0.102564102564103
"Protoxerus stangeri" 6 168 39 NA NA 0.102564102564103
"Protoxerus stangeri" 6 174 38 NA NA 0.105263157894737
"Protoxerus stangeri" 6 180 37 NA NA 0.0810810810810811
"Protoxerus stangeri" 6 186 35 NA NA 0.0857142857142857
"Protoxerus stangeri" 6 192 33 NA NA 0.0909090909090909
"Protoxerus stangeri" 6 198 33 NA NA 0.0909090909090909
"Protoxerus stangeri" 7 14 436 -3.44989008016922 0.000560814852325913 0.0779816513761468
"Protoxerus stangeri" 7 21 429 -3.24097563081551 0.00119121366667194 0.102564102564103
"Protoxerus stangeri" 7 28 422 -3.32293171484889 0.000890767168588715 0.113744075829384
"Protoxerus stangeri" 7 35 413 -3.34889834344599 0.000811335581869904 0.130750605326877
"Protoxerus stangeri" 7 42 407 -3.64544589343503 0.000266928573851577 0.142506142506143
"Protoxerus stangeri" 7 49 395 -3.81232377679873 0.000137666376957589 0.149367088607595
"Protoxerus stangeri" 7 56 373 -4.45933783225029 8.22132495454955e-06 0.155495978552279
"Protoxerus stangeri" 7 63 349 -4.43715366907537 9.11562195846343e-06 0.160458452722063
"Protoxerus stangeri" 7 70 272 -4.29420685114738 1.75318961564327e-05 0.198529411764706
"Protoxerus stangeri" 7 77 211 NA NA 0.227488151658768
"Protoxerus stangeri" 7 84 166 NA NA 0.204819277108434
"Protoxerus stangeri" 7 91 150 NA NA 0.186666666666667
"Protoxerus stangeri" 7 98 75 NA NA 0.133333333333333
"Protoxerus stangeri" 7 105 73 NA NA 0.123287671232877
"Protoxerus stangeri" 7 112 45 NA NA 0.111111111111111
"Protoxerus stangeri" 7 119 43 NA NA 0.116279069767442
"Protoxerus stangeri" 7 126 43 NA NA 0.116279069767442
"Protoxerus stangeri" 7 133 41 NA NA 0.0975609756097561
"Protoxerus stangeri" 7 140 40 NA NA 0.1
"Protoxerus stangeri" 7 147 40 NA NA 0.1
"Protoxerus stangeri" 7 154 39 NA NA 0.102564102564103
"Protoxerus stangeri" 7 161 39 NA NA 0.102564102564103
"Protoxerus stangeri" 7 168 39 NA NA 0.102564102564103
"Protoxerus stangeri" 7 175 37 NA NA 0.0810810810810811
"Protoxerus stangeri" 7 182 37 NA NA 0.0810810810810811
"Protoxerus stangeri" 7 189 34 NA NA 0.0882352941176471
"Protoxerus stangeri" 7 196 33 NA NA 0.0909090909090909
"Protoxerus stangeri" 8 16 435 -3.65461574432057 0.000257567447357368 0.0827586206896552
"Protoxerus stangeri" 8 24 425 -3.50348321605413 0.000459215593645852 0.105882352941176
"Protoxerus stangeri" 8 32 419 -3.27121878465326 0.00107085030875688 0.126491646778043
"Protoxerus stangeri" 8 40 408 -3.63687407263679 0.000275966760975106 0.137254901960784
"Protoxerus stangeri" 8 48 397 -3.6954378907055 0.000219508137484513 0.146095717884131
"Protoxerus stangeri" 8 56 373 -4.44869982260314 8.63916536943838e-06 0.155495978552279
"Protoxerus stangeri" 8 64 341 -4.38455264328287 1.16224374937908e-05 0.164222873900293
"Protoxerus stangeri" 8 72 249 -4.32028210113373 1.55829862066329e-05 0.196787148594378
"Protoxerus stangeri" 8 80 180 NA NA 0.2
"Protoxerus stangeri" 8 88 158 NA NA 0.183544303797468
"Protoxerus stangeri" 8 96 105 NA NA 0.161904761904762
"Protoxerus stangeri" 8 104 75 NA NA 0.133333333333333
"Protoxerus stangeri" 8 112 45 NA NA 0.111111111111111
"Protoxerus stangeri" 8 120 43 NA NA 0.116279069767442
"Protoxerus stangeri" 8 128 42 NA NA 0.119047619047619
"Protoxerus stangeri" 8 136 41 NA NA 0.0975609756097561
"Protoxerus stangeri" 8 144 40 NA NA 0.1
"Protoxerus stangeri" 8 152 40 NA NA 0.1
"Protoxerus stangeri" 8 160 39 NA NA 0.102564102564103
"Protoxerus stangeri" 8 168 39 NA NA 0.102564102564103
"Protoxerus stangeri" 8 176 37 NA NA 0.0810810810810811
"Protoxerus stangeri" 8 184 36 NA NA 0.0833333333333333
"Protoxerus stangeri" 8 192 33 NA NA 0.0909090909090909
"Protoxerus stangeri" 8 200 33 NA NA 0.0909090909090909
"Protoxerus stangeri" 9 18 434 -3.62776795897846 0.000285882012140227 0.0875576036866359
"Protoxerus stangeri" 9 27 422 -3.39460582521436 0.00068727472951189 0.109004739336493
"Protoxerus stangeri" 9 36 412 -3.63190040347188 0.000281341709742842 0.135922330097087
"Protoxerus stangeri" 9 45 402 -3.76161958806368 0.000168816671939668 0.144278606965174
"Protoxerus stangeri" 9 54 381 -4.38487348084263 1.16053209642421e-05 0.154855643044619
"Protoxerus stangeri" 9 63 349 -4.45866373734913 8.24721843425882e-06 0.160458452722063
"Protoxerus stangeri" 9 72 249 -4.385817538638 1.15550953886131e-05 0.196787148594378
"Protoxerus stangeri" 9 81 176 NA NA 0.198863636363636
"Protoxerus stangeri" 9 90 151 NA NA 0.185430463576159
"Protoxerus stangeri" 9 99 75 NA NA 0.133333333333333
"Protoxerus stangeri" 9 108 49 NA NA 0.122448979591837
"Protoxerus stangeri" 9 117 43 NA NA 0.116279069767442
"Protoxerus stangeri" 9 126 43 NA NA 0.116279069767442
"Protoxerus stangeri" 9 135 41 NA NA 0.0975609756097561
"Protoxerus stangeri" 9 144 40 NA NA 0.1
"Protoxerus stangeri" 9 153 40 NA NA 0.1
"Protoxerus stangeri" 9 162 39 NA NA 0.102564102564103
"Protoxerus stangeri" 9 171 39 NA NA 0.102564102564103
"Protoxerus stangeri" 9 180 37 NA NA 0.0810810810810811
"Protoxerus stangeri" 9 189 34 NA NA 0.0882352941176471
"Protoxerus stangeri" 9 198 33 NA NA 0.0909090909090909
"Protoxerus stangeri" 10 20 430 -3.72785563222387 0.000193115943304742 0.0906976744186047
"Protoxerus stangeri" 10 30 420 -3.18496007470031 0.00144773980416515 0.116666666666667
"Protoxerus stangeri" 10 40 408 -3.59294537810435 0.000326961145444447 0.137254901960784
"Protoxerus stangeri" 10 50 391 -3.82299029319134 0.000131842971714587 0.150895140664962
"Protoxerus stangeri" 10 60 361 -4.52486904532438 6.04329136842548e-06 0.157894736842105
"Protoxerus stangeri" 10 70 272 -4.11737348375067 3.83214775242938e-05 0.198529411764706
"Protoxerus stangeri" 10 80 180 NA NA 0.2
"Protoxerus stangeri" 10 90 151 NA NA 0.185430463576159
"Protoxerus stangeri" 10 100 75 NA NA 0.133333333333333
"Protoxerus stangeri" 10 110 47 NA NA 0.127659574468085
"Protoxerus stangeri" 10 120 43 NA NA 0.116279069767442
"Protoxerus stangeri" 10 130 41 NA NA 0.0975609756097561
"Protoxerus stangeri" 10 140 40 NA NA 0.1
"Protoxerus stangeri" 10 150 40 NA NA 0.1
"Protoxerus stangeri" 10 160 39 NA NA 0.102564102564103
"Protoxerus stangeri" 10 170 39 NA NA 0.102564102564103
"Protoxerus stangeri" 10 180 37 NA NA 0.0810810810810811
"Protoxerus stangeri" 10 190 34 NA NA 0.0882352941176471
"Protoxerus stangeri" 10 200 33 NA NA 0.0909090909090909
"Protoxerus stangeri" 11 22 427 NA NA 0.103044496487119
"Protoxerus stangeri" 11 33 415 -3.15664643742187 0.00159594729379999 0.127710843373494
"Protoxerus stangeri" 11 44 403 -3.67315392479808 0.000239575069865463 0.146401985111663
"Protoxerus stangeri" 11 55 376 -4.29742393772612 1.72794525352515e-05 0.154255319148936
"Protoxerus stangeri" 11 66 320 -4.09263641835681 4.26496177895725e-05 0.171875
"Protoxerus stangeri" 11 77 211 NA NA 0.227488151658768
"Protoxerus stangeri" 11 88 158 NA NA 0.183544303797468
"Protoxerus stangeri" 11 99 75 NA NA 0.133333333333333
"Protoxerus stangeri" 11 110 47 NA NA 0.127659574468085
"Protoxerus stangeri" 11 121 43 NA NA 0.116279069767442
"Protoxerus stangeri" 11 132 41 NA NA 0.0975609756097561
"Protoxerus stangeri" 11 143 40 NA NA 0.1
"Protoxerus stangeri" 11 154 39 NA NA 0.102564102564103
"Protoxerus stangeri" 11 165 39 NA NA 0.102564102564103
"Protoxerus stangeri" 11 176 37 NA NA 0.0810810810810811
"Protoxerus stangeri" 11 187 34 NA NA 0.0882352941176471
"Protoxerus stangeri" 11 198 33 NA NA 0.0909090909090909
"Protoxerus stangeri" 12 24 425 NA NA 0.105882352941176
"Protoxerus stangeri" 12 36 412 -3.53335840041843 0.000410315821341518 0.135922330097087
"Protoxerus stangeri" 12 48 397 -3.60738726270639 0.000309295854688344 0.146095717884131
"Protoxerus stangeri" 12 60 361 -4.40069995490131 1.07902243220742e-05 0.157894736842105
"Protoxerus stangeri" 12 72 249 -4.1344616913595 3.55787592166272e-05 0.196787148594378
"Protoxerus stangeri" 12 84 166 NA NA 0.204819277108434
"Protoxerus stangeri" 12 96 105 NA NA 0.161904761904762
"Protoxerus stangeri" 12 108 49 NA NA 0.122448979591837
"Protoxerus stangeri" 12 120 43 NA NA 0.116279069767442
"Protoxerus stangeri" 12 132 41 NA NA 0.0975609756097561
"Protoxerus stangeri" 12 144 40 NA NA 0.1
"Protoxerus stangeri" 12 156 39 NA NA 0.102564102564103
"Protoxerus stangeri" 12 168 39 NA NA 0.102564102564103
"Protoxerus stangeri" 12 180 37 NA NA 0.0810810810810811
"Protoxerus stangeri" 12 192 33 NA NA 0.0909090909090909
"Protoxerus stangeri" 13 26 422 NA NA 0.106635071090047
"Protoxerus stangeri" 13 39 409 -3.57421400723614 0.000351281534104173 0.136919315403423
"Protoxerus stangeri" 13 52 386 -4.12062978990584 3.77838142451595e-05 0.152849740932642
"Protoxerus stangeri" 13 65 327 -4.02178921211434 5.77577341702029e-05 0.168195718654434
"Protoxerus stangeri" 13 78 209 NA NA 0.229665071770335
"Protoxerus stangeri" 13 91 150 NA NA 0.186666666666667
"Protoxerus stangeri" 13 104 75 NA NA 0.133333333333333
"Protoxerus stangeri" 13 117 43 NA NA 0.116279069767442
"Protoxerus stangeri" 13 130 41 NA NA 0.0975609756097561
"Protoxerus stangeri" 13 143 40 NA NA 0.1
"Protoxerus stangeri" 13 156 39 NA NA 0.102564102564103
"Protoxerus stangeri" 13 169 39 NA NA 0.102564102564103
"Protoxerus stangeri" 13 182 37 NA NA 0.0810810810810811
"Protoxerus stangeri" 13 195 33 NA NA 0.0909090909090909
"Protoxerus stangeri" 14 28 422 -3.22000914733395 0.00128186506398248 0.113744075829384
"Protoxerus stangeri" 14 42 407 -3.55407776248759 0.000379307042270087 0.142506142506143
"Protoxerus stangeri" 14 56 373 -4.13474881953435 3.55343071083679e-05 0.155495978552279
"Protoxerus stangeri" 14 70 272 -3.98824754723904 6.65631864253459e-05 0.198529411764706
"Protoxerus stangeri" 14 84 166 NA NA 0.204819277108434
"Protoxerus stangeri" 14 98 75 NA NA 0.133333333333333
"Protoxerus stangeri" 14 112 45 NA NA 0.111111111111111
"Protoxerus stangeri" 14 126 43 NA NA 0.116279069767442
"Protoxerus stangeri" 14 140 40 NA NA 0.1
"Protoxerus stangeri" 14 154 39 NA NA 0.102564102564103
"Protoxerus stangeri" 14 168 39 NA NA 0.102564102564103
"Protoxerus stangeri" 14 182 37 NA NA 0.0810810810810811
"Protoxerus stangeri" 14 196 33 NA NA 0.0909090909090909
"Protoxerus stangeri" 15 30 420 -3.11192805123138 0.00185869793028137 0.116666666666667
"Protoxerus stangeri" 15 45 402 -3.58246260438205 0.00034037035336923 0.144278606965174
"Protoxerus stangeri" 15 60 361 -4.29767033658967 1.72602611807377e-05 0.157894736842105
"Protoxerus stangeri" 15 75 218 NA NA 0.224770642201835
"Protoxerus stangeri" 15 90 151 NA NA 0.185430463576159
"Protoxerus stangeri" 15 105 73 NA NA 0.123287671232877
"Protoxerus stangeri" 15 120 43 NA NA 0.116279069767442
"Protoxerus stangeri" 15 135 41 NA NA 0.0975609756097561
"Protoxerus stangeri" 15 150 40 NA NA 0.1
"Protoxerus stangeri" 15 165 39 NA NA 0.102564102564103
"Protoxerus stangeri" 15 180 37 NA NA 0.0810810810810811
"Protoxerus stangeri" 15 195 33 NA NA 0.0909090909090909
"Protoxerus stangeri" 16 32 419 -3.1402990040841 0.00168775477908193 0.126491646778043
"Protoxerus stangeri" 16 48 397 -3.53571763430954 0.00040666911627801 0.146095717884131
"Protoxerus stangeri" 16 64 341 -4.06143682308596 4.87716172638712e-05 0.164222873900293
"Protoxerus stangeri" 16 80 180 NA NA 0.2
"Protoxerus stangeri" 16 96 105 NA NA 0.161904761904762
"Protoxerus stangeri" 16 112 45 NA NA 0.111111111111111
"Protoxerus stangeri" 16 128 42 NA NA 0.119047619047619
"Protoxerus stangeri" 16 144 40 NA NA 0.1
"Protoxerus stangeri" 16 160 39 NA NA 0.102564102564103
"Protoxerus stangeri" 16 176 37 NA NA 0.0810810810810811
"Protoxerus stangeri" 16 192 33 NA NA 0.0909090909090909
"Protoxerus stangeri" 17 34 415 -3.26053278523012 0.00111203110404306 0.130120481927711
"Protoxerus stangeri" 17 51 388 -4.00706444888045 6.14780915696586e-05 0.152061855670103
"Protoxerus stangeri" 17 68 296 -3.8377019517196 0.000124191088570423 0.182432432432432
"Protoxerus stangeri" 17 85 166 NA NA 0.204819277108434
"Protoxerus stangeri" 17 102 75 NA NA 0.133333333333333
"Protoxerus stangeri" 17 119 43 NA NA 0.116279069767442
"Protoxerus stangeri" 17 136 41 NA NA 0.0975609756097561
"Protoxerus stangeri" 17 153 40 NA NA 0.1
"Protoxerus stangeri" 17 170 39 NA NA 0.102564102564103
"Protoxerus stangeri" 17 187 34 NA NA 0.0882352941176471
"Protoxerus stangeri" 18 36 412 -3.52895155305012 0.000417209501158631 0.135922330097087
"Protoxerus stangeri" 18 54 381 -4.07282685854019 4.64459520309797e-05 0.154855643044619
"Protoxerus stangeri" 18 72 249 -4.14178869409258 3.44607758840602e-05 0.196787148594378
"Protoxerus stangeri" 18 90 151 NA NA 0.185430463576159
"Protoxerus stangeri" 18 108 49 NA NA 0.122448979591837
"Protoxerus stangeri" 18 126 43 NA NA 0.116279069767442
"Protoxerus stangeri" 18 144 40 NA NA 0.1
"Protoxerus stangeri" 18 162 39 NA NA 0.102564102564103
"Protoxerus stangeri" 18 180 37 NA NA 0.0810810810810811
"Protoxerus stangeri" 18 198 33 NA NA 0.0909090909090909
"Protoxerus stangeri" 19 38 410 -3.52984329529102 0.000415805869301361 0.136585365853659
"Protoxerus stangeri" 19 57 370 -4.21572053414227 2.48981940879914e-05 0.156756756756757
"Protoxerus stangeri" 19 76 216 NA NA 0.226851851851852
"Protoxerus stangeri" 19 95 127 NA NA 0.188976377952756
"Protoxerus stangeri" 19 114 45 NA NA 0.111111111111111
"Protoxerus stangeri" 19 133 41 NA NA 0.0975609756097561
"Protoxerus stangeri" 19 152 40 NA NA 0.1
"Protoxerus stangeri" 19 171 39 NA NA 0.102564102564103
"Protoxerus stangeri" 19 190 34 NA NA 0.0882352941176471
"Protoxerus stangeri" 20 40 408 -3.50726871564056 0.000452731719431189 0.137254901960784
"Protoxerus stangeri" 20 60 361 -4.22336092732602 2.40685911857052e-05 0.157894736842105
"Protoxerus stangeri" 20 80 180 NA NA 0.2
"Protoxerus stangeri" 20 100 75 NA NA 0.133333333333333
"Protoxerus stangeri" 20 120 43 NA NA 0.116279069767442
"Protoxerus stangeri" 20 140 40 NA NA 0.1
"Protoxerus stangeri" 20 160 39 NA NA 0.102564102564103
"Protoxerus stangeri" 20 180 37 NA NA 0.0810810810810811
"Protoxerus stangeri" 20 200 33 NA NA 0.0909090909090909
"Protoxerus stangeri" 21 42 407 -3.4640202098576 0.00053216652779343 0.142506142506143
"Protoxerus stangeri" 21 63 349 -3.92925654119594 8.5208896929849e-05 0.160458452722063
"Protoxerus stangeri" 21 84 166 NA NA 0.204819277108434
"Protoxerus stangeri" 21 105 73 NA NA 0.123287671232877
"Protoxerus stangeri" 21 126 43 NA NA 0.116279069767442
"Protoxerus stangeri" 21 147 40 NA NA 0.1
"Protoxerus stangeri" 21 168 39 NA NA 0.102564102564103
"Protoxerus stangeri" 21 189 34 NA NA 0.0882352941176471
"Protoxerus stangeri" 22 44 403 -3.67409535933599 0.000238693582914513 0.146401985111663
"Protoxerus stangeri" 22 66 320 -3.83795304208093 0.000124064199036786 0.171875
"Protoxerus stangeri" 22 88 158 NA NA 0.183544303797468
"Protoxerus stangeri" 22 110 47 NA NA 0.127659574468085
"Protoxerus stangeri" 22 132 41 NA NA 0.0975609756097561
"Protoxerus stangeri" 22 154 39 NA NA 0.102564102564103
"Protoxerus stangeri" 22 176 37 NA NA 0.0810810810810811
"Protoxerus stangeri" 22 198 33 NA NA 0.0909090909090909
"Protoxerus stangeri" 23 46 401 -3.56528767059091 0.000363457310875373 0.144638403990025
"Protoxerus stangeri" 23 69 283 -3.8728464840533 0.00010757158966297 0.190812720848057
"Protoxerus stangeri" 23 92 146 NA NA 0.184931506849315
"Protoxerus stangeri" 23 115 44 NA NA 0.113636363636364
"Protoxerus stangeri" 23 138 41 NA NA 0.0975609756097561
"Protoxerus stangeri" 23 161 39 NA NA 0.102564102564103
"Protoxerus stangeri" 23 184 36 NA NA 0.0833333333333333
"Protoxerus stangeri" 24 48 397 -3.59254096260815 0.000327469157444177 0.146095717884131
"Protoxerus stangeri" 24 72 249 -4.00274223363066 6.26125079388835e-05 0.196787148594378
"Protoxerus stangeri" 24 96 105 NA NA 0.161904761904762
"Protoxerus stangeri" 24 120 43 NA NA 0.116279069767442
"Protoxerus stangeri" 24 144 40 NA NA 0.1
"Protoxerus stangeri" 24 168 39 NA NA 0.102564102564103
"Protoxerus stangeri" 24 192 33 NA NA 0.0909090909090909
"Protoxerus stangeri" 25 50 391 -3.70889066039216 0.000208169290866779 0.150895140664962
"Protoxerus stangeri" 25 75 218 NA NA 0.224770642201835
"Protoxerus stangeri" 25 100 75 NA NA 0.133333333333333
"Protoxerus stangeri" 25 125 43 NA NA 0.116279069767442
"Protoxerus stangeri" 25 150 40 NA NA 0.1
"Protoxerus stangeri" 25 175 37 NA NA 0.0810810810810811
"Protoxerus stangeri" 25 200 33 NA NA 0.0909090909090909
"Protoxerus stangeri" 26 52 386 -3.98274099548865 6.81249864972818e-05 0.152849740932642
"Protoxerus stangeri" 26 78 209 NA NA 0.229665071770335
"Protoxerus stangeri" 26 104 75 NA NA 0.133333333333333
"Protoxerus stangeri" 26 130 41 NA NA 0.0975609756097561
"Protoxerus stangeri" 26 156 39 NA NA 0.102564102564103
"Protoxerus stangeri" 26 182 37 NA NA 0.0810810810810811
"Protoxerus stangeri" 27 54 381 -3.95771432719813 7.56703803912882e-05 0.154855643044619
"Protoxerus stangeri" 27 81 176 NA NA 0.198863636363636
"Protoxerus stangeri" 27 108 49 NA NA 0.122448979591837
"Protoxerus stangeri" 27 135 41 NA NA 0.0975609756097561
"Protoxerus stangeri" 27 162 39 NA NA 0.102564102564103
"Protoxerus stangeri" 27 189 34 NA NA 0.0882352941176471
"Protoxerus stangeri" 28 56 373 -3.99609994664512 6.43945559914215e-05 0.155495978552279
"Protoxerus stangeri" 28 84 166 NA NA 0.204819277108434
"Protoxerus stangeri" 28 112 45 NA NA 0.111111111111111
"Protoxerus stangeri" 28 140 40 NA NA 0.1
"Protoxerus stangeri" 28 168 39 NA NA 0.102564102564103
"Protoxerus stangeri" 28 196 33 NA NA 0.0909090909090909
"Protoxerus stangeri" 29 58 366 -4.10681682879852 4.01149092939945e-05 0.155737704918033
"Protoxerus stangeri" 29 87 163 NA NA 0.202453987730061
"Protoxerus stangeri" 29 116 44 NA NA 0.113636363636364
"Protoxerus stangeri" 29 145 40 NA NA 0.1
"Protoxerus stangeri" 29 174 38 NA NA 0.105263157894737
"Protoxerus stangeri" 30 60 361 -4.04829583261471 5.15919107466563e-05 0.157894736842105
"Protoxerus stangeri" 30 90 151 NA NA 0.185430463576159
"Protoxerus stangeri" 30 120 43 NA NA 0.116279069767442
"Protoxerus stangeri" 30 150 40 NA NA 0.1
"Protoxerus stangeri" 30 180 37 NA NA 0.0810810810810811
"Protoxerus stangeri" 31 62 351 -3.83068486935516 0.000127787080941467 0.15954415954416
"Protoxerus stangeri" 31 93 142 NA NA 0.183098591549296
"Protoxerus stangeri" 31 124 43 NA NA 0.116279069767442
"Protoxerus stangeri" 31 155 39 NA NA 0.102564102564103
"Protoxerus stangeri" 31 186 35 NA NA 0.0857142857142857
"Protoxerus stangeri" 32 64 341 -3.76263360553886 0.000168133435045786 0.164222873900293
"Protoxerus stangeri" 32 96 105 NA NA 0.161904761904762
"Protoxerus stangeri" 32 128 42 NA NA 0.119047619047619
"Protoxerus stangeri" 32 160 39 NA NA 0.102564102564103
"Protoxerus stangeri" 32 192 33 NA NA 0.0909090909090909
"Protoxerus stangeri" 33 66 320 -3.55948729184001 0.000371579512462674 0.171875
"Protoxerus stangeri" 33 99 75 NA NA 0.133333333333333
"Protoxerus stangeri" 33 132 41 NA NA 0.0975609756097561
"Protoxerus stangeri" 33 165 39 NA NA 0.102564102564103
"Protoxerus stangeri" 33 198 33 NA NA 0.0909090909090909
"Protoxerus stangeri" 34 68 296 -3.50384149449446 0.000458598235396055 0.182432432432432
"Protoxerus stangeri" 34 102 75 NA NA 0.133333333333333
"Protoxerus stangeri" 34 136 41 NA NA 0.0975609756097561
"Protoxerus stangeri" 34 170 39 NA NA 0.102564102564103
"Protoxerus stangeri" 35 70 272 -3.59086477212332 0.000329582612817607 0.198529411764706
"Protoxerus stangeri" 35 105 73 NA NA 0.123287671232877
"Protoxerus stangeri" 35 140 40 NA NA 0.1
"Protoxerus stangeri" 35 175 37 NA NA 0.0810810810810811
"Protoxerus stangeri" 36 72 249 -3.76200127743334 0.000168559186737903 0.196787148594378
"Protoxerus stangeri" 36 108 49 NA NA 0.122448979591837
"Protoxerus stangeri" 36 144 40 NA NA 0.1
"Protoxerus stangeri" 36 180 37 NA NA 0.0810810810810811
"Protoxerus stangeri" 37 74 225 NA NA 0.217777777777778
"Protoxerus stangeri" 37 111 45 NA NA 0.111111111111111
"Protoxerus stangeri" 37 148 40 NA NA 0.1
"Protoxerus stangeri" 37 185 35 NA NA 0.0857142857142857
"Protoxerus stangeri" 38 76 216 NA NA 0.226851851851852
"Protoxerus stangeri" 38 114 45 NA NA 0.111111111111111
"Protoxerus stangeri" 38 152 40 NA NA 0.1
"Protoxerus stangeri" 38 190 34 NA NA 0.0882352941176471
"Protoxerus stangeri" 39 78 209 NA NA 0.229665071770335
"Protoxerus stangeri" 39 117 43 NA NA 0.116279069767442
"Protoxerus stangeri" 39 156 39 NA NA 0.102564102564103
"Protoxerus stangeri" 39 195 33 NA NA 0.0909090909090909
"Protoxerus stangeri" 40 80 180 NA NA 0.2
"Protoxerus stangeri" 40 120 43 NA NA 0.116279069767442
"Protoxerus stangeri" 40 160 39 NA NA 0.102564102564103
"Protoxerus stangeri" 40 200 33 NA NA 0.0909090909090909
"Protoxerus stangeri" 41 82 170 NA NA 0.2
"Protoxerus stangeri" 41 123 43 NA NA 0.116279069767442
"Protoxerus stangeri" 41 164 39 NA NA 0.102564102564103
"Protoxerus stangeri" 42 84 166 NA NA 0.204819277108434
"Protoxerus stangeri" 42 126 43 NA NA 0.116279069767442
"Protoxerus stangeri" 42 168 39 NA NA 0.102564102564103
"Protoxerus stangeri" 43 86 165 NA NA 0.206060606060606
"Protoxerus stangeri" 43 129 42 NA NA 0.119047619047619
"Protoxerus stangeri" 43 172 39 NA NA 0.102564102564103
"Protoxerus stangeri" 44 88 158 NA NA 0.183544303797468
"Protoxerus stangeri" 44 132 41 NA NA 0.0975609756097561
"Protoxerus stangeri" 44 176 37 NA NA 0.0810810810810811
"Protoxerus stangeri" 45 90 151 NA NA 0.185430463576159
"Protoxerus stangeri" 45 135 41 NA NA 0.0975609756097561
"Protoxerus stangeri" 45 180 37 NA NA 0.0810810810810811
"Protoxerus stangeri" 46 92 146 NA NA 0.184931506849315
"Protoxerus stangeri" 46 138 41 NA NA 0.0975609756097561
"Protoxerus stangeri" 46 184 36 NA NA 0.0833333333333333
"Protoxerus stangeri" 47 94 142 NA NA 0.183098591549296
"Protoxerus stangeri" 47 141 40 NA NA 0.1
"Protoxerus stangeri" 47 188 34 NA NA 0.0882352941176471
"Protoxerus stangeri" 48 96 105 NA NA 0.161904761904762
"Protoxerus stangeri" 48 144 40 NA NA 0.1
"Protoxerus stangeri" 48 192 33 NA NA 0.0909090909090909
"Protoxerus stangeri" 49 98 75 NA NA 0.133333333333333
"Protoxerus stangeri" 49 147 40 NA NA 0.1
"Protoxerus stangeri" 49 196 33 NA NA 0.0909090909090909
"Protoxerus stangeri" 50 100 75 NA NA 0.133333333333333
"Protoxerus stangeri" 50 150 40 NA NA 0.1
"Protoxerus stangeri" 50 200 33 NA NA 0.0909090909090909
"Protoxerus stangeri" 51 102 75 NA NA 0.133333333333333
"Protoxerus stangeri" 51 153 40 NA NA 0.1
"Protoxerus stangeri" 52 104 75 NA NA 0.133333333333333
"Protoxerus stangeri" 52 156 39 NA NA 0.102564102564103
"Protoxerus stangeri" 53 106 61 NA NA 0.131147540983607
"Protoxerus stangeri" 53 159 39 NA NA 0.102564102564103
"Protoxerus stangeri" 54 108 49 NA NA 0.122448979591837
"Protoxerus stangeri" 54 162 39 NA NA 0.102564102564103
"Protoxerus stangeri" 55 110 47 NA NA 0.127659574468085
"Protoxerus stangeri" 55 165 39 NA NA 0.102564102564103
"Protoxerus stangeri" 56 112 45 NA NA 0.111111111111111
"Protoxerus stangeri" 56 168 39 NA NA 0.102564102564103
"Protoxerus stangeri" 57 114 45 NA NA 0.111111111111111
"Protoxerus stangeri" 57 171 39 NA NA 0.102564102564103
"Protoxerus stangeri" 58 116 44 NA NA 0.113636363636364
"Protoxerus stangeri" 58 174 38 NA NA 0.105263157894737
"Protoxerus stangeri" 59 118 43 NA NA 0.116279069767442
"Protoxerus stangeri" 59 177 37 NA NA 0.0810810810810811
"Protoxerus stangeri" 60 120 43 NA NA 0.116279069767442
"Protoxerus stangeri" 60 180 37 NA NA 0.0810810810810811
"Protoxerus stangeri" 61 122 43 NA NA 0.116279069767442
"Protoxerus stangeri" 61 183 37 NA NA 0.0810810810810811
"Protoxerus stangeri" 62 124 43 NA NA 0.116279069767442
"Protoxerus stangeri" 62 186 35 NA NA 0.0857142857142857
"Protoxerus stangeri" 63 126 43 NA NA 0.116279069767442
"Protoxerus stangeri" 63 189 34 NA NA 0.0882352941176471
"Protoxerus stangeri" 64 128 42 NA NA 0.119047619047619
"Protoxerus stangeri" 64 192 33 NA NA 0.0909090909090909
"Protoxerus stangeri" 65 130 41 NA NA 0.0975609756097561
"Protoxerus stangeri" 65 195 33 NA NA 0.0909090909090909
"Protoxerus stangeri" 66 132 41 NA NA 0.0975609756097561
"Protoxerus stangeri" 66 198 33 NA NA 0.0909090909090909
"Protoxerus stangeri" 67 134 41 NA NA 0.0975609756097561
"Protoxerus stangeri" 68 136 41 NA NA 0.0975609756097561
"Protoxerus stangeri" 69 138 41 NA NA 0.0975609756097561
"Protoxerus stangeri" 70 140 40 NA NA 0.1
"Protoxerus stangeri" 71 142 40 NA NA 0.1
"Protoxerus stangeri" 72 144 40 NA NA 0.1
"Protoxerus stangeri" 73 146 40 NA NA 0.1
"Protoxerus stangeri" 74 148 40 NA NA 0.1
"Protoxerus stangeri" 75 150 40 NA NA 0.1
"Protoxerus stangeri" 76 152 40 NA NA 0.1
"Protoxerus stangeri" 77 154 39 NA NA 0.102564102564103
"Protoxerus stangeri" 78 156 39 NA NA 0.102564102564103
"Protoxerus stangeri" 79 158 39 NA NA 0.102564102564103
"Protoxerus stangeri" 80 160 39 NA NA 0.102564102564103
"Protoxerus stangeri" 81 162 39 NA NA 0.102564102564103
"Protoxerus stangeri" 82 164 39 NA NA 0.102564102564103
"Protoxerus stangeri" 83 166 39 NA NA 0.102564102564103
"Protoxerus stangeri" 84 168 39 NA NA 0.102564102564103
"Protoxerus stangeri" 85 170 39 NA NA 0.102564102564103
"Protoxerus stangeri" 86 172 39 NA NA 0.102564102564103
"Protoxerus stangeri" 87 174 38 NA NA 0.105263157894737
"Protoxerus stangeri" 88 176 37 NA NA 0.0810810810810811
"Protoxerus stangeri" 89 178 37 NA NA 0.0810810810810811
"Protoxerus stangeri" 90 180 37 NA NA 0.0810810810810811
"Protoxerus stangeri" 91 182 37 NA NA 0.0810810810810811
"Protoxerus stangeri" 92 184 36 NA NA 0.0833333333333333
"Protoxerus stangeri" 93 186 35 NA NA 0.0857142857142857
"Protoxerus stangeri" 94 188 34 NA NA 0.0882352941176471
"Protoxerus stangeri" 95 190 34 NA NA 0.0882352941176471
"Protoxerus stangeri" 96 192 33 NA NA 0.0909090909090909
"Protoxerus stangeri" 97 194 33 NA NA 0.0909090909090909
"Protoxerus stangeri" 98 196 33 NA NA 0.0909090909090909
"Protoxerus stangeri" 99 198 33 NA NA 0.0909090909090909
"Protoxerus stangeri" 100 200 33 NA NA 0.0909090909090909
