"species" "time_interval" "study_duration" "n_cams" "z" "P" "p_presence"
"Nandinia binotata" 1 2 454 NA NA 0
"Nandinia binotata" 1 3 454 NA NA 0.00220264317180617
"Nandinia binotata" 1 4 452 NA NA 0.0154867256637168
"Nandinia binotata" 1 5 450 NA NA 0.0222222222222222
"Nandinia binotata" 1 6 449 NA NA 0.0267260579064588
"Nandinia binotata" 1 7 447 NA NA 0.029082774049217
"Nandinia binotata" 1 8 447 1.85129899979745 0.064126549913615 0.0357941834451902
"Nandinia binotata" 1 9 447 2.27291001612832 0.0230316030898294 0.0447427293064877
"Nandinia binotata" 1 10 445 2.53584875384316 0.0112175170239382 0.0471910112359551
"Nandinia binotata" 1 11 440 2.80060392882976 0.00510070800166688 0.0545454545454545
"Nandinia binotata" 1 12 439 2.82792045127824 0.00468514469609365 0.0546697038724374
"Nandinia binotata" 1 13 438 1.94404528620292 0.0518899902790693 0.0662100456621005
"Nandinia binotata" 1 14 436 1.11798132910261 0.263574967660241 0.0756880733944954
"Nandinia binotata" 1 15 436 1.21313272781719 0.225079079009224 0.0802752293577982
"Nandinia binotata" 1 16 435 1.1647140773847 0.244134748764114 0.0827586206896552
"Nandinia binotata" 1 17 435 1.18599049589283 0.235626052842249 0.0827586206896552
"Nandinia binotata" 1 18 434 0.982858379889916 0.32567714434581 0.0944700460829493
"Nandinia binotata" 1 19 432 0.990776109507915 0.321794917407909 0.0949074074074074
"Nandinia binotata" 1 20 430 0.850262409117552 0.395179210978914 0.0976744186046512
"Nandinia binotata" 1 21 429 0.61836289770848 0.536336149267566 0.107226107226107
"Nandinia binotata" 1 22 427 0.930863470818793 0.35192419240816 0.117096018735363
"Nandinia binotata" 1 23 426 1.03652301550717 0.299958207758136 0.119718309859155
"Nandinia binotata" 1 24 425 0.727973807537771 0.466629620074178 0.124705882352941
"Nandinia binotata" 1 25 423 0.76383340755472 0.444966525629284 0.125295508274232
"Nandinia binotata" 1 26 422 1.12571036927693 0.260288133230486 0.125592417061611
"Nandinia binotata" 1 27 422 0.968325652557029 0.332881757202764 0.127962085308057
"Nandinia binotata" 1 28 422 1.05597124273312 0.290981353355691 0.132701421800948
"Nandinia binotata" 1 29 422 1.13605467291161 0.255933683506692 0.132701421800948
"Nandinia binotata" 1 30 420 1.57488028958924 0.115284079080185 0.14047619047619
"Nandinia binotata" 1 31 419 1.62390347751491 0.10439641027877 0.143198090692124
"Nandinia binotata" 1 32 419 1.85390652317207 0.0637525345066496 0.15035799522673
"Nandinia binotata" 1 33 415 1.77761773392913 0.0754666591767223 0.156626506024096
"Nandinia binotata" 1 34 415 1.78992047112804 0.0734666973863049 0.156626506024096
"Nandinia binotata" 1 35 413 1.92503820734694 0.0542245784982982 0.159806295399516
"Nandinia binotata" 1 36 412 1.94952140704526 0.0512331888802776 0.160194174757282
"Nandinia binotata" 1 37 410 2.25009845576961 0.0244426960986078 0.160975609756098
"Nandinia binotata" 1 38 410 2.25193913052421 0.0243261188751403 0.168292682926829
"Nandinia binotata" 1 39 409 1.84198994009583 0.065476621391799 0.176039119804401
"Nandinia binotata" 1 40 408 2.05561834147975 0.0398193184627259 0.181372549019608
"Nandinia binotata" 1 41 407 2.19846158264597 0.0279162293600803 0.186732186732187
"Nandinia binotata" 1 42 407 2.55941920626039 0.0104847223989642 0.196560196560197
"Nandinia binotata" 1 43 405 2.8552720344301 0.00429999801861985 0.197530864197531
"Nandinia binotata" 1 44 403 2.80996289217543 0.00495472122870548 0.198511166253102
"Nandinia binotata" 1 45 402 2.89146990819429 0.00383444311439974 0.201492537313433
"Nandinia binotata" 1 46 401 3.02608962245827 0.00247738859709203 0.201995012468828
"Nandinia binotata" 1 47 398 3.19020585090304 0.00142171487019155 0.203517587939698
"Nandinia binotata" 1 48 397 3.07747938787621 0.00208759275447715 0.206549118387909
"Nandinia binotata" 1 49 395 2.85169097053933 0.00434873554680841 0.212658227848101
"Nandinia binotata" 1 50 391 2.73020180845536 0.00632955656053973 0.214833759590793
"Nandinia binotata" 1 51 388 2.67011178548868 0.00758259982134573 0.216494845360825
"Nandinia binotata" 1 52 386 2.67021362334669 0.00758030028816572 0.217616580310881
"Nandinia binotata" 1 53 382 2.65410584369241 0.00795188797523699 0.217277486910995
"Nandinia binotata" 1 54 381 2.52912625583814 0.0114346885428811 0.223097112860892
"Nandinia binotata" 1 55 376 2.67957596052241 0.00737154758991227 0.223404255319149
"Nandinia binotata" 1 56 373 2.61291735111293 0.00897730088799208 0.222520107238606
"Nandinia binotata" 1 57 370 2.77134735480754 0.00558248397362261 0.224324324324324
"Nandinia binotata" 1 58 366 2.91338424961325 0.00357534358244453 0.234972677595628
"Nandinia binotata" 1 59 364 2.95189412945857 0.00315831197840705 0.236263736263736
"Nandinia binotata" 1 60 361 3.21376669277272 0.00131006073973572 0.235457063711911
"Nandinia binotata" 1 61 356 3.13178260288737 0.00173748478647581 0.235955056179775
"Nandinia binotata" 1 62 351 2.92604543831348 0.00343300791723965 0.233618233618234
"Nandinia binotata" 1 63 349 3.05106370072238 0.00228032190327272 0.237822349570201
"Nandinia binotata" 1 64 341 2.70199745796402 0.00689242893381951 0.231671554252199
"Nandinia binotata" 1 65 327 1.77940265016032 0.0751737723004375 0.220183486238532
"Nandinia binotata" 1 66 320 1.5399444526973 0.12357389393964 0.21875
"Nandinia binotata" 1 67 304 1.26616314858299 0.205454678001455 0.223684210526316
"Nandinia binotata" 1 68 296 1.14559643395914 0.251962173471269 0.233108108108108
"Nandinia binotata" 1 69 283 0.33542736293639 0.737302729692154 0.222614840989399
"Nandinia binotata" 1 70 272 0.445046003430692 0.656286509208103 0.235294117647059
"Nandinia binotata" 1 71 268 0.0975769546254267 0.922268224706999 0.238805970149254
"Nandinia binotata" 1 72 249 0.139982999951064 0.888673422202023 0.232931726907631
"Nandinia binotata" 1 73 231 NA NA 0.238095238095238
"Nandinia binotata" 1 74 225 NA NA 0.24
"Nandinia binotata" 1 75 218 NA NA 0.252293577981651
"Nandinia binotata" 1 76 216 NA NA 0.25462962962963
"Nandinia binotata" 1 77 211 NA NA 0.260663507109005
"Nandinia binotata" 1 78 209 NA NA 0.263157894736842
"Nandinia binotata" 1 79 195 NA NA 0.271794871794872
"Nandinia binotata" 1 80 180 NA NA 0.266666666666667
"Nandinia binotata" 1 81 176 NA NA 0.272727272727273
"Nandinia binotata" 1 82 170 NA NA 0.276470588235294
"Nandinia binotata" 1 83 166 NA NA 0.27710843373494
"Nandinia binotata" 1 84 166 NA NA 0.27710843373494
"Nandinia binotata" 1 85 166 NA NA 0.27710843373494
"Nandinia binotata" 1 86 165 NA NA 0.278787878787879
"Nandinia binotata" 1 87 163 NA NA 0.288343558282209
"Nandinia binotata" 1 88 158 NA NA 0.29746835443038
"Nandinia binotata" 1 89 153 NA NA 0.30718954248366
"Nandinia binotata" 1 90 151 NA NA 0.304635761589404
"Nandinia binotata" 1 91 150 NA NA 0.3
"Nandinia binotata" 1 92 146 NA NA 0.308219178082192
"Nandinia binotata" 1 93 142 NA NA 0.309859154929577
"Nandinia binotata" 1 94 142 NA NA 0.309859154929577
"Nandinia binotata" 1 95 127 NA NA 0.322834645669291
"Nandinia binotata" 1 96 105 NA NA 0.285714285714286
"Nandinia binotata" 1 97 89 NA NA 0.314606741573034
"Nandinia binotata" 1 98 75 NA NA 0.333333333333333
"Nandinia binotata" 1 99 75 NA NA 0.333333333333333
"Nandinia binotata" 1 100 75 NA NA 0.346666666666667
"Nandinia binotata" 1 101 75 NA NA 0.346666666666667
"Nandinia binotata" 1 102 75 NA NA 0.346666666666667
"Nandinia binotata" 1 103 75 NA NA 0.346666666666667
"Nandinia binotata" 1 104 75 NA NA 0.346666666666667
"Nandinia binotata" 1 105 73 NA NA 0.342465753424658
"Nandinia binotata" 1 106 61 NA NA 0.39344262295082
"Nandinia binotata" 1 107 56 NA NA 0.428571428571429
"Nandinia binotata" 1 108 49 NA NA 0.448979591836735
"Nandinia binotata" 1 109 48 NA NA 0.458333333333333
"Nandinia binotata" 1 110 47 NA NA 0.446808510638298
"Nandinia binotata" 1 111 45 NA NA 0.444444444444444
"Nandinia binotata" 1 112 45 NA NA 0.444444444444444
"Nandinia binotata" 1 113 45 NA NA 0.444444444444444
"Nandinia binotata" 1 114 45 NA NA 0.444444444444444
"Nandinia binotata" 1 115 44 NA NA 0.431818181818182
"Nandinia binotata" 1 116 44 NA NA 0.431818181818182
"Nandinia binotata" 1 117 43 NA NA 0.418604651162791
"Nandinia binotata" 1 118 43 NA NA 0.418604651162791
"Nandinia binotata" 1 119 43 NA NA 0.418604651162791
"Nandinia binotata" 1 120 43 NA NA 0.418604651162791
"Nandinia binotata" 1 121 43 NA NA 0.418604651162791
"Nandinia binotata" 1 122 43 NA NA 0.418604651162791
"Nandinia binotata" 1 123 43 NA NA 0.418604651162791
"Nandinia binotata" 1 124 43 NA NA 0.418604651162791
"Nandinia binotata" 1 125 43 NA NA 0.418604651162791
"Nandinia binotata" 1 126 43 NA NA 0.418604651162791
"Nandinia binotata" 1 127 43 NA NA 0.418604651162791
"Nandinia binotata" 1 128 42 NA NA 0.404761904761905
"Nandinia binotata" 1 129 42 NA NA 0.404761904761905
"Nandinia binotata" 1 130 41 NA NA 0.390243902439024
"Nandinia binotata" 1 131 41 NA NA 0.390243902439024
"Nandinia binotata" 1 132 41 NA NA 0.390243902439024
"Nandinia binotata" 1 133 41 NA NA 0.390243902439024
"Nandinia binotata" 1 134 41 NA NA 0.390243902439024
"Nandinia binotata" 1 135 41 NA NA 0.390243902439024
"Nandinia binotata" 1 136 41 NA NA 0.390243902439024
"Nandinia binotata" 1 137 41 NA NA 0.390243902439024
"Nandinia binotata" 1 138 41 NA NA 0.390243902439024
"Nandinia binotata" 1 139 40 NA NA 0.4
"Nandinia binotata" 1 140 40 NA NA 0.4
"Nandinia binotata" 1 141 40 NA NA 0.4
"Nandinia binotata" 1 142 40 NA NA 0.4
"Nandinia binotata" 1 143 40 NA NA 0.4
"Nandinia binotata" 1 144 40 NA NA 0.4
"Nandinia binotata" 1 145 40 NA NA 0.4
"Nandinia binotata" 1 146 40 NA NA 0.4
"Nandinia binotata" 1 147 40 NA NA 0.4
"Nandinia binotata" 1 148 40 NA NA 0.4
"Nandinia binotata" 1 149 40 NA NA 0.4
"Nandinia binotata" 1 150 40 NA NA 0.4
"Nandinia binotata" 1 151 40 NA NA 0.4
"Nandinia binotata" 1 152 40 NA NA 0.4
"Nandinia binotata" 1 153 40 NA NA 0.4
"Nandinia binotata" 1 154 39 NA NA 0.41025641025641
"Nandinia binotata" 1 155 39 NA NA 0.41025641025641
"Nandinia binotata" 1 156 39 NA NA 0.41025641025641
"Nandinia binotata" 1 157 39 NA NA 0.41025641025641
"Nandinia binotata" 1 158 39 NA NA 0.41025641025641
"Nandinia binotata" 1 159 39 NA NA 0.41025641025641
"Nandinia binotata" 1 160 39 NA NA 0.41025641025641
"Nandinia binotata" 1 161 39 NA NA 0.41025641025641
"Nandinia binotata" 1 162 39 NA NA 0.41025641025641
"Nandinia binotata" 1 163 39 NA NA 0.41025641025641
"Nandinia binotata" 1 164 39 NA NA 0.41025641025641
"Nandinia binotata" 1 165 39 NA NA 0.41025641025641
"Nandinia binotata" 1 166 39 NA NA 0.41025641025641
"Nandinia binotata" 1 167 39 NA NA 0.41025641025641
"Nandinia binotata" 1 168 39 NA NA 0.41025641025641
"Nandinia binotata" 1 169 39 NA NA 0.41025641025641
"Nandinia binotata" 1 170 39 NA NA 0.41025641025641
"Nandinia binotata" 1 171 39 NA NA 0.41025641025641
"Nandinia binotata" 1 172 39 NA NA 0.41025641025641
"Nandinia binotata" 1 173 38 NA NA 0.394736842105263
"Nandinia binotata" 1 174 38 NA NA 0.394736842105263
"Nandinia binotata" 1 175 37 NA NA 0.378378378378378
"Nandinia binotata" 1 176 37 NA NA 0.378378378378378
"Nandinia binotata" 1 177 37 NA NA 0.378378378378378
"Nandinia binotata" 1 178 37 NA NA 0.378378378378378
"Nandinia binotata" 1 179 37 NA NA 0.378378378378378
"Nandinia binotata" 1 180 37 NA NA 0.378378378378378
"Nandinia binotata" 1 181 37 NA NA 0.378378378378378
"Nandinia binotata" 1 182 37 NA NA 0.378378378378378
"Nandinia binotata" 1 183 37 NA NA 0.378378378378378
"Nandinia binotata" 1 184 36 NA NA 0.361111111111111
"Nandinia binotata" 1 185 35 NA NA 0.342857142857143
"Nandinia binotata" 1 186 35 NA NA 0.342857142857143
"Nandinia binotata" 1 187 34 NA NA 0.352941176470588
"Nandinia binotata" 1 188 34 NA NA 0.352941176470588
"Nandinia binotata" 1 189 34 NA NA 0.352941176470588
"Nandinia binotata" 1 190 34 NA NA 0.352941176470588
"Nandinia binotata" 1 191 33 NA NA 0.363636363636364
"Nandinia binotata" 1 192 33 NA NA 0.363636363636364
"Nandinia binotata" 1 193 33 NA NA 0.363636363636364
"Nandinia binotata" 1 194 33 NA NA 0.393939393939394
"Nandinia binotata" 1 195 33 NA NA 0.393939393939394
"Nandinia binotata" 1 196 33 NA NA 0.393939393939394
"Nandinia binotata" 1 197 33 NA NA 0.393939393939394
"Nandinia binotata" 1 198 33 NA NA 0.393939393939394
"Nandinia binotata" 1 199 33 NA NA 0.393939393939394
"Nandinia binotata" 1 200 33 NA NA 0.393939393939394
"Nandinia binotata" 2 4 452 NA NA 0.0154867256637168
"Nandinia binotata" 2 6 449 NA NA 0.0267260579064588
"Nandinia binotata" 2 8 447 1.74498167420659 0.0809880589659538 0.0357941834451902
"Nandinia binotata" 2 10 445 2.38606073547631 0.0170299383014112 0.0471910112359551
"Nandinia binotata" 2 12 439 2.63804069294459 0.00833865749934349 0.0546697038724374
"Nandinia binotata" 2 14 436 0.924739129922749 0.355101620029028 0.0756880733944954
"Nandinia binotata" 2 16 435 0.929020652146008 0.352878383612507 0.0827586206896552
"Nandinia binotata" 2 18 434 0.759353084129353 0.447641370528378 0.0944700460829493
"Nandinia binotata" 2 20 430 0.622828225034914 0.533397408344488 0.0976744186046512
"Nandinia binotata" 2 22 427 0.693788357024275 0.487814945274337 0.117096018735363
"Nandinia binotata" 2 24 425 0.487818114588923 0.625678679342016 0.124705882352941
"Nandinia binotata" 2 26 422 0.867309445223087 0.385772482885805 0.125592417061611
"Nandinia binotata" 2 28 422 0.806074697422621 0.420199779985942 0.132701421800948
"Nandinia binotata" 2 30 420 1.31840758565425 0.18736724281119 0.14047619047619
"Nandinia binotata" 2 32 419 1.57985493664871 0.114140091182929 0.15035799522673
"Nandinia binotata" 2 34 415 1.52418704336563 0.127461993701896 0.156626506024096
"Nandinia binotata" 2 36 412 1.67488704190271 0.0939563965110005 0.160194174757282
"Nandinia binotata" 2 38 410 1.94581379643546 0.0516771107649443 0.168292682926829
"Nandinia binotata" 2 40 408 1.84017217663778 0.0657429634457479 0.181372549019608
"Nandinia binotata" 2 42 407 2.29657215398841 0.021643188669859 0.196560196560197
"Nandinia binotata" 2 44 403 2.52999702336185 0.0114063494335006 0.198511166253102
"Nandinia binotata" 2 46 401 2.72130355085709 0.00650250210713732 0.201995012468828
"Nandinia binotata" 2 48 397 2.753613062893 0.00589414075786181 0.206549118387909
"Nandinia binotata" 2 50 391 2.47643670141262 0.0132701153455946 0.214833759590793
"Nandinia binotata" 2 52 386 2.41482782692623 0.0157426491939499 0.217616580310881
"Nandinia binotata" 2 54 381 2.29267937076402 0.0218664710632574 0.223097112860892
"Nandinia binotata" 2 56 373 2.36426111585685 0.0180660742470358 0.222520107238606
"Nandinia binotata" 2 58 366 2.64460412852078 0.00817865382222525 0.234972677595628
"Nandinia binotata" 2 60 361 2.86185650101928 0.00421167547582757 0.235457063711911
"Nandinia binotata" 2 62 351 2.5906377084152 0.00957982848238385 0.233618233618234
"Nandinia binotata" 2 64 341 2.38574427718637 0.0170445984778186 0.231671554252199
"Nandinia binotata" 2 66 320 1.33814058432073 0.180850613152373 0.21875
"Nandinia binotata" 2 68 296 1.0437094234841 0.296619848622989 0.233108108108108
"Nandinia binotata" 2 70 272 0.462059767945034 0.644038460305831 0.235294117647059
"Nandinia binotata" 2 72 249 0.148284701751745 0.882118088119663 0.232931726907631
"Nandinia binotata" 2 74 225 NA NA 0.24
"Nandinia binotata" 2 76 216 NA NA 0.25462962962963
"Nandinia binotata" 2 78 209 NA NA 0.263157894736842
"Nandinia binotata" 2 80 180 NA NA 0.266666666666667
"Nandinia binotata" 2 82 170 NA NA 0.276470588235294
"Nandinia binotata" 2 84 166 NA NA 0.27710843373494
"Nandinia binotata" 2 86 165 NA NA 0.278787878787879
"Nandinia binotata" 2 88 158 NA NA 0.29746835443038
"Nandinia binotata" 2 90 151 NA NA 0.304635761589404
"Nandinia binotata" 2 92 146 NA NA 0.308219178082192
"Nandinia binotata" 2 94 142 NA NA 0.309859154929577
"Nandinia binotata" 2 96 105 NA NA 0.285714285714286
"Nandinia binotata" 2 98 75 NA NA 0.333333333333333
"Nandinia binotata" 2 100 75 NA NA 0.346666666666667
"Nandinia binotata" 2 102 75 NA NA 0.346666666666667
"Nandinia binotata" 2 104 75 NA NA 0.346666666666667
"Nandinia binotata" 2 106 61 NA NA 0.39344262295082
"Nandinia binotata" 2 108 49 NA NA 0.448979591836735
"Nandinia binotata" 2 110 47 NA NA 0.446808510638298
"Nandinia binotata" 2 112 45 NA NA 0.444444444444444
"Nandinia binotata" 2 114 45 NA NA 0.444444444444444
"Nandinia binotata" 2 116 44 NA NA 0.431818181818182
"Nandinia binotata" 2 118 43 NA NA 0.418604651162791
"Nandinia binotata" 2 120 43 NA NA 0.418604651162791
"Nandinia binotata" 2 122 43 NA NA 0.418604651162791
"Nandinia binotata" 2 124 43 NA NA 0.418604651162791
"Nandinia binotata" 2 126 43 NA NA 0.418604651162791
"Nandinia binotata" 2 128 42 NA NA 0.404761904761905
"Nandinia binotata" 2 130 41 NA NA 0.390243902439024
"Nandinia binotata" 2 132 41 NA NA 0.390243902439024
"Nandinia binotata" 2 134 41 NA NA 0.390243902439024
"Nandinia binotata" 2 136 41 NA NA 0.390243902439024
"Nandinia binotata" 2 138 41 NA NA 0.390243902439024
"Nandinia binotata" 2 140 40 NA NA 0.4
"Nandinia binotata" 2 142 40 NA NA 0.4
"Nandinia binotata" 2 144 40 NA NA 0.4
"Nandinia binotata" 2 146 40 NA NA 0.4
"Nandinia binotata" 2 148 40 NA NA 0.4
"Nandinia binotata" 2 150 40 NA NA 0.4
"Nandinia binotata" 2 152 40 NA NA 0.4
"Nandinia binotata" 2 154 39 NA NA 0.41025641025641
"Nandinia binotata" 2 156 39 NA NA 0.41025641025641
"Nandinia binotata" 2 158 39 NA NA 0.41025641025641
"Nandinia binotata" 2 160 39 NA NA 0.41025641025641
"Nandinia binotata" 2 162 39 NA NA 0.41025641025641
"Nandinia binotata" 2 164 39 NA NA 0.41025641025641
"Nandinia binotata" 2 166 39 NA NA 0.41025641025641
"Nandinia binotata" 2 168 39 NA NA 0.41025641025641
"Nandinia binotata" 2 170 39 NA NA 0.41025641025641
"Nandinia binotata" 2 172 39 NA NA 0.41025641025641
"Nandinia binotata" 2 174 38 NA NA 0.394736842105263
"Nandinia binotata" 2 176 37 NA NA 0.378378378378378
"Nandinia binotata" 2 178 37 NA NA 0.378378378378378
"Nandinia binotata" 2 180 37 NA NA 0.378378378378378
"Nandinia binotata" 2 182 37 NA NA 0.378378378378378
"Nandinia binotata" 2 184 36 NA NA 0.361111111111111
"Nandinia binotata" 2 186 35 NA NA 0.342857142857143
"Nandinia binotata" 2 188 34 NA NA 0.352941176470588
"Nandinia binotata" 2 190 34 NA NA 0.352941176470588
"Nandinia binotata" 2 192 33 NA NA 0.363636363636364
"Nandinia binotata" 2 194 33 NA NA 0.393939393939394
"Nandinia binotata" 2 196 33 NA NA 0.393939393939394
"Nandinia binotata" 2 198 33 NA NA 0.393939393939394
"Nandinia binotata" 2 200 33 NA NA 0.393939393939394
"Nandinia binotata" 3 6 449 NA NA 0.0267260579064588
"Nandinia binotata" 3 9 447 2.07457114156752 0.0380262990092748 0.0447427293064877
"Nandinia binotata" 3 12 439 2.53719776733037 0.01117438081376 0.0546697038724374
"Nandinia binotata" 3 15 436 0.878088776651931 0.379895543181189 0.0802752293577982
"Nandinia binotata" 3 18 434 0.631423115718719 0.527763905650449 0.0944700460829493
"Nandinia binotata" 3 21 429 0.251588581987026 0.801359085056008 0.107226107226107
"Nandinia binotata" 3 24 425 0.351565206470108 0.725164362583459 0.124705882352941
"Nandinia binotata" 3 27 422 0.584602477082987 0.558815041720493 0.127962085308057
"Nandinia binotata" 3 30 420 1.18183773573705 0.237270091531713 0.14047619047619
"Nandinia binotata" 3 33 415 1.37748814830938 0.168361376516714 0.156626506024096
"Nandinia binotata" 3 36 412 1.53433055555603 0.124948352307958 0.160194174757282
"Nandinia binotata" 3 39 409 1.49552542666247 0.134777369092544 0.176039119804401
"Nandinia binotata" 3 42 407 2.20365438988481 0.0275486590716878 0.196560196560197
"Nandinia binotata" 3 45 402 2.51583764473206 0.0118749871506343 0.201492537313433
"Nandinia binotata" 3 48 397 2.63467228493912 0.00842185515762974 0.206549118387909
"Nandinia binotata" 3 51 388 2.32400634719226 0.0201251538588362 0.216494845360825
"Nandinia binotata" 3 54 381 2.2104641332546 0.0270729670892158 0.223097112860892
"Nandinia binotata" 3 57 370 2.39538603483494 0.0166028747100156 0.224324324324324
"Nandinia binotata" 3 60 361 2.69039336446282 0.00713678395622416 0.235457063711911
"Nandinia binotata" 3 63 349 2.54519690763821 0.0109216131865102 0.237822349570201
"Nandinia binotata" 3 66 320 1.23037320254631 0.218557383456234 0.21875
"Nandinia binotata" 3 69 283 0.253098193847802 0.800192334552174 0.222614840989399
"Nandinia binotata" 3 72 249 0.0577723456256704 0.953929966369526 0.232931726907631
"Nandinia binotata" 3 75 218 NA NA 0.252293577981651
"Nandinia binotata" 3 78 209 NA NA 0.263157894736842
"Nandinia binotata" 3 81 176 NA NA 0.272727272727273
"Nandinia binotata" 3 84 166 NA NA 0.27710843373494
"Nandinia binotata" 3 87 163 NA NA 0.288343558282209
"Nandinia binotata" 3 90 151 NA NA 0.304635761589404
"Nandinia binotata" 3 93 142 NA NA 0.309859154929577
"Nandinia binotata" 3 96 105 NA NA 0.285714285714286
"Nandinia binotata" 3 99 75 NA NA 0.333333333333333
"Nandinia binotata" 3 102 75 NA NA 0.346666666666667
"Nandinia binotata" 3 105 73 NA NA 0.342465753424658
"Nandinia binotata" 3 108 49 NA NA 0.448979591836735
"Nandinia binotata" 3 111 45 NA NA 0.444444444444444
"Nandinia binotata" 3 114 45 NA NA 0.444444444444444
"Nandinia binotata" 3 117 43 NA NA 0.418604651162791
"Nandinia binotata" 3 120 43 NA NA 0.418604651162791
"Nandinia binotata" 3 123 43 NA NA 0.418604651162791
"Nandinia binotata" 3 126 43 NA NA 0.418604651162791
"Nandinia binotata" 3 129 42 NA NA 0.404761904761905
"Nandinia binotata" 3 132 41 NA NA 0.390243902439024
"Nandinia binotata" 3 135 41 NA NA 0.390243902439024
"Nandinia binotata" 3 138 41 NA NA 0.390243902439024
"Nandinia binotata" 3 141 40 NA NA 0.4
"Nandinia binotata" 3 144 40 NA NA 0.4
"Nandinia binotata" 3 147 40 NA NA 0.4
"Nandinia binotata" 3 150 40 NA NA 0.4
"Nandinia binotata" 3 153 40 NA NA 0.4
"Nandinia binotata" 3 156 39 NA NA 0.41025641025641
"Nandinia binotata" 3 159 39 NA NA 0.41025641025641
"Nandinia binotata" 3 162 39 NA NA 0.41025641025641
"Nandinia binotata" 3 165 39 NA NA 0.41025641025641
"Nandinia binotata" 3 168 39 NA NA 0.41025641025641
"Nandinia binotata" 3 171 39 NA NA 0.41025641025641
"Nandinia binotata" 3 174 38 NA NA 0.394736842105263
"Nandinia binotata" 3 177 37 NA NA 0.378378378378378
"Nandinia binotata" 3 180 37 NA NA 0.378378378378378
"Nandinia binotata" 3 183 37 NA NA 0.378378378378378
"Nandinia binotata" 3 186 35 NA NA 0.342857142857143
"Nandinia binotata" 3 189 34 NA NA 0.352941176470588
"Nandinia binotata" 3 192 33 NA NA 0.363636363636364
"Nandinia binotata" 3 195 33 NA NA 0.393939393939394
"Nandinia binotata" 3 198 33 NA NA 0.393939393939394
"Nandinia binotata" 4 8 447 1.65425649678974 0.0980754080312263 0.0357941834451902
"Nandinia binotata" 4 12 439 2.48185707438302 0.0130699687237642 0.0546697038724374
"Nandinia binotata" 4 16 435 0.704248685178625 0.481277916803329 0.0827586206896552
"Nandinia binotata" 4 20 430 0.407395112369315 0.683717816174243 0.0976744186046512
"Nandinia binotata" 4 24 425 0.255106543838351 0.79864081009563 0.124705882352941
"Nandinia binotata" 4 28 422 0.523351189871109 0.600729884263324 0.132701421800948
"Nandinia binotata" 4 32 419 1.29354691499914 0.195821968940785 0.15035799522673
"Nandinia binotata" 4 36 412 1.396468399917 0.162573490038326 0.160194174757282
"Nandinia binotata" 4 40 408 1.57061814904002 0.116271371728828 0.181372549019608
"Nandinia binotata" 4 44 403 2.1736876313996 0.0297286021754267 0.198511166253102
"Nandinia binotata" 4 48 397 2.37285730077391 0.0176510818294298 0.206549118387909
"Nandinia binotata" 4 52 386 2.06247484321625 0.0391625502247447 0.217616580310881
"Nandinia binotata" 4 56 373 2.01808791524576 0.0435821060421229 0.222520107238606
"Nandinia binotata" 4 60 361 2.40440238658656 0.0161989317310798 0.235457063711911
"Nandinia binotata" 4 64 341 1.94273473250729 0.0520482174003273 0.231671554252199
"Nandinia binotata" 4 68 296 0.892157537161308 0.372308498598027 0.233108108108108
"Nandinia binotata" 4 72 249 0.027390709665139 0.978148108083451 0.232931726907631
"Nandinia binotata" 4 76 216 NA NA 0.25462962962963
"Nandinia binotata" 4 80 180 NA NA 0.266666666666667
"Nandinia binotata" 4 84 166 NA NA 0.27710843373494
"Nandinia binotata" 4 88 158 NA NA 0.29746835443038
"Nandinia binotata" 4 92 146 NA NA 0.308219178082192
"Nandinia binotata" 4 96 105 NA NA 0.285714285714286
"Nandinia binotata" 4 100 75 NA NA 0.346666666666667
"Nandinia binotata" 4 104 75 NA NA 0.346666666666667
"Nandinia binotata" 4 108 49 NA NA 0.448979591836735
"Nandinia binotata" 4 112 45 NA NA 0.444444444444444
"Nandinia binotata" 4 116 44 NA NA 0.431818181818182
"Nandinia binotata" 4 120 43 NA NA 0.418604651162791
"Nandinia binotata" 4 124 43 NA NA 0.418604651162791
"Nandinia binotata" 4 128 42 NA NA 0.404761904761905
"Nandinia binotata" 4 132 41 NA NA 0.390243902439024
"Nandinia binotata" 4 136 41 NA NA 0.390243902439024
"Nandinia binotata" 4 140 40 NA NA 0.4
"Nandinia binotata" 4 144 40 NA NA 0.4
"Nandinia binotata" 4 148 40 NA NA 0.4
"Nandinia binotata" 4 152 40 NA NA 0.4
"Nandinia binotata" 4 156 39 NA NA 0.41025641025641
"Nandinia binotata" 4 160 39 NA NA 0.41025641025641
"Nandinia binotata" 4 164 39 NA NA 0.41025641025641
"Nandinia binotata" 4 168 39 NA NA 0.41025641025641
"Nandinia binotata" 4 172 39 NA NA 0.41025641025641
"Nandinia binotata" 4 176 37 NA NA 0.378378378378378
"Nandinia binotata" 4 180 37 NA NA 0.378378378378378
"Nandinia binotata" 4 184 36 NA NA 0.361111111111111
"Nandinia binotata" 4 188 34 NA NA 0.352941176470588
"Nandinia binotata" 4 192 33 NA NA 0.363636363636364
"Nandinia binotata" 4 196 33 NA NA 0.393939393939394
"Nandinia binotata" 4 200 33 NA NA 0.393939393939394
"Nandinia binotata" 5 10 445 2.22194419338504 0.0262870772824099 0.0471910112359551
"Nandinia binotata" 5 15 436 0.72775840363232 0.466761491711949 0.0802752293577982
"Nandinia binotata" 5 20 430 0.338634867442701 0.734884812504049 0.0976744186046512
"Nandinia binotata" 5 25 423 0.142274848005914 0.886862912789206 0.125295508274232
"Nandinia binotata" 5 30 420 0.973848694523476 0.330131671117307 0.14047619047619
"Nandinia binotata" 5 35 413 1.29983271143082 0.193658311419117 0.159806295399516
"Nandinia binotata" 5 40 408 1.50070905441962 0.133430830145269 0.181372549019608
"Nandinia binotata" 5 45 402 2.18661286794977 0.0287707971669709 0.201492537313433
"Nandinia binotata" 5 50 391 2.00935934370204 0.0444990386035988 0.214833759590793
"Nandinia binotata" 5 55 376 1.99887485343315 0.045621896174749 0.223404255319149
"Nandinia binotata" 5 60 361 2.31426680285485 0.0206530915875476 0.235457063711911
"Nandinia binotata" 5 65 327 1.13507480463446 0.256343977177074 0.220183486238532
"Nandinia binotata" 5 70 272 0.325747184938764 0.74461564120411 0.235294117647059
"Nandinia binotata" 5 75 218 NA NA 0.252293577981651
"Nandinia binotata" 5 80 180 NA NA 0.266666666666667
"Nandinia binotata" 5 85 166 NA NA 0.27710843373494
"Nandinia binotata" 5 90 151 NA NA 0.304635761589404
"Nandinia binotata" 5 95 127 NA NA 0.322834645669291
"Nandinia binotata" 5 100 75 NA NA 0.346666666666667
"Nandinia binotata" 5 105 73 NA NA 0.342465753424658
"Nandinia binotata" 5 110 47 NA NA 0.446808510638298
"Nandinia binotata" 5 115 44 NA NA 0.431818181818182
"Nandinia binotata" 5 120 43 NA NA 0.418604651162791
"Nandinia binotata" 5 125 43 NA NA 0.418604651162791
"Nandinia binotata" 5 130 41 NA NA 0.390243902439024
"Nandinia binotata" 5 135 41 NA NA 0.390243902439024
"Nandinia binotata" 5 140 40 NA NA 0.4
"Nandinia binotata" 5 145 40 NA NA 0.4
"Nandinia binotata" 5 150 40 NA NA 0.4
"Nandinia binotata" 5 155 39 NA NA 0.41025641025641
"Nandinia binotata" 5 160 39 NA NA 0.41025641025641
"Nandinia binotata" 5 165 39 NA NA 0.41025641025641
"Nandinia binotata" 5 170 39 NA NA 0.41025641025641
"Nandinia binotata" 5 175 37 NA NA 0.378378378378378
"Nandinia binotata" 5 180 37 NA NA 0.378378378378378
"Nandinia binotata" 5 185 35 NA NA 0.342857142857143
"Nandinia binotata" 5 190 34 NA NA 0.352941176470588
"Nandinia binotata" 5 195 33 NA NA 0.393939393939394
"Nandinia binotata" 5 200 33 NA NA 0.393939393939394
"Nandinia binotata" 6 12 439 2.38750141904434 0.0169633372690659 0.0546697038724374
"Nandinia binotata" 6 18 434 0.420265433633611 0.674291558510067 0.0944700460829493
"Nandinia binotata" 6 24 425 0.209174580089686 0.834311955630901 0.124705882352941
"Nandinia binotata" 6 30 420 1.00082039221964 0.316913648920143 0.14047619047619
"Nandinia binotata" 6 36 412 1.34261834108427 0.179395588331565 0.160194174757282
"Nandinia binotata" 6 42 407 1.99937972803619 0.0455672836195768 0.196560196560197
"Nandinia binotata" 6 48 397 2.4063835854787 0.0161113380235966 0.206549118387909
"Nandinia binotata" 6 54 381 1.9976623213212 0.0457532817422444 0.223097112860892
"Nandinia binotata" 6 60 361 2.37857012905929 0.0173799306192725 0.235457063711911
"Nandinia binotata" 6 66 320 0.996172372312746 0.319166400592251 0.21875
"Nandinia binotata" 6 72 249 0.00130238733950252 0.998960845543397 0.232931726907631
"Nandinia binotata" 6 78 209 NA NA 0.263157894736842
"Nandinia binotata" 6 84 166 NA NA 0.27710843373494
"Nandinia binotata" 6 90 151 NA NA 0.304635761589404
"Nandinia binotata" 6 96 105 NA NA 0.285714285714286
"Nandinia binotata" 6 102 75 NA NA 0.346666666666667
"Nandinia binotata" 6 108 49 NA NA 0.448979591836735
"Nandinia binotata" 6 114 45 NA NA 0.444444444444444
"Nandinia binotata" 6 120 43 NA NA 0.418604651162791
"Nandinia binotata" 6 126 43 NA NA 0.418604651162791
"Nandinia binotata" 6 132 41 NA NA 0.390243902439024
"Nandinia binotata" 6 138 41 NA NA 0.390243902439024
"Nandinia binotata" 6 144 40 NA NA 0.4
"Nandinia binotata" 6 150 40 NA NA 0.4
"Nandinia binotata" 6 156 39 NA NA 0.41025641025641
"Nandinia binotata" 6 162 39 NA NA 0.41025641025641
"Nandinia binotata" 6 168 39 NA NA 0.41025641025641
"Nandinia binotata" 6 174 38 NA NA 0.394736842105263
"Nandinia binotata" 6 180 37 NA NA 0.378378378378378
"Nandinia binotata" 6 186 35 NA NA 0.342857142857143
"Nandinia binotata" 6 192 33 NA NA 0.363636363636364
"Nandinia binotata" 6 198 33 NA NA 0.393939393939394
"Nandinia binotata" 7 14 436 0.585708303163452 0.558071553355109 0.0756880733944954
"Nandinia binotata" 7 21 429 -0.0220981650709112 0.982369650181078 0.107226107226107
"Nandinia binotata" 7 28 422 0.286438921221643 0.774541968088967 0.132701421800948
"Nandinia binotata" 7 35 413 1.13913241417081 0.254647929658231 0.159806295399516
"Nandinia binotata" 7 42 407 1.82190022665683 0.068470125928191 0.196560196560197
"Nandinia binotata" 7 49 395 1.954240918378 0.050672732307297 0.212658227848101
"Nandinia binotata" 7 56 373 1.82642740707929 0.0677859066687143 0.222520107238606
"Nandinia binotata" 7 63 349 1.9447116424035 0.0518096935203216 0.237822349570201
"Nandinia binotata" 7 70 272 0.202105312114966 0.839834395093667 0.235294117647059
"Nandinia binotata" 7 77 211 NA NA 0.260663507109005
"Nandinia binotata" 7 84 166 NA NA 0.27710843373494
"Nandinia binotata" 7 91 150 NA NA 0.3
"Nandinia binotata" 7 98 75 NA NA 0.333333333333333
"Nandinia binotata" 7 105 73 NA NA 0.342465753424658
"Nandinia binotata" 7 112 45 NA NA 0.444444444444444
"Nandinia binotata" 7 119 43 NA NA 0.418604651162791
"Nandinia binotata" 7 126 43 NA NA 0.418604651162791
"Nandinia binotata" 7 133 41 NA NA 0.390243902439024
"Nandinia binotata" 7 140 40 NA NA 0.4
"Nandinia binotata" 7 147 40 NA NA 0.4
"Nandinia binotata" 7 154 39 NA NA 0.41025641025641
"Nandinia binotata" 7 161 39 NA NA 0.41025641025641
"Nandinia binotata" 7 168 39 NA NA 0.41025641025641
"Nandinia binotata" 7 175 37 NA NA 0.378378378378378
"Nandinia binotata" 7 182 37 NA NA 0.378378378378378
"Nandinia binotata" 7 189 34 NA NA 0.352941176470588
"Nandinia binotata" 7 196 33 NA NA 0.393939393939394
"Nandinia binotata" 8 16 435 0.485975611626625 0.626984457580852 0.0827586206896552
"Nandinia binotata" 8 24 425 0.156088757042332 0.875963060322417 0.124705882352941
"Nandinia binotata" 8 32 419 1.18410764655622 0.236370453619956 0.15035799522673
"Nandinia binotata" 8 40 408 1.38992080204854 0.164552928055826 0.181372549019608
"Nandinia binotata" 8 48 397 2.15549896660711 0.0311228094049739 0.206549118387909
"Nandinia binotata" 8 56 373 1.81319574092309 0.0698016365147344 0.222520107238606
"Nandinia binotata" 8 64 341 1.66281326697767 0.0963498201111355 0.231671554252199
"Nandinia binotata" 8 72 249 -0.0785279719021741 0.937408080559538 0.232931726907631
"Nandinia binotata" 8 80 180 NA NA 0.266666666666667
"Nandinia binotata" 8 88 158 NA NA 0.29746835443038
"Nandinia binotata" 8 96 105 NA NA 0.285714285714286
"Nandinia binotata" 8 104 75 NA NA 0.346666666666667
"Nandinia binotata" 8 112 45 NA NA 0.444444444444444
"Nandinia binotata" 8 120 43 NA NA 0.418604651162791
"Nandinia binotata" 8 128 42 NA NA 0.404761904761905
"Nandinia binotata" 8 136 41 NA NA 0.390243902439024
"Nandinia binotata" 8 144 40 NA NA 0.4
"Nandinia binotata" 8 152 40 NA NA 0.4
"Nandinia binotata" 8 160 39 NA NA 0.41025641025641
"Nandinia binotata" 8 168 39 NA NA 0.41025641025641
"Nandinia binotata" 8 176 37 NA NA 0.378378378378378
"Nandinia binotata" 8 184 36 NA NA 0.361111111111111
"Nandinia binotata" 8 192 33 NA NA 0.363636363636364
"Nandinia binotata" 8 200 33 NA NA 0.393939393939394
"Nandinia binotata" 9 18 434 0.295592665459123 0.767541175584121 0.0944700460829493
"Nandinia binotata" 9 27 422 0.264970269605492 0.791032364862685 0.127962085308057
"Nandinia binotata" 9 36 412 1.22065765674711 0.222215666228627 0.160194174757282
"Nandinia binotata" 9 45 402 2.15586741925901 0.0310940191814522 0.201492537313433
"Nandinia binotata" 9 54 381 1.83161425080195 0.06700891212719 0.223097112860892
"Nandinia binotata" 9 63 349 2.04827831433785 0.0405327366051615 0.237822349570201
"Nandinia binotata" 9 72 249 -0.0781494362218095 0.937709182988189 0.232931726907631
"Nandinia binotata" 9 81 176 NA NA 0.272727272727273
"Nandinia binotata" 9 90 151 NA NA 0.304635761589404
"Nandinia binotata" 9 99 75 NA NA 0.333333333333333
"Nandinia binotata" 9 108 49 NA NA 0.448979591836735
"Nandinia binotata" 9 117 43 NA NA 0.418604651162791
"Nandinia binotata" 9 126 43 NA NA 0.418604651162791
"Nandinia binotata" 9 135 41 NA NA 0.390243902439024
"Nandinia binotata" 9 144 40 NA NA 0.4
"Nandinia binotata" 9 153 40 NA NA 0.4
"Nandinia binotata" 9 162 39 NA NA 0.41025641025641
"Nandinia binotata" 9 171 39 NA NA 0.41025641025641
"Nandinia binotata" 9 180 37 NA NA 0.378378378378378
"Nandinia binotata" 9 189 34 NA NA 0.352941176470588
"Nandinia binotata" 9 198 33 NA NA 0.393939393939394
"Nandinia binotata" 10 20 430 0.124026318632456 0.901294436690074 0.0976744186046512
"Nandinia binotata" 10 30 420 0.700981373879625 0.483314639299317 0.14047619047619
"Nandinia binotata" 10 40 408 1.18806072844035 0.234809484965607 0.181372549019608
"Nandinia binotata" 10 50 391 1.66767348551757 0.0953805616323278 0.214833759590793
"Nandinia binotata" 10 60 361 1.9489324075733 0.0513034972751648 0.235457063711911
"Nandinia binotata" 10 70 272 0.165240260684517 0.868754877355048 0.235294117647059
"Nandinia binotata" 10 80 180 NA NA 0.266666666666667
"Nandinia binotata" 10 90 151 NA NA 0.304635761589404
"Nandinia binotata" 10 100 75 NA NA 0.346666666666667
"Nandinia binotata" 10 110 47 NA NA 0.446808510638298
"Nandinia binotata" 10 120 43 NA NA 0.418604651162791
"Nandinia binotata" 10 130 41 NA NA 0.390243902439024
"Nandinia binotata" 10 140 40 NA NA 0.4
"Nandinia binotata" 10 150 40 NA NA 0.4
"Nandinia binotata" 10 160 39 NA NA 0.41025641025641
"Nandinia binotata" 10 170 39 NA NA 0.41025641025641
"Nandinia binotata" 10 180 37 NA NA 0.378378378378378
"Nandinia binotata" 10 190 34 NA NA 0.352941176470588
"Nandinia binotata" 10 200 33 NA NA 0.393939393939394
"Nandinia binotata" 11 22 427 0.154102403771487 0.87752899298618 0.117096018735363
"Nandinia binotata" 11 33 415 0.881413398295893 0.378094108429552 0.156626506024096
"Nandinia binotata" 11 44 403 1.74907740069698 0.0802776410797517 0.198511166253102
"Nandinia binotata" 11 55 376 1.69199796166353 0.0906463622704148 0.223404255319149
"Nandinia binotata" 11 66 320 0.72095483119374 0.470937305709962 0.21875
"Nandinia binotata" 11 77 211 NA NA 0.260663507109005
"Nandinia binotata" 11 88 158 NA NA 0.29746835443038
"Nandinia binotata" 11 99 75 NA NA 0.333333333333333
"Nandinia binotata" 11 110 47 NA NA 0.446808510638298
"Nandinia binotata" 11 121 43 NA NA 0.418604651162791
"Nandinia binotata" 11 132 41 NA NA 0.390243902439024
"Nandinia binotata" 11 143 40 NA NA 0.4
"Nandinia binotata" 11 154 39 NA NA 0.41025641025641
"Nandinia binotata" 11 165 39 NA NA 0.41025641025641
"Nandinia binotata" 11 176 37 NA NA 0.378378378378378
"Nandinia binotata" 11 187 34 NA NA 0.352941176470588
"Nandinia binotata" 11 198 33 NA NA 0.393939393939394
"Nandinia binotata" 12 24 425 0.0236786710105772 0.981108919303647 0.124705882352941
"Nandinia binotata" 12 36 412 1.17930518901508 0.238276672763079 0.160194174757282
"Nandinia binotata" 12 48 397 2.199386526293 0.0278504498693356 0.206549118387909
"Nandinia binotata" 12 60 361 2.13346686782911 0.0328864467794106 0.235457063711911
"Nandinia binotata" 12 72 249 -0.213671862286431 0.830802955229097 0.232931726907631
"Nandinia binotata" 12 84 166 NA NA 0.27710843373494
"Nandinia binotata" 12 96 105 NA NA 0.285714285714286
"Nandinia binotata" 12 108 49 NA NA 0.448979591836735
"Nandinia binotata" 12 120 43 NA NA 0.418604651162791
"Nandinia binotata" 12 132 41 NA NA 0.390243902439024
"Nandinia binotata" 12 144 40 NA NA 0.4
"Nandinia binotata" 12 156 39 NA NA 0.41025641025641
"Nandinia binotata" 12 168 39 NA NA 0.41025641025641
"Nandinia binotata" 12 180 37 NA NA 0.378378378378378
"Nandinia binotata" 12 192 33 NA NA 0.363636363636364
"Nandinia binotata" 13 26 422 0.295207004781512 0.767835751285243 0.125592417061611
"Nandinia binotata" 13 39 409 0.977225904988828 0.328457325897313 0.176039119804401
"Nandinia binotata" 13 52 386 1.72828634307638 0.0839369003045508 0.217616580310881
"Nandinia binotata" 13 65 327 0.889327288169229 0.373827210050047 0.220183486238532
"Nandinia binotata" 13 78 209 NA NA 0.263157894736842
"Nandinia binotata" 13 91 150 NA NA 0.3
"Nandinia binotata" 13 104 75 NA NA 0.346666666666667
"Nandinia binotata" 13 117 43 NA NA 0.418604651162791
"Nandinia binotata" 13 130 41 NA NA 0.390243902439024
"Nandinia binotata" 13 143 40 NA NA 0.4
"Nandinia binotata" 13 156 39 NA NA 0.41025641025641
"Nandinia binotata" 13 169 39 NA NA 0.41025641025641
"Nandinia binotata" 13 182 37 NA NA 0.378378378378378
"Nandinia binotata" 13 195 33 NA NA 0.393939393939394
"Nandinia binotata" 14 28 422 0.191083220919979 0.848460393190434 0.132701421800948
"Nandinia binotata" 14 42 407 1.53294611360506 0.12528913257746 0.196560196560197
"Nandinia binotata" 14 56 373 1.62440648295715 0.104289084383653 0.222520107238606
"Nandinia binotata" 14 70 272 0.186130501682812 0.852342422963281 0.235294117647059
"Nandinia binotata" 14 84 166 NA NA 0.27710843373494
"Nandinia binotata" 14 98 75 NA NA 0.333333333333333
"Nandinia binotata" 14 112 45 NA NA 0.444444444444444
"Nandinia binotata" 14 126 43 NA NA 0.418604651162791
"Nandinia binotata" 14 140 40 NA NA 0.4
"Nandinia binotata" 14 154 39 NA NA 0.41025641025641
"Nandinia binotata" 14 168 39 NA NA 0.41025641025641
"Nandinia binotata" 14 182 37 NA NA 0.378378378378378
"Nandinia binotata" 14 196 33 NA NA 0.393939393939394
"Nandinia binotata" 15 30 420 0.662658533624589 0.5075492728012 0.14047619047619
"Nandinia binotata" 15 45 402 1.78215150703693 0.074724528263543 0.201492537313433
"Nandinia binotata" 15 60 361 1.86686844029764 0.0619199620554354 0.235457063711911
"Nandinia binotata" 15 75 218 NA NA 0.252293577981651
"Nandinia binotata" 15 90 151 NA NA 0.304635761589404
"Nandinia binotata" 15 105 73 NA NA 0.342465753424658
"Nandinia binotata" 15 120 43 NA NA 0.418604651162791
"Nandinia binotata" 15 135 41 NA NA 0.390243902439024
"Nandinia binotata" 15 150 40 NA NA 0.4
"Nandinia binotata" 15 165 39 NA NA 0.41025641025641
"Nandinia binotata" 15 180 37 NA NA 0.378378378378378
"Nandinia binotata" 15 195 33 NA NA 0.393939393939394
"Nandinia binotata" 16 32 419 0.877545137460017 0.380190613328666 0.15035799522673
"Nandinia binotata" 16 48 397 1.88771294667654 0.0590644973451538 0.206549118387909
"Nandinia binotata" 16 64 341 1.40159169289682 0.161037209052665 0.231671554252199
"Nandinia binotata" 16 80 180 NA NA 0.266666666666667
"Nandinia binotata" 16 96 105 NA NA 0.285714285714286
"Nandinia binotata" 16 112 45 NA NA 0.444444444444444
"Nandinia binotata" 16 128 42 NA NA 0.404761904761905
"Nandinia binotata" 16 144 40 NA NA 0.4
"Nandinia binotata" 16 160 39 NA NA 0.41025641025641
"Nandinia binotata" 16 176 37 NA NA 0.378378378378378
"Nandinia binotata" 16 192 33 NA NA 0.363636363636364
"Nandinia binotata" 17 34 415 0.822281842165141 0.410916508562663 0.156626506024096
"Nandinia binotata" 17 51 388 1.55683695896605 0.119509199864836 0.216494845360825
"Nandinia binotata" 17 68 296 0.595541912775199 0.551481291486262 0.233108108108108
"Nandinia binotata" 17 85 166 NA NA 0.27710843373494
"Nandinia binotata" 17 102 75 NA NA 0.346666666666667
"Nandinia binotata" 17 119 43 NA NA 0.418604651162791
"Nandinia binotata" 17 136 41 NA NA 0.390243902439024
"Nandinia binotata" 17 153 40 NA NA 0.4
"Nandinia binotata" 17 170 39 NA NA 0.41025641025641
"Nandinia binotata" 17 187 34 NA NA 0.352941176470588
"Nandinia binotata" 18 36 412 0.922230350122572 0.356408435286059 0.160194174757282
"Nandinia binotata" 18 54 381 1.5204145865451 0.128406810729968 0.223097112860892
"Nandinia binotata" 18 72 249 -0.136451998805214 0.891463968941686 0.232931726907631
"Nandinia binotata" 18 90 151 NA NA 0.304635761589404
"Nandinia binotata" 18 108 49 NA NA 0.448979591836735
"Nandinia binotata" 18 126 43 NA NA 0.418604651162791
"Nandinia binotata" 18 144 40 NA NA 0.4
"Nandinia binotata" 18 162 39 NA NA 0.41025641025641
"Nandinia binotata" 18 180 37 NA NA 0.378378378378378
"Nandinia binotata" 18 198 33 NA NA 0.393939393939394
"Nandinia binotata" 19 38 410 1.01986727071295 0.307791413716454 0.168292682926829
"Nandinia binotata" 19 57 370 1.37753680873164 0.168346342666371 0.224324324324324
"Nandinia binotata" 19 76 216 NA NA 0.25462962962963
"Nandinia binotata" 19 95 127 NA NA 0.322834645669291
"Nandinia binotata" 19 114 45 NA NA 0.444444444444444
"Nandinia binotata" 19 133 41 NA NA 0.390243902439024
"Nandinia binotata" 19 152 40 NA NA 0.4
"Nandinia binotata" 19 171 39 NA NA 0.41025641025641
"Nandinia binotata" 19 190 34 NA NA 0.352941176470588
"Nandinia binotata" 20 40 408 0.88418483181431 0.376596445059917 0.181372549019608
"Nandinia binotata" 20 60 361 1.56694793097157 0.117126862848151 0.235457063711911
"Nandinia binotata" 20 80 180 NA NA 0.266666666666667
"Nandinia binotata" 20 100 75 NA NA 0.346666666666667
"Nandinia binotata" 20 120 43 NA NA 0.418604651162791
"Nandinia binotata" 20 140 40 NA NA 0.4
"Nandinia binotata" 20 160 39 NA NA 0.41025641025641
"Nandinia binotata" 20 180 37 NA NA 0.378378378378378
"Nandinia binotata" 20 200 33 NA NA 0.393939393939394
"Nandinia binotata" 21 42 407 1.2158477890629 0.224042910265386 0.196560196560197
"Nandinia binotata" 21 63 349 1.51474285773387 0.129837536405831 0.237822349570201
"Nandinia binotata" 21 84 166 NA NA 0.27710843373494
"Nandinia binotata" 21 105 73 NA NA 0.342465753424658
"Nandinia binotata" 21 126 43 NA NA 0.418604651162791
"Nandinia binotata" 21 147 40 NA NA 0.4
"Nandinia binotata" 21 168 39 NA NA 0.41025641025641
"Nandinia binotata" 21 189 34 NA NA 0.352941176470588
"Nandinia binotata" 22 44 403 1.36813304388956 0.171270435130242 0.198511166253102
"Nandinia binotata" 22 66 320 0.630308331722811 0.528492872877515 0.21875
"Nandinia binotata" 22 88 158 NA NA 0.29746835443038
"Nandinia binotata" 22 110 47 NA NA 0.446808510638298
"Nandinia binotata" 22 132 41 NA NA 0.390243902439024
"Nandinia binotata" 22 154 39 NA NA 0.41025641025641
"Nandinia binotata" 22 176 37 NA NA 0.378378378378378
"Nandinia binotata" 22 198 33 NA NA 0.393939393939394
"Nandinia binotata" 23 46 401 1.70063444919796 0.0890116511357372 0.201995012468828
"Nandinia binotata" 23 69 283 -0.00262903399011481 0.997902336785907 0.222614840989399
"Nandinia binotata" 23 92 146 NA NA 0.308219178082192
"Nandinia binotata" 23 115 44 NA NA 0.431818181818182
"Nandinia binotata" 23 138 41 NA NA 0.390243902439024
"Nandinia binotata" 23 161 39 NA NA 0.41025641025641
"Nandinia binotata" 23 184 36 NA NA 0.361111111111111
"Nandinia binotata" 24 48 397 1.73829287141539 0.0821592218180249 0.206549118387909
"Nandinia binotata" 24 72 249 -0.165224434822186 0.868767333365096 0.232931726907631
"Nandinia binotata" 24 96 105 NA NA 0.285714285714286
"Nandinia binotata" 24 120 43 NA NA 0.418604651162791
"Nandinia binotata" 24 144 40 NA NA 0.4
"Nandinia binotata" 24 168 39 NA NA 0.41025641025641
"Nandinia binotata" 24 192 33 NA NA 0.363636363636364
"Nandinia binotata" 25 50 391 1.56863840956758 0.116732217278796 0.214833759590793
"Nandinia binotata" 25 75 218 NA NA 0.252293577981651
"Nandinia binotata" 25 100 75 NA NA 0.346666666666667
"Nandinia binotata" 25 125 43 NA NA 0.418604651162791
"Nandinia binotata" 25 150 40 NA NA 0.4
"Nandinia binotata" 25 175 37 NA NA 0.378378378378378
"Nandinia binotata" 25 200 33 NA NA 0.393939393939394
"Nandinia binotata" 26 52 386 1.58622871523038 0.112687436115658 0.217616580310881
"Nandinia binotata" 26 78 209 NA NA 0.263157894736842
"Nandinia binotata" 26 104 75 NA NA 0.346666666666667
"Nandinia binotata" 26 130 41 NA NA 0.390243902439024
"Nandinia binotata" 26 156 39 NA NA 0.41025641025641
"Nandinia binotata" 26 182 37 NA NA 0.378378378378378
"Nandinia binotata" 27 54 381 1.48511986336592 0.137512075157655 0.223097112860892
"Nandinia binotata" 27 81 176 NA NA 0.272727272727273
"Nandinia binotata" 27 108 49 NA NA 0.448979591836735
"Nandinia binotata" 27 135 41 NA NA 0.390243902439024
"Nandinia binotata" 27 162 39 NA NA 0.41025641025641
"Nandinia binotata" 27 189 34 NA NA 0.352941176470588
"Nandinia binotata" 28 56 373 1.36923685901288 0.170925247820814 0.222520107238606
"Nandinia binotata" 28 84 166 NA NA 0.27710843373494
"Nandinia binotata" 28 112 45 NA NA 0.444444444444444
"Nandinia binotata" 28 140 40 NA NA 0.4
"Nandinia binotata" 28 168 39 NA NA 0.41025641025641
"Nandinia binotata" 28 196 33 NA NA 0.393939393939394
"Nandinia binotata" 29 58 366 1.55094634623113 0.120914542414274 0.234972677595628
"Nandinia binotata" 29 87 163 NA NA 0.288343558282209
"Nandinia binotata" 29 116 44 NA NA 0.431818181818182
"Nandinia binotata" 29 145 40 NA NA 0.4
"Nandinia binotata" 29 174 38 NA NA 0.394736842105263
"Nandinia binotata" 30 60 361 1.52796269761842 0.126521799792868 0.235457063711911
"Nandinia binotata" 30 90 151 NA NA 0.304635761589404
"Nandinia binotata" 30 120 43 NA NA 0.418604651162791
"Nandinia binotata" 30 150 40 NA NA 0.4
"Nandinia binotata" 30 180 37 NA NA 0.378378378378378
"Nandinia binotata" 31 62 351 1.31909913680837 0.187135971721208 0.233618233618234
"Nandinia binotata" 31 93 142 NA NA 0.309859154929577
"Nandinia binotata" 31 124 43 NA NA 0.418604651162791
"Nandinia binotata" 31 155 39 NA NA 0.41025641025641
"Nandinia binotata" 31 186 35 NA NA 0.342857142857143
"Nandinia binotata" 32 64 341 1.25408902107662 0.209809650452309 0.231671554252199
"Nandinia binotata" 32 96 105 NA NA 0.285714285714286
"Nandinia binotata" 32 128 42 NA NA 0.404761904761905
"Nandinia binotata" 32 160 39 NA NA 0.41025641025641
"Nandinia binotata" 32 192 33 NA NA 0.363636363636364
"Nandinia binotata" 33 66 320 0.499106876702283 0.617704093296385 0.21875
"Nandinia binotata" 33 99 75 NA NA 0.333333333333333
"Nandinia binotata" 33 132 41 NA NA 0.390243902439024
"Nandinia binotata" 33 165 39 NA NA 0.41025641025641
"Nandinia binotata" 33 198 33 NA NA 0.393939393939394
"Nandinia binotata" 34 68 296 0.503439907522633 0.614655019685102 0.233108108108108
"Nandinia binotata" 34 102 75 NA NA 0.346666666666667
"Nandinia binotata" 34 136 41 NA NA 0.390243902439024
"Nandinia binotata" 34 170 39 NA NA 0.41025641025641
"Nandinia binotata" 35 70 272 0.187922598235716 0.850937327499689 0.235294117647059
"Nandinia binotata" 35 105 73 NA NA 0.342465753424658
"Nandinia binotata" 35 140 40 NA NA 0.4
"Nandinia binotata" 35 175 37 NA NA 0.378378378378378
"Nandinia binotata" 36 72 249 -0.141634695317964 0.887368560283463 0.232931726907631
"Nandinia binotata" 36 108 49 NA NA 0.448979591836735
"Nandinia binotata" 36 144 40 NA NA 0.4
"Nandinia binotata" 36 180 37 NA NA 0.378378378378378
"Nandinia binotata" 37 74 225 NA NA 0.24
"Nandinia binotata" 37 111 45 NA NA 0.444444444444444
"Nandinia binotata" 37 148 40 NA NA 0.4
"Nandinia binotata" 37 185 35 NA NA 0.342857142857143
"Nandinia binotata" 38 76 216 NA NA 0.25462962962963
"Nandinia binotata" 38 114 45 NA NA 0.444444444444444
"Nandinia binotata" 38 152 40 NA NA 0.4
"Nandinia binotata" 38 190 34 NA NA 0.352941176470588
"Nandinia binotata" 39 78 209 NA NA 0.263157894736842
"Nandinia binotata" 39 117 43 NA NA 0.418604651162791
"Nandinia binotata" 39 156 39 NA NA 0.41025641025641
"Nandinia binotata" 39 195 33 NA NA 0.393939393939394
"Nandinia binotata" 40 80 180 NA NA 0.266666666666667
"Nandinia binotata" 40 120 43 NA NA 0.418604651162791
"Nandinia binotata" 40 160 39 NA NA 0.41025641025641
"Nandinia binotata" 40 200 33 NA NA 0.393939393939394
"Nandinia binotata" 41 82 170 NA NA 0.276470588235294
"Nandinia binotata" 41 123 43 NA NA 0.418604651162791
"Nandinia binotata" 41 164 39 NA NA 0.41025641025641
"Nandinia binotata" 42 84 166 NA NA 0.27710843373494
"Nandinia binotata" 42 126 43 NA NA 0.418604651162791
"Nandinia binotata" 42 168 39 NA NA 0.41025641025641
"Nandinia binotata" 43 86 165 NA NA 0.278787878787879
"Nandinia binotata" 43 129 42 NA NA 0.404761904761905
"Nandinia binotata" 43 172 39 NA NA 0.41025641025641
"Nandinia binotata" 44 88 158 NA NA 0.29746835443038
"Nandinia binotata" 44 132 41 NA NA 0.390243902439024
"Nandinia binotata" 44 176 37 NA NA 0.378378378378378
"Nandinia binotata" 45 90 151 NA NA 0.304635761589404
"Nandinia binotata" 45 135 41 NA NA 0.390243902439024
"Nandinia binotata" 45 180 37 NA NA 0.378378378378378
"Nandinia binotata" 46 92 146 NA NA 0.308219178082192
"Nandinia binotata" 46 138 41 NA NA 0.390243902439024
"Nandinia binotata" 46 184 36 NA NA 0.361111111111111
"Nandinia binotata" 47 94 142 NA NA 0.309859154929577
"Nandinia binotata" 47 141 40 NA NA 0.4
"Nandinia binotata" 47 188 34 NA NA 0.352941176470588
"Nandinia binotata" 48 96 105 NA NA 0.285714285714286
"Nandinia binotata" 48 144 40 NA NA 0.4
"Nandinia binotata" 48 192 33 NA NA 0.363636363636364
"Nandinia binotata" 49 98 75 NA NA 0.333333333333333
"Nandinia binotata" 49 147 40 NA NA 0.4
"Nandinia binotata" 49 196 33 NA NA 0.393939393939394
"Nandinia binotata" 50 100 75 NA NA 0.346666666666667
"Nandinia binotata" 50 150 40 NA NA 0.4
"Nandinia binotata" 50 200 33 NA NA 0.393939393939394
"Nandinia binotata" 51 102 75 NA NA 0.346666666666667
"Nandinia binotata" 51 153 40 NA NA 0.4
"Nandinia binotata" 52 104 75 NA NA 0.346666666666667
"Nandinia binotata" 52 156 39 NA NA 0.41025641025641
"Nandinia binotata" 53 106 61 NA NA 0.39344262295082
"Nandinia binotata" 53 159 39 NA NA 0.41025641025641
"Nandinia binotata" 54 108 49 NA NA 0.448979591836735
"Nandinia binotata" 54 162 39 NA NA 0.41025641025641
"Nandinia binotata" 55 110 47 NA NA 0.446808510638298
"Nandinia binotata" 55 165 39 NA NA 0.41025641025641
"Nandinia binotata" 56 112 45 NA NA 0.444444444444444
"Nandinia binotata" 56 168 39 NA NA 0.41025641025641
"Nandinia binotata" 57 114 45 NA NA 0.444444444444444
"Nandinia binotata" 57 171 39 NA NA 0.41025641025641
"Nandinia binotata" 58 116 44 NA NA 0.431818181818182
"Nandinia binotata" 58 174 38 NA NA 0.394736842105263
"Nandinia binotata" 59 118 43 NA NA 0.418604651162791
"Nandinia binotata" 59 177 37 NA NA 0.378378378378378
"Nandinia binotata" 60 120 43 NA NA 0.418604651162791
"Nandinia binotata" 60 180 37 NA NA 0.378378378378378
"Nandinia binotata" 61 122 43 NA NA 0.418604651162791
"Nandinia binotata" 61 183 37 NA NA 0.378378378378378
"Nandinia binotata" 62 124 43 NA NA 0.418604651162791
"Nandinia binotata" 62 186 35 NA NA 0.342857142857143
"Nandinia binotata" 63 126 43 NA NA 0.418604651162791
"Nandinia binotata" 63 189 34 NA NA 0.352941176470588
"Nandinia binotata" 64 128 42 NA NA 0.404761904761905
"Nandinia binotata" 64 192 33 NA NA 0.363636363636364
"Nandinia binotata" 65 130 41 NA NA 0.390243902439024
"Nandinia binotata" 65 195 33 NA NA 0.393939393939394
"Nandinia binotata" 66 132 41 NA NA 0.390243902439024
"Nandinia binotata" 66 198 33 NA NA 0.393939393939394
"Nandinia binotata" 67 134 41 NA NA 0.390243902439024
"Nandinia binotata" 68 136 41 NA NA 0.390243902439024
"Nandinia binotata" 69 138 41 NA NA 0.390243902439024
"Nandinia binotata" 70 140 40 NA NA 0.4
"Nandinia binotata" 71 142 40 NA NA 0.4
"Nandinia binotata" 72 144 40 NA NA 0.4
"Nandinia binotata" 73 146 40 NA NA 0.4
"Nandinia binotata" 74 148 40 NA NA 0.4
"Nandinia binotata" 75 150 40 NA NA 0.4
"Nandinia binotata" 76 152 40 NA NA 0.4
"Nandinia binotata" 77 154 39 NA NA 0.41025641025641
"Nandinia binotata" 78 156 39 NA NA 0.41025641025641
"Nandinia binotata" 79 158 39 NA NA 0.41025641025641
"Nandinia binotata" 80 160 39 NA NA 0.41025641025641
"Nandinia binotata" 81 162 39 NA NA 0.41025641025641
"Nandinia binotata" 82 164 39 NA NA 0.41025641025641
"Nandinia binotata" 83 166 39 NA NA 0.41025641025641
"Nandinia binotata" 84 168 39 NA NA 0.41025641025641
"Nandinia binotata" 85 170 39 NA NA 0.41025641025641
"Nandinia binotata" 86 172 39 NA NA 0.41025641025641
"Nandinia binotata" 87 174 38 NA NA 0.394736842105263
"Nandinia binotata" 88 176 37 NA NA 0.378378378378378
"Nandinia binotata" 89 178 37 NA NA 0.378378378378378
"Nandinia binotata" 90 180 37 NA NA 0.378378378378378
"Nandinia binotata" 91 182 37 NA NA 0.378378378378378
"Nandinia binotata" 92 184 36 NA NA 0.361111111111111
"Nandinia binotata" 93 186 35 NA NA 0.342857142857143
"Nandinia binotata" 94 188 34 NA NA 0.352941176470588
"Nandinia binotata" 95 190 34 NA NA 0.352941176470588
"Nandinia binotata" 96 192 33 NA NA 0.363636363636364
"Nandinia binotata" 97 194 33 NA NA 0.393939393939394
"Nandinia binotata" 98 196 33 NA NA 0.393939393939394
"Nandinia binotata" 99 198 33 NA NA 0.393939393939394
"Nandinia binotata" 100 200 33 NA NA 0.393939393939394
