"species" "time_interval" "study_duration" "n_cams" "z" "P" "p_presence"
"Genetta servalina" 1 2 454 1.41991643932877 0.155632009369215 0.026431718061674
"Genetta servalina" 1 3 454 1.4338696197066 0.151609472928363 0.0616740088105727
"Genetta servalina" 1 4 452 1.4586352582889 0.144665523903323 0.0707964601769911
"Genetta servalina" 1 5 450 1.10416059082985 0.269523481490676 0.1
"Genetta servalina" 1 6 449 1.81660847713227 0.0692770845048759 0.115812917594655
"Genetta servalina" 1 7 447 1.39072165868457 0.164309847216463 0.123042505592841
"Genetta servalina" 1 8 447 1.42979769496524 0.152775090858821 0.136465324384787
"Genetta servalina" 1 9 447 1.42482567646951 0.154207598187008 0.145413870246085
"Genetta servalina" 1 10 445 0.834340108558144 0.404089356293762 0.166292134831461
"Genetta servalina" 1 11 440 0.475037259827689 0.634760416025654 0.177272727272727
"Genetta servalina" 1 12 439 0.7156238160656 0.474223663752053 0.189066059225513
"Genetta servalina" 1 13 438 0.655463676752693 0.512169265406734 0.19634703196347
"Genetta servalina" 1 14 436 0.468104457532082 0.639709891745541 0.211009174311927
"Genetta servalina" 1 15 436 0.446718303748265 0.655078464364685 0.224770642201835
"Genetta servalina" 1 16 435 0.478198141112136 0.632509185458099 0.23448275862069
"Genetta servalina" 1 17 435 0.468752816698563 0.639246329462389 0.24367816091954
"Genetta servalina" 1 18 434 0.597892572680844 0.549911616057265 0.255760368663594
"Genetta servalina" 1 19 432 0.691553845384312 0.489217555027164 0.263888888888889
"Genetta servalina" 1 20 430 0.786007171866664 0.431863285502707 0.276744186046512
"Genetta servalina" 1 21 429 0.866932909658669 0.385978770541391 0.284382284382284
"Genetta servalina" 1 22 427 0.607041033337451 0.543823681126606 0.295081967213115
"Genetta servalina" 1 23 426 0.350371673154656 0.726059782270029 0.2981220657277
"Genetta servalina" 1 24 425 0.239691921363662 0.810569098226781 0.305882352941176
"Genetta servalina" 1 25 423 -0.0625566387577541 0.95011955900891 0.314420803782506
"Genetta servalina" 1 26 422 0.166706628279602 0.867600889911621 0.322274881516588
"Genetta servalina" 1 27 422 0.307537500226063 0.758434284022998 0.327014218009479
"Genetta servalina" 1 28 422 0.206465785499663 0.836427088168038 0.33175355450237
"Genetta servalina" 1 29 422 0.0911567373088952 0.927368050400654 0.348341232227488
"Genetta servalina" 1 30 420 -0.446804946036973 0.655015899822991 0.352380952380952
"Genetta servalina" 1 31 419 -0.383263125256789 0.701524677405779 0.353221957040573
"Genetta servalina" 1 32 419 -0.428980933185912 0.667937100423925 0.362768496420048
"Genetta servalina" 1 33 415 -0.501930670808241 0.615716289746824 0.36144578313253
"Genetta servalina" 1 34 415 -0.693452543746587 0.488025597649686 0.366265060240964
"Genetta servalina" 1 35 413 -0.768231427494353 0.44234970545192 0.368038740920097
"Genetta servalina" 1 36 412 -0.827947754448879 0.407700088609174 0.37621359223301
"Genetta servalina" 1 37 410 -0.876523131610862 0.380745706899 0.378048780487805
"Genetta servalina" 1 38 410 -0.875241131800758 0.381442717323191 0.378048780487805
"Genetta servalina" 1 39 409 -1.12231098272076 0.261730238105373 0.383863080684597
"Genetta servalina" 1 40 408 -1.03314998954642 0.301533712418387 0.397058823529412
"Genetta servalina" 1 41 407 -0.87466656401946 0.381755358020607 0.4004914004914
"Genetta servalina" 1 42 407 -0.889128823950659 0.373933849573163 0.415233415233415
"Genetta servalina" 1 43 405 -1.03391669630617 0.30117510886479 0.424691358024691
"Genetta servalina" 1 44 403 -1.19159637285482 0.23341954792428 0.429280397022333
"Genetta servalina" 1 45 402 -1.20216414684914 0.229299937247827 0.435323383084577
"Genetta servalina" 1 46 401 -1.08132406410622 0.279552986708673 0.44139650872818
"Genetta servalina" 1 47 398 -1.18154696845981 0.237385506430794 0.444723618090452
"Genetta servalina" 1 48 397 -1.04366441397678 0.296640679600794 0.45088161209068
"Genetta servalina" 1 49 395 -1.12748576641333 0.259537155126762 0.450632911392405
"Genetta servalina" 1 50 391 -0.962148127002944 0.335975201741599 0.455242966751918
"Genetta servalina" 1 51 388 -0.997164814407728 0.318684516711916 0.469072164948454
"Genetta servalina" 1 52 386 -1.11899361660921 0.263142862298451 0.468911917098446
"Genetta servalina" 1 53 382 -1.3995533918254 0.161647099302299 0.471204188481675
"Genetta servalina" 1 54 381 -1.51646486815928 0.129401847263768 0.469816272965879
"Genetta servalina" 1 55 376 -1.53623151865413 0.124481608343796 0.476063829787234
"Genetta servalina" 1 56 373 -1.43608645362133 0.150977742242242 0.479892761394102
"Genetta servalina" 1 57 370 -1.56551421235273 0.117462387579172 0.483783783783784
"Genetta servalina" 1 58 366 -1.77382731376878 0.0760917186782596 0.486338797814208
"Genetta servalina" 1 59 364 -1.79918140283897 0.0719899902373738 0.489010989010989
"Genetta servalina" 1 60 361 -1.97400347662041 0.0483813476296997 0.49584487534626
"Genetta servalina" 1 61 356 -1.94145764035716 0.0522027926532796 0.497191011235955
"Genetta servalina" 1 62 351 -2.03839477981397 0.0415104679372845 0.498575498575499
"Genetta servalina" 1 63 349 -2.08334982497833 0.0372193482161729 0.498567335243553
"Genetta servalina" 1 64 341 -1.71794899244395 0.085805919460251 0.510263929618768
"Genetta servalina" 1 65 327 -0.857125499536043 0.391375530025294 0.529051987767584
"Genetta servalina" 1 66 320 -0.543234619631078 0.586968273213878 0.5375
"Genetta servalina" 1 67 304 0.0163765854712644 0.986933959332218 0.546052631578947
"Genetta servalina" 1 68 296 -0.356221631818632 0.721674593243962 0.560810810810811
"Genetta servalina" 1 69 283 -1.13468540755933 0.256507153573651 0.561837455830389
"Genetta servalina" 1 70 272 -0.936767358468818 0.348878239162877 0.577205882352941
"Genetta servalina" 1 71 268 -0.813615496545687 0.415865257494314 0.58955223880597
"Genetta servalina" 1 72 249 -0.929664670768071 0.352544731992172 0.570281124497992
"Genetta servalina" 1 73 231 NA NA 0.562770562770563
"Genetta servalina" 1 74 225 NA NA 0.555555555555556
"Genetta servalina" 1 75 218 NA NA 0.55045871559633
"Genetta servalina" 1 76 216 NA NA 0.550925925925926
"Genetta servalina" 1 77 211 NA NA 0.554502369668246
"Genetta servalina" 1 78 209 NA NA 0.564593301435407
"Genetta servalina" 1 79 195 NA NA 0.569230769230769
"Genetta servalina" 1 80 180 NA NA 0.572222222222222
"Genetta servalina" 1 81 176 NA NA 0.568181818181818
"Genetta servalina" 1 82 170 NA NA 0.564705882352941
"Genetta servalina" 1 83 166 NA NA 0.572289156626506
"Genetta servalina" 1 84 166 NA NA 0.578313253012048
"Genetta servalina" 1 85 166 NA NA 0.578313253012048
"Genetta servalina" 1 86 165 NA NA 0.581818181818182
"Genetta servalina" 1 87 163 NA NA 0.576687116564417
"Genetta servalina" 1 88 158 NA NA 0.569620253164557
"Genetta servalina" 1 89 153 NA NA 0.57516339869281
"Genetta servalina" 1 90 151 NA NA 0.576158940397351
"Genetta servalina" 1 91 150 NA NA 0.586666666666667
"Genetta servalina" 1 92 146 NA NA 0.595890410958904
"Genetta servalina" 1 93 142 NA NA 0.598591549295775
"Genetta servalina" 1 94 142 NA NA 0.605633802816901
"Genetta servalina" 1 95 127 NA NA 0.622047244094488
"Genetta servalina" 1 96 105 NA NA 0.619047619047619
"Genetta servalina" 1 97 89 NA NA 0.617977528089888
"Genetta servalina" 1 98 75 NA NA 0.653333333333333
"Genetta servalina" 1 99 75 NA NA 0.653333333333333
"Genetta servalina" 1 100 75 NA NA 0.653333333333333
"Genetta servalina" 1 101 75 NA NA 0.653333333333333
"Genetta servalina" 1 102 75 NA NA 0.653333333333333
"Genetta servalina" 1 103 75 NA NA 0.653333333333333
"Genetta servalina" 1 104 75 NA NA 0.653333333333333
"Genetta servalina" 1 105 73 NA NA 0.643835616438356
"Genetta servalina" 1 106 61 NA NA 0.60655737704918
"Genetta servalina" 1 107 56 NA NA 0.625
"Genetta servalina" 1 108 49 NA NA 0.653061224489796
"Genetta servalina" 1 109 48 NA NA 0.666666666666667
"Genetta servalina" 1 110 47 NA NA 0.659574468085106
"Genetta servalina" 1 111 45 NA NA 0.644444444444444
"Genetta servalina" 1 112 45 NA NA 0.644444444444444
"Genetta servalina" 1 113 45 NA NA 0.644444444444444
"Genetta servalina" 1 114 45 NA NA 0.644444444444444
"Genetta servalina" 1 115 44 NA NA 0.636363636363636
"Genetta servalina" 1 116 44 NA NA 0.636363636363636
"Genetta servalina" 1 117 43 NA NA 0.627906976744186
"Genetta servalina" 1 118 43 NA NA 0.627906976744186
"Genetta servalina" 1 119 43 NA NA 0.627906976744186
"Genetta servalina" 1 120 43 NA NA 0.627906976744186
"Genetta servalina" 1 121 43 NA NA 0.627906976744186
"Genetta servalina" 1 122 43 NA NA 0.627906976744186
"Genetta servalina" 1 123 43 NA NA 0.627906976744186
"Genetta servalina" 1 124 43 NA NA 0.627906976744186
"Genetta servalina" 1 125 43 NA NA 0.627906976744186
"Genetta servalina" 1 126 43 NA NA 0.627906976744186
"Genetta servalina" 1 127 43 NA NA 0.627906976744186
"Genetta servalina" 1 128 42 NA NA 0.619047619047619
"Genetta servalina" 1 129 42 NA NA 0.619047619047619
"Genetta servalina" 1 130 41 NA NA 0.634146341463415
"Genetta servalina" 1 131 41 NA NA 0.634146341463415
"Genetta servalina" 1 132 41 NA NA 0.634146341463415
"Genetta servalina" 1 133 41 NA NA 0.634146341463415
"Genetta servalina" 1 134 41 NA NA 0.634146341463415
"Genetta servalina" 1 135 41 NA NA 0.634146341463415
"Genetta servalina" 1 136 41 NA NA 0.634146341463415
"Genetta servalina" 1 137 41 NA NA 0.634146341463415
"Genetta servalina" 1 138 41 NA NA 0.634146341463415
"Genetta servalina" 1 139 40 NA NA 0.625
"Genetta servalina" 1 140 40 NA NA 0.625
"Genetta servalina" 1 141 40 NA NA 0.625
"Genetta servalina" 1 142 40 NA NA 0.625
"Genetta servalina" 1 143 40 NA NA 0.625
"Genetta servalina" 1 144 40 NA NA 0.625
"Genetta servalina" 1 145 40 NA NA 0.625
"Genetta servalina" 1 146 40 NA NA 0.625
"Genetta servalina" 1 147 40 NA NA 0.625
"Genetta servalina" 1 148 40 NA NA 0.625
"Genetta servalina" 1 149 40 NA NA 0.625
"Genetta servalina" 1 150 40 NA NA 0.625
"Genetta servalina" 1 151 40 NA NA 0.625
"Genetta servalina" 1 152 40 NA NA 0.625
"Genetta servalina" 1 153 40 NA NA 0.625
"Genetta servalina" 1 154 39 NA NA 0.615384615384615
"Genetta servalina" 1 155 39 NA NA 0.615384615384615
"Genetta servalina" 1 156 39 NA NA 0.615384615384615
"Genetta servalina" 1 157 39 NA NA 0.615384615384615
"Genetta servalina" 1 158 39 NA NA 0.615384615384615
"Genetta servalina" 1 159 39 NA NA 0.615384615384615
"Genetta servalina" 1 160 39 NA NA 0.615384615384615
"Genetta servalina" 1 161 39 NA NA 0.615384615384615
"Genetta servalina" 1 162 39 NA NA 0.615384615384615
"Genetta servalina" 1 163 39 NA NA 0.615384615384615
"Genetta servalina" 1 164 39 NA NA 0.615384615384615
"Genetta servalina" 1 165 39 NA NA 0.615384615384615
"Genetta servalina" 1 166 39 NA NA 0.615384615384615
"Genetta servalina" 1 167 39 NA NA 0.615384615384615
"Genetta servalina" 1 168 39 NA NA 0.615384615384615
"Genetta servalina" 1 169 39 NA NA 0.615384615384615
"Genetta servalina" 1 170 39 NA NA 0.615384615384615
"Genetta servalina" 1 171 39 NA NA 0.615384615384615
"Genetta servalina" 1 172 39 NA NA 0.615384615384615
"Genetta servalina" 1 173 38 NA NA 0.605263157894737
"Genetta servalina" 1 174 38 NA NA 0.605263157894737
"Genetta servalina" 1 175 37 NA NA 0.621621621621622
"Genetta servalina" 1 176 37 NA NA 0.621621621621622
"Genetta servalina" 1 177 37 NA NA 0.648648648648649
"Genetta servalina" 1 178 37 NA NA 0.648648648648649
"Genetta servalina" 1 179 37 NA NA 0.648648648648649
"Genetta servalina" 1 180 37 NA NA 0.648648648648649
"Genetta servalina" 1 181 37 NA NA 0.648648648648649
"Genetta servalina" 1 182 37 NA NA 0.648648648648649
"Genetta servalina" 1 183 37 NA NA 0.648648648648649
"Genetta servalina" 1 184 36 NA NA 0.638888888888889
"Genetta servalina" 1 185 35 NA NA 0.657142857142857
"Genetta servalina" 1 186 35 NA NA 0.657142857142857
"Genetta servalina" 1 187 34 NA NA 0.647058823529412
"Genetta servalina" 1 188 34 NA NA 0.647058823529412
"Genetta servalina" 1 189 34 NA NA 0.647058823529412
"Genetta servalina" 1 190 34 NA NA 0.647058823529412
"Genetta servalina" 1 191 33 NA NA 0.636363636363636
"Genetta servalina" 1 192 33 NA NA 0.636363636363636
"Genetta servalina" 1 193 33 NA NA 0.636363636363636
"Genetta servalina" 1 194 33 NA NA 0.636363636363636
"Genetta servalina" 1 195 33 NA NA 0.636363636363636
"Genetta servalina" 1 196 33 NA NA 0.636363636363636
"Genetta servalina" 1 197 33 NA NA 0.636363636363636
"Genetta servalina" 1 198 33 NA NA 0.636363636363636
"Genetta servalina" 1 199 33 NA NA 0.636363636363636
"Genetta servalina" 1 200 33 NA NA 0.636363636363636
"Genetta servalina" 2 4 452 1.37963069673452 0.167700381017184 0.0707964601769911
"Genetta servalina" 2 6 449 1.74197147873525 0.0815134350871353 0.115812917594655
"Genetta servalina" 2 8 447 1.3504887462019 0.176859261105647 0.136465324384787
"Genetta servalina" 2 10 445 0.709965125773759 0.477725762672755 0.166292134831461
"Genetta servalina" 2 12 439 0.546056768923503 0.58502691526301 0.189066059225513
"Genetta servalina" 2 14 436 0.313044101253716 0.754247156788838 0.211009174311927
"Genetta servalina" 2 16 435 0.289456923681095 0.772231739510031 0.23448275862069
"Genetta servalina" 2 18 434 0.375510794572226 0.70728061992446 0.255760368663594
"Genetta servalina" 2 20 430 0.55521026929169 0.578750845575655 0.276744186046512
"Genetta servalina" 2 22 427 0.377056796263533 0.706131397157949 0.295081967213115
"Genetta servalina" 2 24 425 0.0168985700703866 0.986517533523522 0.305882352941176
"Genetta servalina" 2 26 422 -0.0351939406536217 0.971925093897692 0.322274881516588
"Genetta servalina" 2 28 422 6.45326226315905e-05 0.99994851041677 0.33175355450237
"Genetta servalina" 2 30 420 -0.619678639792455 0.535469381264911 0.352380952380952
"Genetta servalina" 2 32 419 -0.591897058547284 0.553919523634832 0.362768496420048
"Genetta servalina" 2 34 415 -0.848413346178997 0.396207812551815 0.366265060240964
"Genetta servalina" 2 36 412 -1.00257465248599 0.316066130790413 0.37621359223301
"Genetta servalina" 2 38 410 -1.04683789120068 0.295174351180737 0.378048780487805
"Genetta servalina" 2 40 408 -1.22365050670778 0.221084097834968 0.397058823529412
"Genetta servalina" 2 42 407 -1.04751639686326 0.294861473759408 0.415233415233415
"Genetta servalina" 2 44 403 -1.3506838953371 0.176796713309307 0.429280397022333
"Genetta servalina" 2 46 401 -1.26223998343719 0.206862445329888 0.44139650872818
"Genetta servalina" 2 48 397 -1.22032512368983 0.222341649396326 0.45088161209068
"Genetta servalina" 2 50 391 -1.14126612863074 0.253759192854543 0.455242966751918
"Genetta servalina" 2 52 386 -1.2893599343432 0.197272983529555 0.468911917098446
"Genetta servalina" 2 54 381 -1.66726305669931 0.0954621091552466 0.469816272965879
"Genetta servalina" 2 56 373 -1.56338356268102 0.117962404021592 0.479892761394102
"Genetta servalina" 2 58 366 -1.91046983123365 0.0560727471814046 0.486338797814208
"Genetta servalina" 2 60 361 -2.11058280029163 0.0348081873234158 0.49584487534626
"Genetta servalina" 2 62 351 -2.18104833355433 0.0291798417100383 0.498575498575499
"Genetta servalina" 2 64 341 -1.86015772933522 0.0628632135642589 0.510263929618768
"Genetta servalina" 2 66 320 -0.705412108738675 0.480553810682744 0.5375
"Genetta servalina" 2 68 296 -0.423803170843974 0.671709365454838 0.560810810810811
"Genetta servalina" 2 70 272 -0.895285945109931 0.370634251580328 0.577205882352941
"Genetta servalina" 2 72 249 -0.884891786332292 0.376214998422383 0.570281124497992
"Genetta servalina" 2 74 225 NA NA 0.555555555555556
"Genetta servalina" 2 76 216 NA NA 0.550925925925926
"Genetta servalina" 2 78 209 NA NA 0.564593301435407
"Genetta servalina" 2 80 180 NA NA 0.572222222222222
"Genetta servalina" 2 82 170 NA NA 0.564705882352941
"Genetta servalina" 2 84 166 NA NA 0.578313253012048
"Genetta servalina" 2 86 165 NA NA 0.581818181818182
"Genetta servalina" 2 88 158 NA NA 0.569620253164557
"Genetta servalina" 2 90 151 NA NA 0.576158940397351
"Genetta servalina" 2 92 146 NA NA 0.595890410958904
"Genetta servalina" 2 94 142 NA NA 0.605633802816901
"Genetta servalina" 2 96 105 NA NA 0.619047619047619
"Genetta servalina" 2 98 75 NA NA 0.653333333333333
"Genetta servalina" 2 100 75 NA NA 0.653333333333333
"Genetta servalina" 2 102 75 NA NA 0.653333333333333
"Genetta servalina" 2 104 75 NA NA 0.653333333333333
"Genetta servalina" 2 106 61 NA NA 0.60655737704918
"Genetta servalina" 2 108 49 NA NA 0.653061224489796
"Genetta servalina" 2 110 47 NA NA 0.659574468085106
"Genetta servalina" 2 112 45 NA NA 0.644444444444444
"Genetta servalina" 2 114 45 NA NA 0.644444444444444
"Genetta servalina" 2 116 44 NA NA 0.636363636363636
"Genetta servalina" 2 118 43 NA NA 0.627906976744186
"Genetta servalina" 2 120 43 NA NA 0.627906976744186
"Genetta servalina" 2 122 43 NA NA 0.627906976744186
"Genetta servalina" 2 124 43 NA NA 0.627906976744186
"Genetta servalina" 2 126 43 NA NA 0.627906976744186
"Genetta servalina" 2 128 42 NA NA 0.619047619047619
"Genetta servalina" 2 130 41 NA NA 0.634146341463415
"Genetta servalina" 2 132 41 NA NA 0.634146341463415
"Genetta servalina" 2 134 41 NA NA 0.634146341463415
"Genetta servalina" 2 136 41 NA NA 0.634146341463415
"Genetta servalina" 2 138 41 NA NA 0.634146341463415
"Genetta servalina" 2 140 40 NA NA 0.625
"Genetta servalina" 2 142 40 NA NA 0.625
"Genetta servalina" 2 144 40 NA NA 0.625
"Genetta servalina" 2 146 40 NA NA 0.625
"Genetta servalina" 2 148 40 NA NA 0.625
"Genetta servalina" 2 150 40 NA NA 0.625
"Genetta servalina" 2 152 40 NA NA 0.625
"Genetta servalina" 2 154 39 NA NA 0.615384615384615
"Genetta servalina" 2 156 39 NA NA 0.615384615384615
"Genetta servalina" 2 158 39 NA NA 0.615384615384615
"Genetta servalina" 2 160 39 NA NA 0.615384615384615
"Genetta servalina" 2 162 39 NA NA 0.615384615384615
"Genetta servalina" 2 164 39 NA NA 0.615384615384615
"Genetta servalina" 2 166 39 NA NA 0.615384615384615
"Genetta servalina" 2 168 39 NA NA 0.615384615384615
"Genetta servalina" 2 170 39 NA NA 0.615384615384615
"Genetta servalina" 2 172 39 NA NA 0.615384615384615
"Genetta servalina" 2 174 38 NA NA 0.605263157894737
"Genetta servalina" 2 176 37 NA NA 0.621621621621622
"Genetta servalina" 2 178 37 NA NA 0.648648648648649
"Genetta servalina" 2 180 37 NA NA 0.648648648648649
"Genetta servalina" 2 182 37 NA NA 0.648648648648649
"Genetta servalina" 2 184 36 NA NA 0.638888888888889
"Genetta servalina" 2 186 35 NA NA 0.657142857142857
"Genetta servalina" 2 188 34 NA NA 0.647058823529412
"Genetta servalina" 2 190 34 NA NA 0.647058823529412
"Genetta servalina" 2 192 33 NA NA 0.636363636363636
"Genetta servalina" 2 194 33 NA NA 0.636363636363636
"Genetta servalina" 2 196 33 NA NA 0.636363636363636
"Genetta servalina" 2 198 33 NA NA 0.636363636363636
"Genetta servalina" 2 200 33 NA NA 0.636363636363636
"Genetta servalina" 3 6 449 1.65456768351606 0.0980122233358206 0.115812917594655
"Genetta servalina" 3 9 447 1.2968385979419 0.194686727011507 0.145413870246085
"Genetta servalina" 3 12 439 0.437675153602087 0.661621783265775 0.189066059225513
"Genetta servalina" 3 15 436 0.210580591327948 0.833214558584099 0.224770642201835
"Genetta servalina" 3 18 434 0.282361802379044 0.777666101076782 0.255760368663594
"Genetta servalina" 3 21 429 0.503889165839833 0.61433926433748 0.284382284382284
"Genetta servalina" 3 24 425 -0.0911665856265534 0.927360225163309 0.305882352941176
"Genetta servalina" 3 27 422 -0.0277899640031355 0.977829670438129 0.327014218009479
"Genetta servalina" 3 30 420 -0.714912052222317 0.474663389267557 0.352380952380952
"Genetta servalina" 3 33 415 -0.718353977759765 0.472539055924598 0.36144578313253
"Genetta servalina" 3 36 412 -1.05046413889882 0.29350477026219 0.37621359223301
"Genetta servalina" 3 39 409 -1.30721903786936 0.191138331592458 0.383863080684597
"Genetta servalina" 3 42 407 -1.04390965225155 0.296527192038189 0.415233415233415
"Genetta servalina" 3 45 402 -1.36367188971189 0.172670855012564 0.435323383084577
"Genetta servalina" 3 48 397 -1.22373341435315 0.221052810138937 0.45088161209068
"Genetta servalina" 3 51 388 -1.16032036659716 0.245918395392482 0.469072164948454
"Genetta servalina" 3 54 381 -1.65068610158866 0.0988026872244532 0.469816272965879
"Genetta servalina" 3 57 370 -1.72217059656633 0.085038619573163 0.483783783783784
"Genetta servalina" 3 60 361 -2.1150524120292 0.0344254804944153 0.49584487534626
"Genetta servalina" 3 63 349 -2.23272830938483 0.0255668664135507 0.498567335243553
"Genetta servalina" 3 66 320 -0.718915172409166 0.472193187430231 0.5375
"Genetta servalina" 3 69 283 -1.06558190218561 0.286612683844202 0.561837455830389
"Genetta servalina" 3 72 249 -0.929186117832515 0.352792640484906 0.570281124497992
"Genetta servalina" 3 75 218 NA NA 0.55045871559633
"Genetta servalina" 3 78 209 NA NA 0.564593301435407
"Genetta servalina" 3 81 176 NA NA 0.568181818181818
"Genetta servalina" 3 84 166 NA NA 0.578313253012048
"Genetta servalina" 3 87 163 NA NA 0.576687116564417
"Genetta servalina" 3 90 151 NA NA 0.576158940397351
"Genetta servalina" 3 93 142 NA NA 0.598591549295775
"Genetta servalina" 3 96 105 NA NA 0.619047619047619
"Genetta servalina" 3 99 75 NA NA 0.653333333333333
"Genetta servalina" 3 102 75 NA NA 0.653333333333333
"Genetta servalina" 3 105 73 NA NA 0.643835616438356
"Genetta servalina" 3 108 49 NA NA 0.653061224489796
"Genetta servalina" 3 111 45 NA NA 0.644444444444444
"Genetta servalina" 3 114 45 NA NA 0.644444444444444
"Genetta servalina" 3 117 43 NA NA 0.627906976744186
"Genetta servalina" 3 120 43 NA NA 0.627906976744186
"Genetta servalina" 3 123 43 NA NA 0.627906976744186
"Genetta servalina" 3 126 43 NA NA 0.627906976744186
"Genetta servalina" 3 129 42 NA NA 0.619047619047619
"Genetta servalina" 3 132 41 NA NA 0.634146341463415
"Genetta servalina" 3 135 41 NA NA 0.634146341463415
"Genetta servalina" 3 138 41 NA NA 0.634146341463415
"Genetta servalina" 3 141 40 NA NA 0.625
"Genetta servalina" 3 144 40 NA NA 0.625
"Genetta servalina" 3 147 40 NA NA 0.625
"Genetta servalina" 3 150 40 NA NA 0.625
"Genetta servalina" 3 153 40 NA NA 0.625
"Genetta servalina" 3 156 39 NA NA 0.615384615384615
"Genetta servalina" 3 159 39 NA NA 0.615384615384615
"Genetta servalina" 3 162 39 NA NA 0.615384615384615
"Genetta servalina" 3 165 39 NA NA 0.615384615384615
"Genetta servalina" 3 168 39 NA NA 0.615384615384615
"Genetta servalina" 3 171 39 NA NA 0.615384615384615
"Genetta servalina" 3 174 38 NA NA 0.605263157894737
"Genetta servalina" 3 177 37 NA NA 0.648648648648649
"Genetta servalina" 3 180 37 NA NA 0.648648648648649
"Genetta servalina" 3 183 37 NA NA 0.648648648648649
"Genetta servalina" 3 186 35 NA NA 0.657142857142857
"Genetta servalina" 3 189 34 NA NA 0.647058823529412
"Genetta servalina" 3 192 33 NA NA 0.636363636363636
"Genetta servalina" 3 195 33 NA NA 0.636363636363636
"Genetta servalina" 3 198 33 NA NA 0.636363636363636
"Genetta servalina" 4 8 447 1.16214140725458 0.245178030238677 0.136465324384787
"Genetta servalina" 4 12 439 0.225221045329252 0.821807318188289 0.189066059225513
"Genetta servalina" 4 16 435 0.00899195617916647 0.99282555367533 0.23448275862069
"Genetta servalina" 4 20 430 0.28741947981168 0.773791147425211 0.276744186046512
"Genetta servalina" 4 24 425 -0.195532430580463 0.844976151696804 0.305882352941176
"Genetta servalina" 4 28 422 -0.26673888865843 0.789670209536964 0.33175355450237
"Genetta servalina" 4 32 419 -0.816500368193146 0.414214013031124 0.362768496420048
"Genetta servalina" 4 36 412 -1.20569315188699 0.227935826490593 0.37621359223301
"Genetta servalina" 4 40 408 -1.41444466694562 0.157231383089915 0.397058823529412
"Genetta servalina" 4 44 403 -1.51381052949897 0.13007390127758 0.429280397022333
"Genetta servalina" 4 48 397 -1.38680252004381 0.165501988474174 0.45088161209068
"Genetta servalina" 4 52 386 -1.48591069097919 0.13730274538495 0.468911917098446
"Genetta servalina" 4 56 373 -1.72247417472559 0.0849836571048167 0.479892761394102
"Genetta servalina" 4 60 361 -2.24512219927175 0.0247602888531093 0.49584487534626
"Genetta servalina" 4 64 341 -1.96934564714885 0.0489134127075039 0.510263929618768
"Genetta servalina" 4 68 296 -0.547037301665153 0.584353105496017 0.560810810810811
"Genetta servalina" 4 72 249 -0.917830843320726 0.358707432004108 0.570281124497992
"Genetta servalina" 4 76 216 NA NA 0.550925925925926
"Genetta servalina" 4 80 180 NA NA 0.572222222222222
"Genetta servalina" 4 84 166 NA NA 0.578313253012048
"Genetta servalina" 4 88 158 NA NA 0.569620253164557
"Genetta servalina" 4 92 146 NA NA 0.595890410958904
"Genetta servalina" 4 96 105 NA NA 0.619047619047619
"Genetta servalina" 4 100 75 NA NA 0.653333333333333
"Genetta servalina" 4 104 75 NA NA 0.653333333333333
"Genetta servalina" 4 108 49 NA NA 0.653061224489796
"Genetta servalina" 4 112 45 NA NA 0.644444444444444
"Genetta servalina" 4 116 44 NA NA 0.636363636363636
"Genetta servalina" 4 120 43 NA NA 0.627906976744186
"Genetta servalina" 4 124 43 NA NA 0.627906976744186
"Genetta servalina" 4 128 42 NA NA 0.619047619047619
"Genetta servalina" 4 132 41 NA NA 0.634146341463415
"Genetta servalina" 4 136 41 NA NA 0.634146341463415
"Genetta servalina" 4 140 40 NA NA 0.625
"Genetta servalina" 4 144 40 NA NA 0.625
"Genetta servalina" 4 148 40 NA NA 0.625
"Genetta servalina" 4 152 40 NA NA 0.625
"Genetta servalina" 4 156 39 NA NA 0.615384615384615
"Genetta servalina" 4 160 39 NA NA 0.615384615384615
"Genetta servalina" 4 164 39 NA NA 0.615384615384615
"Genetta servalina" 4 168 39 NA NA 0.615384615384615
"Genetta servalina" 4 172 39 NA NA 0.615384615384615
"Genetta servalina" 4 176 37 NA NA 0.621621621621622
"Genetta servalina" 4 180 37 NA NA 0.648648648648649
"Genetta servalina" 4 184 36 NA NA 0.638888888888889
"Genetta servalina" 4 188 34 NA NA 0.647058823529412
"Genetta servalina" 4 192 33 NA NA 0.636363636363636
"Genetta servalina" 4 196 33 NA NA 0.636363636363636
"Genetta servalina" 4 200 33 NA NA 0.636363636363636
"Genetta servalina" 5 10 445 0.511338488842926 0.609114058518345 0.166292134831461
"Genetta servalina" 5 15 436 0.0375313780994373 0.970061321659137 0.224770642201835
"Genetta servalina" 5 20 430 0.356090138233674 0.721773062384626 0.276744186046512
"Genetta servalina" 5 25 423 -0.491123968191173 0.623338770278456 0.314420803782506
"Genetta servalina" 5 30 420 -0.717954846759608 0.472785128237695 0.352380952380952
"Genetta servalina" 5 35 413 -0.965208863394622 0.334440208410686 0.368038740920097
"Genetta servalina" 5 40 408 -1.21019370251544 0.22620457400903 0.397058823529412
"Genetta servalina" 5 45 402 -1.34699939049762 0.177980428982445 0.435323383084577
"Genetta servalina" 5 50 391 -1.11486696068676 0.264907436760137 0.455242966751918
"Genetta servalina" 5 55 376 -1.63252117794885 0.102569740817198 0.476063829787234
"Genetta servalina" 5 60 361 -2.00472494856538 0.0449924598377283 0.49584487534626
"Genetta servalina" 5 65 327 -0.907398546833034 0.364196077617181 0.529051987767584
"Genetta servalina" 5 70 272 -0.702570132002217 0.482323681523937 0.577205882352941
"Genetta servalina" 5 75 218 NA NA 0.55045871559633
"Genetta servalina" 5 80 180 NA NA 0.572222222222222
"Genetta servalina" 5 85 166 NA NA 0.578313253012048
"Genetta servalina" 5 90 151 NA NA 0.576158940397351
"Genetta servalina" 5 95 127 NA NA 0.622047244094488
"Genetta servalina" 5 100 75 NA NA 0.653333333333333
"Genetta servalina" 5 105 73 NA NA 0.643835616438356
"Genetta servalina" 5 110 47 NA NA 0.659574468085106
"Genetta servalina" 5 115 44 NA NA 0.636363636363636
"Genetta servalina" 5 120 43 NA NA 0.627906976744186
"Genetta servalina" 5 125 43 NA NA 0.627906976744186
"Genetta servalina" 5 130 41 NA NA 0.634146341463415
"Genetta servalina" 5 135 41 NA NA 0.634146341463415
"Genetta servalina" 5 140 40 NA NA 0.625
"Genetta servalina" 5 145 40 NA NA 0.625
"Genetta servalina" 5 150 40 NA NA 0.625
"Genetta servalina" 5 155 39 NA NA 0.615384615384615
"Genetta servalina" 5 160 39 NA NA 0.615384615384615
"Genetta servalina" 5 165 39 NA NA 0.615384615384615
"Genetta servalina" 5 170 39 NA NA 0.615384615384615
"Genetta servalina" 5 175 37 NA NA 0.621621621621622
"Genetta servalina" 5 180 37 NA NA 0.648648648648649
"Genetta servalina" 5 185 35 NA NA 0.657142857142857
"Genetta servalina" 5 190 34 NA NA 0.647058823529412
"Genetta servalina" 5 195 33 NA NA 0.636363636363636
"Genetta servalina" 5 200 33 NA NA 0.636363636363636
"Genetta servalina" 6 12 439 0.165091402741938 0.868872039779602 0.189066059225513
"Genetta servalina" 6 18 434 0.166989065399877 0.867378652666082 0.255760368663594
"Genetta servalina" 6 24 425 -0.204543654644076 0.83792868154585 0.305882352941176
"Genetta servalina" 6 30 420 -0.695621019179019 0.486666199274788 0.352380952380952
"Genetta servalina" 6 36 412 -1.02040597011354 0.307535963638054 0.37621359223301
"Genetta servalina" 6 42 407 -1.01082848209989 0.312098528516563 0.415233415233415
"Genetta servalina" 6 48 397 -1.26623666336531 0.205428364976749 0.45088161209068
"Genetta servalina" 6 54 381 -1.71375440956224 0.0865738395856925 0.469816272965879
"Genetta servalina" 6 60 361 -2.10597183050621 0.0352067993419546 0.49584487534626
"Genetta servalina" 6 66 320 -0.705955508549892 0.480215806195295 0.5375
"Genetta servalina" 6 72 249 -0.878821144232014 0.379498259880479 0.570281124497992
"Genetta servalina" 6 78 209 NA NA 0.564593301435407
"Genetta servalina" 6 84 166 NA NA 0.578313253012048
"Genetta servalina" 6 90 151 NA NA 0.576158940397351
"Genetta servalina" 6 96 105 NA NA 0.619047619047619
"Genetta servalina" 6 102 75 NA NA 0.653333333333333
"Genetta servalina" 6 108 49 NA NA 0.653061224489796
"Genetta servalina" 6 114 45 NA NA 0.644444444444444
"Genetta servalina" 6 120 43 NA NA 0.627906976744186
"Genetta servalina" 6 126 43 NA NA 0.627906976744186
"Genetta servalina" 6 132 41 NA NA 0.634146341463415
"Genetta servalina" 6 138 41 NA NA 0.634146341463415
"Genetta servalina" 6 144 40 NA NA 0.625
"Genetta servalina" 6 150 40 NA NA 0.625
"Genetta servalina" 6 156 39 NA NA 0.615384615384615
"Genetta servalina" 6 162 39 NA NA 0.615384615384615
"Genetta servalina" 6 168 39 NA NA 0.615384615384615
"Genetta servalina" 6 174 38 NA NA 0.605263157894737
"Genetta servalina" 6 180 37 NA NA 0.648648648648649
"Genetta servalina" 6 186 35 NA NA 0.657142857142857
"Genetta servalina" 6 192 33 NA NA 0.636363636363636
"Genetta servalina" 6 198 33 NA NA 0.636363636363636
"Genetta servalina" 7 14 436 -0.154528414360319 0.877193108866151 0.211009174311927
"Genetta servalina" 7 21 429 0.25063545546393 0.802095966964553 0.284382284382284
"Genetta servalina" 7 28 422 -0.42313211181328 0.672198874684776 0.33175355450237
"Genetta servalina" 7 35 413 -1.18053493227569 0.237787525452528 0.368038740920097
"Genetta servalina" 7 42 407 -1.16907638582843 0.242372857048665 0.415233415233415
"Genetta servalina" 7 49 395 -1.51967519439995 0.128592628946596 0.450632911392405
"Genetta servalina" 7 56 373 -1.64968749138605 0.0990068698878933 0.479892761394102
"Genetta servalina" 7 63 349 -2.22663868776146 0.0259714311482044 0.498567335243553
"Genetta servalina" 7 70 272 -0.725109170047033 0.468385059183441 0.577205882352941
"Genetta servalina" 7 77 211 NA NA 0.554502369668246
"Genetta servalina" 7 84 166 NA NA 0.578313253012048
"Genetta servalina" 7 91 150 NA NA 0.586666666666667
"Genetta servalina" 7 98 75 NA NA 0.653333333333333
"Genetta servalina" 7 105 73 NA NA 0.643835616438356
"Genetta servalina" 7 112 45 NA NA 0.644444444444444
"Genetta servalina" 7 119 43 NA NA 0.627906976744186
"Genetta servalina" 7 126 43 NA NA 0.627906976744186
"Genetta servalina" 7 133 41 NA NA 0.634146341463415
"Genetta servalina" 7 140 40 NA NA 0.625
"Genetta servalina" 7 147 40 NA NA 0.625
"Genetta servalina" 7 154 39 NA NA 0.615384615384615
"Genetta servalina" 7 161 39 NA NA 0.615384615384615
"Genetta servalina" 7 168 39 NA NA 0.615384615384615
"Genetta servalina" 7 175 37 NA NA 0.621621621621622
"Genetta servalina" 7 182 37 NA NA 0.648648648648649
"Genetta servalina" 7 189 34 NA NA 0.647058823529412
"Genetta servalina" 7 196 33 NA NA 0.636363636363636
"Genetta servalina" 8 16 435 -0.0805952129252713 0.935763873354038 0.23448275862069
"Genetta servalina" 8 24 425 -0.232947641046246 0.815802063670162 0.305882352941176
"Genetta servalina" 8 32 419 -0.733192886482346 0.463440793373691 0.362768496420048
"Genetta servalina" 8 40 408 -1.28242087448496 0.199695045401532 0.397058823529412
"Genetta servalina" 8 48 397 -1.34227963812799 0.179505342989726 0.45088161209068
"Genetta servalina" 8 56 373 -1.50083416321412 0.13339846006162 0.479892761394102
"Genetta servalina" 8 64 341 -1.6931895829546 0.0904193867874762 0.510263929618768
"Genetta servalina" 8 72 249 -0.80641363883981 0.420004385387008 0.570281124497992
"Genetta servalina" 8 80 180 NA NA 0.572222222222222
"Genetta servalina" 8 88 158 NA NA 0.569620253164557
"Genetta servalina" 8 96 105 NA NA 0.619047619047619
"Genetta servalina" 8 104 75 NA NA 0.653333333333333
"Genetta servalina" 8 112 45 NA NA 0.644444444444444
"Genetta servalina" 8 120 43 NA NA 0.627906976744186
"Genetta servalina" 8 128 42 NA NA 0.619047619047619
"Genetta servalina" 8 136 41 NA NA 0.634146341463415
"Genetta servalina" 8 144 40 NA NA 0.625
"Genetta servalina" 8 152 40 NA NA 0.625
"Genetta servalina" 8 160 39 NA NA 0.615384615384615
"Genetta servalina" 8 168 39 NA NA 0.615384615384615
"Genetta servalina" 8 176 37 NA NA 0.621621621621622
"Genetta servalina" 8 184 36 NA NA 0.638888888888889
"Genetta servalina" 8 192 33 NA NA 0.636363636363636
"Genetta servalina" 8 200 33 NA NA 0.636363636363636
"Genetta servalina" 9 18 434 0.056823614098025 0.954685702996938 0.255760368663594
"Genetta servalina" 9 27 422 -0.250050434976769 0.802548345685082 0.327014218009479
"Genetta servalina" 9 36 412 -1.18437565969395 0.236264390912096 0.37621359223301
"Genetta servalina" 9 45 402 -1.47638696435174 0.139840040146091 0.435323383084577
"Genetta servalina" 9 54 381 -1.77217332891163 0.0763657894988238 0.469816272965879
"Genetta servalina" 9 63 349 -2.12354920964293 0.0337078564572383 0.498567335243553
"Genetta servalina" 9 72 249 -0.736565051209534 0.461386894717776 0.570281124497992
"Genetta servalina" 9 81 176 NA NA 0.568181818181818
"Genetta servalina" 9 90 151 NA NA 0.576158940397351
"Genetta servalina" 9 99 75 NA NA 0.653333333333333
"Genetta servalina" 9 108 49 NA NA 0.653061224489796
"Genetta servalina" 9 117 43 NA NA 0.627906976744186
"Genetta servalina" 9 126 43 NA NA 0.627906976744186
"Genetta servalina" 9 135 41 NA NA 0.634146341463415
"Genetta servalina" 9 144 40 NA NA 0.625
"Genetta servalina" 9 153 40 NA NA 0.625
"Genetta servalina" 9 162 39 NA NA 0.615384615384615
"Genetta servalina" 9 171 39 NA NA 0.615384615384615
"Genetta servalina" 9 180 37 NA NA 0.648648648648649
"Genetta servalina" 9 189 34 NA NA 0.647058823529412
"Genetta servalina" 9 198 33 NA NA 0.636363636363636
"Genetta servalina" 10 20 430 0.340728303994774 0.733308128839154 0.276744186046512
"Genetta servalina" 10 30 420 -0.627372270958484 0.530415239753513 0.352380952380952
"Genetta servalina" 10 40 408 -1.11133610617866 0.266423703424265 0.397058823529412
"Genetta servalina" 10 50 391 -1.00767725375607 0.313609428224685 0.455242966751918
"Genetta servalina" 10 60 361 -1.80358194394456 0.0712968687550343 0.49584487534626
"Genetta servalina" 10 70 272 -0.59365464619111 0.552743123349532 0.577205882352941
"Genetta servalina" 10 80 180 NA NA 0.572222222222222
"Genetta servalina" 10 90 151 NA NA 0.576158940397351
"Genetta servalina" 10 100 75 NA NA 0.653333333333333
"Genetta servalina" 10 110 47 NA NA 0.659574468085106
"Genetta servalina" 10 120 43 NA NA 0.627906976744186
"Genetta servalina" 10 130 41 NA NA 0.634146341463415
"Genetta servalina" 10 140 40 NA NA 0.625
"Genetta servalina" 10 150 40 NA NA 0.625
"Genetta servalina" 10 160 39 NA NA 0.615384615384615
"Genetta servalina" 10 170 39 NA NA 0.615384615384615
"Genetta servalina" 10 180 37 NA NA 0.648648648648649
"Genetta servalina" 10 190 34 NA NA 0.647058823529412
"Genetta servalina" 10 200 33 NA NA 0.636363636363636
"Genetta servalina" 11 22 427 0.278184280048597 0.780870901491671 0.295081967213115
"Genetta servalina" 11 33 415 -0.643853486879284 0.519670445956077 0.36144578313253
"Genetta servalina" 11 44 403 -1.10545168783395 0.2689639175032 0.429280397022333
"Genetta servalina" 11 55 376 -1.40774578646754 0.15920635870377 0.476063829787234
"Genetta servalina" 11 66 320 -0.517796732585312 0.604600098274896 0.5375
"Genetta servalina" 11 77 211 NA NA 0.554502369668246
"Genetta servalina" 11 88 158 NA NA 0.569620253164557
"Genetta servalina" 11 99 75 NA NA 0.653333333333333
"Genetta servalina" 11 110 47 NA NA 0.659574468085106
"Genetta servalina" 11 121 43 NA NA 0.627906976744186
"Genetta servalina" 11 132 41 NA NA 0.634146341463415
"Genetta servalina" 11 143 40 NA NA 0.625
"Genetta servalina" 11 154 39 NA NA 0.615384615384615
"Genetta servalina" 11 165 39 NA NA 0.615384615384615
"Genetta servalina" 11 176 37 NA NA 0.621621621621622
"Genetta servalina" 11 187 34 NA NA 0.647058823529412
"Genetta servalina" 11 198 33 NA NA 0.636363636363636
"Genetta servalina" 12 24 425 -0.131903121171847 0.895060919863589 0.305882352941176
"Genetta servalina" 12 36 412 -0.999822558174483 0.317396386935669 0.37621359223301
"Genetta servalina" 12 48 397 -1.20133652698045 0.229620686822377 0.45088161209068
"Genetta servalina" 12 60 361 -1.78068926991932 0.0749632270274868 0.49584487534626
"Genetta servalina" 12 72 249 -0.743780499810201 0.45700927924238 0.570281124497992
"Genetta servalina" 12 84 166 NA NA 0.578313253012048
"Genetta servalina" 12 96 105 NA NA 0.619047619047619
"Genetta servalina" 12 108 49 NA NA 0.653061224489796
"Genetta servalina" 12 120 43 NA NA 0.627906976744186
"Genetta servalina" 12 132 41 NA NA 0.634146341463415
"Genetta servalina" 12 144 40 NA NA 0.625
"Genetta servalina" 12 156 39 NA NA 0.615384615384615
"Genetta servalina" 12 168 39 NA NA 0.615384615384615
"Genetta servalina" 12 180 37 NA NA 0.648648648648649
"Genetta servalina" 12 192 33 NA NA 0.636363636363636
"Genetta servalina" 13 26 422 -0.365277580282014 0.714904212221195 0.322274881516588
"Genetta servalina" 13 39 409 -1.2375389855082 0.215887050210422 0.383863080684597
"Genetta servalina" 13 52 386 -1.1290673621111 0.258869418232719 0.468911917098446
"Genetta servalina" 13 65 327 -0.761287506527448 0.446485361147143 0.529051987767584
"Genetta servalina" 13 78 209 NA NA 0.564593301435407
"Genetta servalina" 13 91 150 NA NA 0.586666666666667
"Genetta servalina" 13 104 75 NA NA 0.653333333333333
"Genetta servalina" 13 117 43 NA NA 0.627906976744186
"Genetta servalina" 13 130 41 NA NA 0.634146341463415
"Genetta servalina" 13 143 40 NA NA 0.625
"Genetta servalina" 13 156 39 NA NA 0.615384615384615
"Genetta servalina" 13 169 39 NA NA 0.615384615384615
"Genetta servalina" 13 182 37 NA NA 0.648648648648649
"Genetta servalina" 13 195 33 NA NA 0.636363636363636
"Genetta servalina" 14 28 422 -0.575297138197752 0.565090356654116 0.33175355450237
"Genetta servalina" 14 42 407 -1.03101828389047 0.302532245758766 0.415233415233415
"Genetta servalina" 14 56 373 -1.42852071950326 0.153142035259158 0.479892761394102
"Genetta servalina" 14 70 272 -0.652547083238796 0.514048309631384 0.577205882352941
"Genetta servalina" 14 84 166 NA NA 0.578313253012048
"Genetta servalina" 14 98 75 NA NA 0.653333333333333
"Genetta servalina" 14 112 45 NA NA 0.644444444444444
"Genetta servalina" 14 126 43 NA NA 0.627906976744186
"Genetta servalina" 14 140 40 NA NA 0.625
"Genetta servalina" 14 154 39 NA NA 0.615384615384615
"Genetta servalina" 14 168 39 NA NA 0.615384615384615
"Genetta servalina" 14 182 37 NA NA 0.648648648648649
"Genetta servalina" 14 196 33 NA NA 0.636363636363636
"Genetta servalina" 15 30 420 -0.723215571280851 0.469547453721485 0.352380952380952
"Genetta servalina" 15 45 402 -1.22969914927349 0.218809785520105 0.435323383084577
"Genetta servalina" 15 60 361 -1.62850121233538 0.103418652378751 0.49584487534626
"Genetta servalina" 15 75 218 NA NA 0.55045871559633
"Genetta servalina" 15 90 151 NA NA 0.576158940397351
"Genetta servalina" 15 105 73 NA NA 0.643835616438356
"Genetta servalina" 15 120 43 NA NA 0.627906976744186
"Genetta servalina" 15 135 41 NA NA 0.634146341463415
"Genetta servalina" 15 150 40 NA NA 0.625
"Genetta servalina" 15 165 39 NA NA 0.615384615384615
"Genetta servalina" 15 180 37 NA NA 0.648648648648649
"Genetta servalina" 15 195 33 NA NA 0.636363636363636
"Genetta servalina" 16 32 419 -0.695770156130639 0.486572781886901 0.362768496420048
"Genetta servalina" 16 48 397 -1.25413682709628 0.20979227669964 0.45088161209068
"Genetta servalina" 16 64 341 -1.44387280334923 0.148774758121592 0.510263929618768
"Genetta servalina" 16 80 180 NA NA 0.572222222222222
"Genetta servalina" 16 96 105 NA NA 0.619047619047619
"Genetta servalina" 16 112 45 NA NA 0.644444444444444
"Genetta servalina" 16 128 42 NA NA 0.619047619047619
"Genetta servalina" 16 144 40 NA NA 0.625
"Genetta servalina" 16 160 39 NA NA 0.615384615384615
"Genetta servalina" 16 176 37 NA NA 0.621621621621622
"Genetta servalina" 16 192 33 NA NA 0.636363636363636
"Genetta servalina" 17 34 415 -0.983872021673928 0.325178441739663 0.366265060240964
"Genetta servalina" 17 51 388 -1.03608592595131 0.300162057523312 0.469072164948454
"Genetta servalina" 17 68 296 -0.397776209271552 0.690795155566117 0.560810810810811
"Genetta servalina" 17 85 166 NA NA 0.578313253012048
"Genetta servalina" 17 102 75 NA NA 0.653333333333333
"Genetta servalina" 17 119 43 NA NA 0.627906976744186
"Genetta servalina" 17 136 41 NA NA 0.634146341463415
"Genetta servalina" 17 153 40 NA NA 0.625
"Genetta servalina" 17 170 39 NA NA 0.615384615384615
"Genetta servalina" 17 187 34 NA NA 0.647058823529412
"Genetta servalina" 18 36 412 -1.33716884142483 0.181167530140368 0.37621359223301
"Genetta servalina" 18 54 381 -1.59862437000169 0.109904091447554 0.469816272965879
"Genetta servalina" 18 72 249 -0.755228925474476 0.450111635815688 0.570281124497992
"Genetta servalina" 18 90 151 NA NA 0.576158940397351
"Genetta servalina" 18 108 49 NA NA 0.653061224489796
"Genetta servalina" 18 126 43 NA NA 0.627906976744186
"Genetta servalina" 18 144 40 NA NA 0.625
"Genetta servalina" 18 162 39 NA NA 0.615384615384615
"Genetta servalina" 18 180 37 NA NA 0.648648648648649
"Genetta servalina" 18 198 33 NA NA 0.636363636363636
"Genetta servalina" 19 38 410 -1.30986273250144 0.190242276471233 0.378048780487805
"Genetta servalina" 19 57 370 -1.50115762290375 0.133314797731618 0.483783783783784
"Genetta servalina" 19 76 216 NA NA 0.550925925925926
"Genetta servalina" 19 95 127 NA NA 0.622047244094488
"Genetta servalina" 19 114 45 NA NA 0.644444444444444
"Genetta servalina" 19 133 41 NA NA 0.634146341463415
"Genetta servalina" 19 152 40 NA NA 0.625
"Genetta servalina" 19 171 39 NA NA 0.615384615384615
"Genetta servalina" 19 190 34 NA NA 0.647058823529412
"Genetta servalina" 20 40 408 -1.27221884241076 0.203295374649997 0.397058823529412
"Genetta servalina" 20 60 361 -1.66844381167194 0.0952276572359036 0.49584487534626
"Genetta servalina" 20 80 180 NA NA 0.572222222222222
"Genetta servalina" 20 100 75 NA NA 0.653333333333333
"Genetta servalina" 20 120 43 NA NA 0.627906976744186
"Genetta servalina" 20 140 40 NA NA 0.625
"Genetta servalina" 20 160 39 NA NA 0.615384615384615
"Genetta servalina" 20 180 37 NA NA 0.648648648648649
"Genetta servalina" 20 200 33 NA NA 0.636363636363636
"Genetta servalina" 21 42 407 -0.888040614066571 0.374518904978384 0.415233415233415
"Genetta servalina" 21 63 349 -1.59524249060111 0.11065802034667 0.498567335243553
"Genetta servalina" 21 84 166 NA NA 0.578313253012048
"Genetta servalina" 21 105 73 NA NA 0.643835616438356
"Genetta servalina" 21 126 43 NA NA 0.627906976744186
"Genetta servalina" 21 147 40 NA NA 0.625
"Genetta servalina" 21 168 39 NA NA 0.615384615384615
"Genetta servalina" 21 189 34 NA NA 0.647058823529412
"Genetta servalina" 22 44 403 -1.16234693001389 0.245094570889851 0.429280397022333
"Genetta servalina" 22 66 320 -0.302473605925745 0.762291051133658 0.5375
"Genetta servalina" 22 88 158 NA NA 0.569620253164557
"Genetta servalina" 22 110 47 NA NA 0.659574468085106
"Genetta servalina" 22 132 41 NA NA 0.634146341463415
"Genetta servalina" 22 154 39 NA NA 0.615384615384615
"Genetta servalina" 22 176 37 NA NA 0.621621621621622
"Genetta servalina" 22 198 33 NA NA 0.636363636363636
"Genetta servalina" 23 46 401 -1.12331129192696 0.261305309711142 0.44139650872818
"Genetta servalina" 23 69 283 -0.825720998060455 0.408962377977641 0.561837455830389
"Genetta servalina" 23 92 146 NA NA 0.595890410958904
"Genetta servalina" 23 115 44 NA NA 0.636363636363636
"Genetta servalina" 23 138 41 NA NA 0.634146341463415
"Genetta servalina" 23 161 39 NA NA 0.615384615384615
"Genetta servalina" 23 184 36 NA NA 0.638888888888889
"Genetta servalina" 24 48 397 -1.14757745097367 0.251143042877727 0.45088161209068
"Genetta servalina" 24 72 249 -0.728730281112165 0.466166665986198 0.570281124497992
"Genetta servalina" 24 96 105 NA NA 0.619047619047619
"Genetta servalina" 24 120 43 NA NA 0.627906976744186
"Genetta servalina" 24 144 40 NA NA 0.625
"Genetta servalina" 24 168 39 NA NA 0.615384615384615
"Genetta servalina" 24 192 33 NA NA 0.636363636363636
"Genetta servalina" 25 50 391 -0.842804787998931 0.399337629764417 0.455242966751918
"Genetta servalina" 25 75 218 NA NA 0.55045871559633
"Genetta servalina" 25 100 75 NA NA 0.653333333333333
"Genetta servalina" 25 125 43 NA NA 0.627906976744186
"Genetta servalina" 25 150 40 NA NA 0.625
"Genetta servalina" 25 175 37 NA NA 0.621621621621622
"Genetta servalina" 25 200 33 NA NA 0.636363636363636
"Genetta servalina" 26 52 386 -0.839347287620608 0.401274454590989 0.468911917098446
"Genetta servalina" 26 78 209 NA NA 0.564593301435407
"Genetta servalina" 26 104 75 NA NA 0.653333333333333
"Genetta servalina" 26 130 41 NA NA 0.634146341463415
"Genetta servalina" 26 156 39 NA NA 0.615384615384615
"Genetta servalina" 26 182 37 NA NA 0.648648648648649
"Genetta servalina" 27 54 381 -1.1196558946731 0.2628604267997 0.469816272965879
"Genetta servalina" 27 81 176 NA NA 0.568181818181818
"Genetta servalina" 27 108 49 NA NA 0.653061224489796
"Genetta servalina" 27 135 41 NA NA 0.634146341463415
"Genetta servalina" 27 162 39 NA NA 0.615384615384615
"Genetta servalina" 27 189 34 NA NA 0.647058823529412
"Genetta servalina" 28 56 373 -0.97965917708907 0.32725438340936 0.479892761394102
"Genetta servalina" 28 84 166 NA NA 0.578313253012048
"Genetta servalina" 28 112 45 NA NA 0.644444444444444
"Genetta servalina" 28 140 40 NA NA 0.625
"Genetta servalina" 28 168 39 NA NA 0.615384615384615
"Genetta servalina" 28 196 33 NA NA 0.636363636363636
"Genetta servalina" 29 58 366 -1.01733492618831 0.308994127057331 0.486338797814208
"Genetta servalina" 29 87 163 NA NA 0.576687116564417
"Genetta servalina" 29 116 44 NA NA 0.636363636363636
"Genetta servalina" 29 145 40 NA NA 0.625
"Genetta servalina" 29 174 38 NA NA 0.605263157894737
"Genetta servalina" 30 60 361 -1.16100970478831 0.245637952815955 0.49584487534626
"Genetta servalina" 30 90 151 NA NA 0.576158940397351
"Genetta servalina" 30 120 43 NA NA 0.627906976744186
"Genetta servalina" 30 150 40 NA NA 0.625
"Genetta servalina" 30 180 37 NA NA 0.648648648648649
"Genetta servalina" 31 62 351 -1.26380735314494 0.206299181314002 0.498575498575499
"Genetta servalina" 31 93 142 NA NA 0.598591549295775
"Genetta servalina" 31 124 43 NA NA 0.627906976744186
"Genetta servalina" 31 155 39 NA NA 0.615384615384615
"Genetta servalina" 31 186 35 NA NA 0.657142857142857
"Genetta servalina" 32 64 341 -0.969473571757716 0.332308960071997 0.510263929618768
"Genetta servalina" 32 96 105 NA NA 0.619047619047619
"Genetta servalina" 32 128 42 NA NA 0.619047619047619
"Genetta servalina" 32 160 39 NA NA 0.615384615384615
"Genetta servalina" 32 192 33 NA NA 0.636363636363636
"Genetta servalina" 33 66 320 -0.116185642194995 0.90750541555337 0.5375
"Genetta servalina" 33 99 75 NA NA 0.653333333333333
"Genetta servalina" 33 132 41 NA NA 0.634146341463415
"Genetta servalina" 33 165 39 NA NA 0.615384615384615
"Genetta servalina" 33 198 33 NA NA 0.636363636363636
"Genetta servalina" 34 68 296 -0.350336827113414 0.726085930307364 0.560810810810811
"Genetta servalina" 34 102 75 NA NA 0.653333333333333
"Genetta servalina" 34 136 41 NA NA 0.634146341463415
"Genetta servalina" 34 170 39 NA NA 0.615384615384615
"Genetta servalina" 35 70 272 -0.741446059571939 0.45842302597832 0.577205882352941
"Genetta servalina" 35 105 73 NA NA 0.643835616438356
"Genetta servalina" 35 140 40 NA NA 0.625
"Genetta servalina" 35 175 37 NA NA 0.621621621621622
"Genetta servalina" 36 72 249 -0.613044756763841 0.539846746272884 0.570281124497992
"Genetta servalina" 36 108 49 NA NA 0.653061224489796
"Genetta servalina" 36 144 40 NA NA 0.625
"Genetta servalina" 36 180 37 NA NA 0.648648648648649
"Genetta servalina" 37 74 225 NA NA 0.555555555555556
"Genetta servalina" 37 111 45 NA NA 0.644444444444444
"Genetta servalina" 37 148 40 NA NA 0.625
"Genetta servalina" 37 185 35 NA NA 0.657142857142857
"Genetta servalina" 38 76 216 NA NA 0.550925925925926
"Genetta servalina" 38 114 45 NA NA 0.644444444444444
"Genetta servalina" 38 152 40 NA NA 0.625
"Genetta servalina" 38 190 34 NA NA 0.647058823529412
"Genetta servalina" 39 78 209 NA NA 0.564593301435407
"Genetta servalina" 39 117 43 NA NA 0.627906976744186
"Genetta servalina" 39 156 39 NA NA 0.615384615384615
"Genetta servalina" 39 195 33 NA NA 0.636363636363636
"Genetta servalina" 40 80 180 NA NA 0.572222222222222
"Genetta servalina" 40 120 43 NA NA 0.627906976744186
"Genetta servalina" 40 160 39 NA NA 0.615384615384615
"Genetta servalina" 40 200 33 NA NA 0.636363636363636
"Genetta servalina" 41 82 170 NA NA 0.564705882352941
"Genetta servalina" 41 123 43 NA NA 0.627906976744186
"Genetta servalina" 41 164 39 NA NA 0.615384615384615
"Genetta servalina" 42 84 166 NA NA 0.578313253012048
"Genetta servalina" 42 126 43 NA NA 0.627906976744186
"Genetta servalina" 42 168 39 NA NA 0.615384615384615
"Genetta servalina" 43 86 165 NA NA 0.581818181818182
"Genetta servalina" 43 129 42 NA NA 0.619047619047619
"Genetta servalina" 43 172 39 NA NA 0.615384615384615
"Genetta servalina" 44 88 158 NA NA 0.569620253164557
"Genetta servalina" 44 132 41 NA NA 0.634146341463415
"Genetta servalina" 44 176 37 NA NA 0.621621621621622
"Genetta servalina" 45 90 151 NA NA 0.576158940397351
"Genetta servalina" 45 135 41 NA NA 0.634146341463415
"Genetta servalina" 45 180 37 NA NA 0.648648648648649
"Genetta servalina" 46 92 146 NA NA 0.595890410958904
"Genetta servalina" 46 138 41 NA NA 0.634146341463415
"Genetta servalina" 46 184 36 NA NA 0.638888888888889
"Genetta servalina" 47 94 142 NA NA 0.605633802816901
"Genetta servalina" 47 141 40 NA NA 0.625
"Genetta servalina" 47 188 34 NA NA 0.647058823529412
"Genetta servalina" 48 96 105 NA NA 0.619047619047619
"Genetta servalina" 48 144 40 NA NA 0.625
"Genetta servalina" 48 192 33 NA NA 0.636363636363636
"Genetta servalina" 49 98 75 NA NA 0.653333333333333
"Genetta servalina" 49 147 40 NA NA 0.625
"Genetta servalina" 49 196 33 NA NA 0.636363636363636
"Genetta servalina" 50 100 75 NA NA 0.653333333333333
"Genetta servalina" 50 150 40 NA NA 0.625
"Genetta servalina" 50 200 33 NA NA 0.636363636363636
"Genetta servalina" 51 102 75 NA NA 0.653333333333333
"Genetta servalina" 51 153 40 NA NA 0.625
"Genetta servalina" 52 104 75 NA NA 0.653333333333333
"Genetta servalina" 52 156 39 NA NA 0.615384615384615
"Genetta servalina" 53 106 61 NA NA 0.60655737704918
"Genetta servalina" 53 159 39 NA NA 0.615384615384615
"Genetta servalina" 54 108 49 NA NA 0.653061224489796
"Genetta servalina" 54 162 39 NA NA 0.615384615384615
"Genetta servalina" 55 110 47 NA NA 0.659574468085106
"Genetta servalina" 55 165 39 NA NA 0.615384615384615
"Genetta servalina" 56 112 45 NA NA 0.644444444444444
"Genetta servalina" 56 168 39 NA NA 0.615384615384615
"Genetta servalina" 57 114 45 NA NA 0.644444444444444
"Genetta servalina" 57 171 39 NA NA 0.615384615384615
"Genetta servalina" 58 116 44 NA NA 0.636363636363636
"Genetta servalina" 58 174 38 NA NA 0.605263157894737
"Genetta servalina" 59 118 43 NA NA 0.627906976744186
"Genetta servalina" 59 177 37 NA NA 0.648648648648649
"Genetta servalina" 60 120 43 NA NA 0.627906976744186
"Genetta servalina" 60 180 37 NA NA 0.648648648648649
"Genetta servalina" 61 122 43 NA NA 0.627906976744186
"Genetta servalina" 61 183 37 NA NA 0.648648648648649
"Genetta servalina" 62 124 43 NA NA 0.627906976744186
"Genetta servalina" 62 186 35 NA NA 0.657142857142857
"Genetta servalina" 63 126 43 NA NA 0.627906976744186
"Genetta servalina" 63 189 34 NA NA 0.647058823529412
"Genetta servalina" 64 128 42 NA NA 0.619047619047619
"Genetta servalina" 64 192 33 NA NA 0.636363636363636
"Genetta servalina" 65 130 41 NA NA 0.634146341463415
"Genetta servalina" 65 195 33 NA NA 0.636363636363636
"Genetta servalina" 66 132 41 NA NA 0.634146341463415
"Genetta servalina" 66 198 33 NA NA 0.636363636363636
"Genetta servalina" 67 134 41 NA NA 0.634146341463415
"Genetta servalina" 68 136 41 NA NA 0.634146341463415
"Genetta servalina" 69 138 41 NA NA 0.634146341463415
"Genetta servalina" 70 140 40 NA NA 0.625
"Genetta servalina" 71 142 40 NA NA 0.625
"Genetta servalina" 72 144 40 NA NA 0.625
"Genetta servalina" 73 146 40 NA NA 0.625
"Genetta servalina" 74 148 40 NA NA 0.625
"Genetta servalina" 75 150 40 NA NA 0.625
"Genetta servalina" 76 152 40 NA NA 0.625
"Genetta servalina" 77 154 39 NA NA 0.615384615384615
"Genetta servalina" 78 156 39 NA NA 0.615384615384615
"Genetta servalina" 79 158 39 NA NA 0.615384615384615
"Genetta servalina" 80 160 39 NA NA 0.615384615384615
"Genetta servalina" 81 162 39 NA NA 0.615384615384615
"Genetta servalina" 82 164 39 NA NA 0.615384615384615
"Genetta servalina" 83 166 39 NA NA 0.615384615384615
"Genetta servalina" 84 168 39 NA NA 0.615384615384615
"Genetta servalina" 85 170 39 NA NA 0.615384615384615
"Genetta servalina" 86 172 39 NA NA 0.615384615384615
"Genetta servalina" 87 174 38 NA NA 0.605263157894737
"Genetta servalina" 88 176 37 NA NA 0.621621621621622
"Genetta servalina" 89 178 37 NA NA 0.648648648648649
"Genetta servalina" 90 180 37 NA NA 0.648648648648649
"Genetta servalina" 91 182 37 NA NA 0.648648648648649
"Genetta servalina" 92 184 36 NA NA 0.638888888888889
"Genetta servalina" 93 186 35 NA NA 0.657142857142857
"Genetta servalina" 94 188 34 NA NA 0.647058823529412
"Genetta servalina" 95 190 34 NA NA 0.647058823529412
"Genetta servalina" 96 192 33 NA NA 0.636363636363636
"Genetta servalina" 97 194 33 NA NA 0.636363636363636
"Genetta servalina" 98 196 33 NA NA 0.636363636363636
"Genetta servalina" 99 198 33 NA NA 0.636363636363636
"Genetta servalina" 100 200 33 NA NA 0.636363636363636
