"species" "time_interval" "study_duration" "n_cams" "z" "P" "p_presence"
"Tragelaphus spekii" 1 2 454 NA NA 0
"Tragelaphus spekii" 1 3 454 NA NA 0
"Tragelaphus spekii" 1 4 452 NA NA 0
"Tragelaphus spekii" 1 5 450 NA NA 0
"Tragelaphus spekii" 1 6 449 NA NA 0
"Tragelaphus spekii" 1 7 447 NA NA 0
"Tragelaphus spekii" 1 8 447 NA NA 0
"Tragelaphus spekii" 1 9 447 NA NA 0.00223713646532438
"Tragelaphus spekii" 1 10 445 NA NA 0.00224719101123596
"Tragelaphus spekii" 1 11 440 NA NA 0.00227272727272727
"Tragelaphus spekii" 1 12 439 NA NA 0.00227790432801822
"Tragelaphus spekii" 1 13 438 NA NA 0.00228310502283105
"Tragelaphus spekii" 1 14 436 NA NA 0.00229357798165138
"Tragelaphus spekii" 1 15 436 NA NA 0.00229357798165138
"Tragelaphus spekii" 1 16 435 NA NA 0.00229885057471264
"Tragelaphus spekii" 1 17 435 NA NA 0.00229885057471264
"Tragelaphus spekii" 1 18 434 NA NA 0.00230414746543779
"Tragelaphus spekii" 1 19 432 NA NA 0.00231481481481481
"Tragelaphus spekii" 1 20 430 NA NA 0.00232558139534884
"Tragelaphus spekii" 1 21 429 NA NA 0.00233100233100233
"Tragelaphus spekii" 1 22 427 NA NA 0.00234192037470726
"Tragelaphus spekii" 1 23 426 NA NA 0.00234741784037559
"Tragelaphus spekii" 1 24 425 NA NA 0.00235294117647059
"Tragelaphus spekii" 1 25 423 NA NA 0.00236406619385343
"Tragelaphus spekii" 1 26 422 NA NA 0.0023696682464455
"Tragelaphus spekii" 1 27 422 NA NA 0.0023696682464455
"Tragelaphus spekii" 1 28 422 NA NA 0.0023696682464455
"Tragelaphus spekii" 1 29 422 NA NA 0.0023696682464455
"Tragelaphus spekii" 1 30 420 NA NA 0.00476190476190476
"Tragelaphus spekii" 1 31 419 NA NA 0.00477326968973747
"Tragelaphus spekii" 1 32 419 NA NA 0.00477326968973747
"Tragelaphus spekii" 1 33 415 NA NA 0.00481927710843374
"Tragelaphus spekii" 1 34 415 NA NA 0.00481927710843374
"Tragelaphus spekii" 1 35 413 0.032162007984498 0.974342853730586 0.00484261501210654
"Tragelaphus spekii" 1 36 412 0.121774801630289 0.903077370789503 0.00728155339805825
"Tragelaphus spekii" 1 37 410 0.119337172222626 0.905008234735524 0.00731707317073171
"Tragelaphus spekii" 1 38 410 0.117516708101219 0.906450604630873 0.00731707317073171
"Tragelaphus spekii" 1 39 409 0.117450616762442 0.906502975219493 0.00733496332518337
"Tragelaphus spekii" 1 40 408 9.83530172140369 7.93294571332332e-23 0.00735294117647059
"Tragelaphus spekii" 1 41 407 0.107756510921332 0.91418884120365 0.00982800982800983
"Tragelaphus spekii" 1 42 407 NA NA 0.00982800982800983
"Tragelaphus spekii" 1 43 405 NA NA 0.00987654320987654
"Tragelaphus spekii" 1 44 403 0.106566937229126 0.91513254944461 0.00992555831265509
"Tragelaphus spekii" 1 45 402 0.107917629217504 0.914061032699361 0.00995024875621891
"Tragelaphus spekii" 1 46 401 0.105185538741174 0.916228585475567 0.00997506234413965
"Tragelaphus spekii" 1 47 398 0.0921109064672286 0.926609923185463 0.0125628140703518
"Tragelaphus spekii" 1 48 397 0.0923458909904557 0.926423228373947 0.0125944584382872
"Tragelaphus spekii" 1 49 395 0.0913929182820169 0.92718038859357 0.0126582278481013
"Tragelaphus spekii" 1 50 391 0.0933611437424609 0.925616658450109 0.0127877237851662
"Tragelaphus spekii" 1 51 388 0.0805052564818719 0.935835415738791 0.0128865979381443
"Tragelaphus spekii" 1 52 386 0.0779633910831148 0.937857174004229 0.0129533678756477
"Tragelaphus spekii" 1 53 382 13.6604296285442 1.74948515595706e-42 0.0130890052356021
"Tragelaphus spekii" 1 54 381 0.11194391329246 0.910867877630996 0.0131233595800525
"Tragelaphus spekii" 1 55 376 0.0792096981837368 0.936865830796808 0.0132978723404255
"Tragelaphus spekii" 1 56 373 0.0769735519749034 0.938644584995771 0.0134048257372654
"Tragelaphus spekii" 1 57 370 0.0899527119047191 0.928324792851474 0.0135135135135135
"Tragelaphus spekii" 1 58 366 0.070093278854588 0.944119416243446 0.0136612021857923
"Tragelaphus spekii" 1 59 364 0.0763861588671739 0.93911188105571 0.0137362637362637
"Tragelaphus spekii" 1 60 361 1.98103564283715 0.0475872765992626 0.0166204986149584
"Tragelaphus spekii" 1 61 356 NA NA 0.0168539325842697
"Tragelaphus spekii" 1 62 351 1.68670350341341 0.0916603781082671 0.0142450142450142
"Tragelaphus spekii" 1 63 349 1.68807179278568 0.0913974483653669 0.0143266475644699
"Tragelaphus spekii" 1 64 341 1.69960905580199 0.0892044858390455 0.0146627565982405
"Tragelaphus spekii" 1 65 327 1.69397019702972 0.0902709464427325 0.0152905198776758
"Tragelaphus spekii" 1 66 320 1.69489960922304 0.0900944666765932 0.015625
"Tragelaphus spekii" 1 67 304 1.69810315951078 0.0894882933785309 0.0164473684210526
"Tragelaphus spekii" 1 68 296 1.67851188795036 0.0932472116779697 0.0168918918918919
"Tragelaphus spekii" 1 69 283 1.88463402844526 0.0594792648092341 0.0212014134275618
"Tragelaphus spekii" 1 70 272 1.86304805575482 0.0624555054290658 0.0220588235294118
"Tragelaphus spekii" 1 71 268 1.88543651595527 0.059370927887352 0.0223880597014925
"Tragelaphus spekii" 1 72 249 1.892094127694 0.0584784405998028 0.0240963855421687
"Tragelaphus spekii" 1 73 231 NA NA 0.025974025974026
"Tragelaphus spekii" 1 74 225 NA NA 0.0266666666666667
"Tragelaphus spekii" 1 75 218 NA NA 0.0275229357798165
"Tragelaphus spekii" 1 76 216 NA NA 0.0277777777777778
"Tragelaphus spekii" 1 77 211 NA NA 0.028436018957346
"Tragelaphus spekii" 1 78 209 NA NA 0.0334928229665072
"Tragelaphus spekii" 1 79 195 NA NA 0.0358974358974359
"Tragelaphus spekii" 1 80 180 NA NA 0.0388888888888889
"Tragelaphus spekii" 1 81 176 NA NA 0.0397727272727273
"Tragelaphus spekii" 1 82 170 NA NA 0.0411764705882353
"Tragelaphus spekii" 1 83 166 NA NA 0.0481927710843374
"Tragelaphus spekii" 1 84 166 NA NA 0.0481927710843374
"Tragelaphus spekii" 1 85 166 NA NA 0.0481927710843374
"Tragelaphus spekii" 1 86 165 NA NA 0.0484848484848485
"Tragelaphus spekii" 1 87 163 NA NA 0.049079754601227
"Tragelaphus spekii" 1 88 158 NA NA 0.0443037974683544
"Tragelaphus spekii" 1 89 153 NA NA 0.0457516339869281
"Tragelaphus spekii" 1 90 151 NA NA 0.0463576158940397
"Tragelaphus spekii" 1 91 150 NA NA 0.0466666666666667
"Tragelaphus spekii" 1 92 146 NA NA 0.0479452054794521
"Tragelaphus spekii" 1 93 142 NA NA 0.0492957746478873
"Tragelaphus spekii" 1 94 142 NA NA 0.0492957746478873
"Tragelaphus spekii" 1 95 127 NA NA 0.0551181102362205
"Tragelaphus spekii" 1 96 105 NA NA 0.0666666666666667
"Tragelaphus spekii" 1 97 89 NA NA 0.0898876404494382
"Tragelaphus spekii" 1 98 75 NA NA 0.106666666666667
"Tragelaphus spekii" 1 99 75 NA NA 0.106666666666667
"Tragelaphus spekii" 1 100 75 NA NA 0.106666666666667
"Tragelaphus spekii" 1 101 75 NA NA 0.106666666666667
"Tragelaphus spekii" 1 102 75 NA NA 0.106666666666667
"Tragelaphus spekii" 1 103 75 NA NA 0.106666666666667
"Tragelaphus spekii" 1 104 75 NA NA 0.106666666666667
"Tragelaphus spekii" 1 105 73 NA NA 0.10958904109589
"Tragelaphus spekii" 1 106 61 NA NA 0.131147540983607
"Tragelaphus spekii" 1 107 56 NA NA 0.142857142857143
"Tragelaphus spekii" 1 108 49 NA NA 0.163265306122449
"Tragelaphus spekii" 1 109 48 NA NA 0.166666666666667
"Tragelaphus spekii" 1 110 47 NA NA 0.170212765957447
"Tragelaphus spekii" 1 111 45 NA NA 0.177777777777778
"Tragelaphus spekii" 1 112 45 NA NA 0.177777777777778
"Tragelaphus spekii" 1 113 45 NA NA 0.177777777777778
"Tragelaphus spekii" 1 114 45 NA NA 0.177777777777778
"Tragelaphus spekii" 1 115 44 NA NA 0.181818181818182
"Tragelaphus spekii" 1 116 44 NA NA 0.181818181818182
"Tragelaphus spekii" 1 117 43 NA NA 0.162790697674419
"Tragelaphus spekii" 1 118 43 NA NA 0.162790697674419
"Tragelaphus spekii" 1 119 43 NA NA 0.162790697674419
"Tragelaphus spekii" 1 120 43 NA NA 0.162790697674419
"Tragelaphus spekii" 1 121 43 NA NA 0.162790697674419
"Tragelaphus spekii" 1 122 43 NA NA 0.186046511627907
"Tragelaphus spekii" 1 123 43 NA NA 0.186046511627907
"Tragelaphus spekii" 1 124 43 NA NA 0.186046511627907
"Tragelaphus spekii" 1 125 43 NA NA 0.186046511627907
"Tragelaphus spekii" 1 126 43 NA NA 0.186046511627907
"Tragelaphus spekii" 1 127 43 NA NA 0.186046511627907
"Tragelaphus spekii" 1 128 42 NA NA 0.19047619047619
"Tragelaphus spekii" 1 129 42 NA NA 0.19047619047619
"Tragelaphus spekii" 1 130 41 NA NA 0.195121951219512
"Tragelaphus spekii" 1 131 41 NA NA 0.195121951219512
"Tragelaphus spekii" 1 132 41 NA NA 0.195121951219512
"Tragelaphus spekii" 1 133 41 NA NA 0.195121951219512
"Tragelaphus spekii" 1 134 41 NA NA 0.195121951219512
"Tragelaphus spekii" 1 135 41 NA NA 0.195121951219512
"Tragelaphus spekii" 1 136 41 NA NA 0.195121951219512
"Tragelaphus spekii" 1 137 41 NA NA 0.195121951219512
"Tragelaphus spekii" 1 138 41 NA NA 0.195121951219512
"Tragelaphus spekii" 1 139 40 NA NA 0.2
"Tragelaphus spekii" 1 140 40 NA NA 0.2
"Tragelaphus spekii" 1 141 40 NA NA 0.2
"Tragelaphus spekii" 1 142 40 NA NA 0.2
"Tragelaphus spekii" 1 143 40 NA NA 0.2
"Tragelaphus spekii" 1 144 40 NA NA 0.2
"Tragelaphus spekii" 1 145 40 NA NA 0.2
"Tragelaphus spekii" 1 146 40 NA NA 0.2
"Tragelaphus spekii" 1 147 40 NA NA 0.2
"Tragelaphus spekii" 1 148 40 NA NA 0.2
"Tragelaphus spekii" 1 149 40 NA NA 0.2
"Tragelaphus spekii" 1 150 40 NA NA 0.2
"Tragelaphus spekii" 1 151 40 NA NA 0.2
"Tragelaphus spekii" 1 152 40 NA NA 0.2
"Tragelaphus spekii" 1 153 40 NA NA 0.2
"Tragelaphus spekii" 1 154 39 NA NA 0.205128205128205
"Tragelaphus spekii" 1 155 39 NA NA 0.205128205128205
"Tragelaphus spekii" 1 156 39 NA NA 0.205128205128205
"Tragelaphus spekii" 1 157 39 NA NA 0.205128205128205
"Tragelaphus spekii" 1 158 39 NA NA 0.205128205128205
"Tragelaphus spekii" 1 159 39 NA NA 0.205128205128205
"Tragelaphus spekii" 1 160 39 NA NA 0.205128205128205
"Tragelaphus spekii" 1 161 39 NA NA 0.205128205128205
"Tragelaphus spekii" 1 162 39 NA NA 0.205128205128205
"Tragelaphus spekii" 1 163 39 NA NA 0.205128205128205
"Tragelaphus spekii" 1 164 39 NA NA 0.205128205128205
"Tragelaphus spekii" 1 165 39 NA NA 0.205128205128205
"Tragelaphus spekii" 1 166 39 NA NA 0.205128205128205
"Tragelaphus spekii" 1 167 39 NA NA 0.205128205128205
"Tragelaphus spekii" 1 168 39 NA NA 0.205128205128205
"Tragelaphus spekii" 1 169 39 NA NA 0.205128205128205
"Tragelaphus spekii" 1 170 39 NA NA 0.205128205128205
"Tragelaphus spekii" 1 171 39 NA NA 0.205128205128205
"Tragelaphus spekii" 1 172 39 NA NA 0.205128205128205
"Tragelaphus spekii" 1 173 38 NA NA 0.210526315789474
"Tragelaphus spekii" 1 174 38 NA NA 0.210526315789474
"Tragelaphus spekii" 1 175 37 NA NA 0.216216216216216
"Tragelaphus spekii" 1 176 37 NA NA 0.216216216216216
"Tragelaphus spekii" 1 177 37 NA NA 0.216216216216216
"Tragelaphus spekii" 1 178 37 NA NA 0.216216216216216
"Tragelaphus spekii" 1 179 37 NA NA 0.216216216216216
"Tragelaphus spekii" 1 180 37 NA NA 0.216216216216216
"Tragelaphus spekii" 1 181 37 NA NA 0.216216216216216
"Tragelaphus spekii" 1 182 37 NA NA 0.216216216216216
"Tragelaphus spekii" 1 183 37 NA NA 0.216216216216216
"Tragelaphus spekii" 1 184 36 NA NA 0.194444444444444
"Tragelaphus spekii" 1 185 35 NA NA 0.171428571428571
"Tragelaphus spekii" 1 186 35 NA NA 0.171428571428571
"Tragelaphus spekii" 1 187 34 NA NA 0.176470588235294
"Tragelaphus spekii" 1 188 34 NA NA 0.176470588235294
"Tragelaphus spekii" 1 189 34 NA NA 0.176470588235294
"Tragelaphus spekii" 1 190 34 NA NA 0.176470588235294
"Tragelaphus spekii" 1 191 33 NA NA 0.181818181818182
"Tragelaphus spekii" 1 192 33 NA NA 0.181818181818182
"Tragelaphus spekii" 1 193 33 NA NA 0.181818181818182
"Tragelaphus spekii" 1 194 33 NA NA 0.181818181818182
"Tragelaphus spekii" 1 195 33 NA NA 0.181818181818182
"Tragelaphus spekii" 1 196 33 NA NA 0.181818181818182
"Tragelaphus spekii" 1 197 33 NA NA 0.181818181818182
"Tragelaphus spekii" 1 198 33 NA NA 0.181818181818182
"Tragelaphus spekii" 1 199 33 NA NA 0.181818181818182
"Tragelaphus spekii" 1 200 33 NA NA 0.181818181818182
"Tragelaphus spekii" 2 4 452 NA NA 0
"Tragelaphus spekii" 2 6 449 NA NA 0
"Tragelaphus spekii" 2 8 447 NA NA 0
"Tragelaphus spekii" 2 10 445 NA NA 0.00224719101123596
"Tragelaphus spekii" 2 12 439 NA NA 0.00227790432801822
"Tragelaphus spekii" 2 14 436 NA NA 0.00229357798165138
"Tragelaphus spekii" 2 16 435 NA NA 0.00229885057471264
"Tragelaphus spekii" 2 18 434 NA NA 0.00230414746543779
"Tragelaphus spekii" 2 20 430 NA NA 0.00232558139534884
"Tragelaphus spekii" 2 22 427 NA NA 0.00234192037470726
"Tragelaphus spekii" 2 24 425 NA NA 0.00235294117647059
"Tragelaphus spekii" 2 26 422 NA NA 0.0023696682464455
"Tragelaphus spekii" 2 28 422 NA NA 0.0023696682464455
"Tragelaphus spekii" 2 30 420 NA NA 0.00476190476190476
"Tragelaphus spekii" 2 32 419 NA NA 0.00477326968973747
"Tragelaphus spekii" 2 34 415 NA NA 0.00481927710843374
"Tragelaphus spekii" 2 36 412 0.120657926479126 0.903961985251514 0.00728155339805825
"Tragelaphus spekii" 2 38 410 0.124308956865532 0.901070655757335 0.00731707317073171
"Tragelaphus spekii" 2 40 408 0.124496114852792 0.90092247634838 0.00735294117647059
"Tragelaphus spekii" 2 42 407 0.128565530715111 0.897701442399272 0.00982800982800983
"Tragelaphus spekii" 2 44 403 0.135095001908818 0.892536761851683 0.00992555831265509
"Tragelaphus spekii" 2 46 401 0.13313286361389 0.894088305072123 0.00997506234413965
"Tragelaphus spekii" 2 48 397 NA NA 0.0125944584382872
"Tragelaphus spekii" 2 50 391 0.139577962136431 0.888993453814987 0.0127877237851662
"Tragelaphus spekii" 2 52 386 0.110555607280516 0.911968751863467 0.0129533678756477
"Tragelaphus spekii" 2 54 381 NA NA 0.0131233595800525
"Tragelaphus spekii" 2 56 373 NA NA 0.0134048257372654
"Tragelaphus spekii" 2 58 366 0.137807896051894 0.8903922437585 0.0136612021857923
"Tragelaphus spekii" 2 60 361 1.90346823852263 0.0569794742743319 0.0166204986149584
"Tragelaphus spekii" 2 62 351 1.62878429307139 0.103358690908821 0.0142450142450142
"Tragelaphus spekii" 2 64 341 1.64339956829395 0.1003002893958 0.0146627565982405
"Tragelaphus spekii" 2 66 320 1.63739236516939 0.101548512465716 0.015625
"Tragelaphus spekii" 2 68 296 1.59776010131875 0.110096377319437 0.0168918918918919
"Tragelaphus spekii" 2 70 272 1.81531445641029 0.069475598633015 0.0220588235294118
"Tragelaphus spekii" 2 72 249 1.84576262717695 0.0649266793049271 0.0240963855421687
"Tragelaphus spekii" 2 74 225 NA NA 0.0266666666666667
"Tragelaphus spekii" 2 76 216 NA NA 0.0277777777777778
"Tragelaphus spekii" 2 78 209 NA NA 0.0334928229665072
"Tragelaphus spekii" 2 80 180 NA NA 0.0388888888888889
"Tragelaphus spekii" 2 82 170 NA NA 0.0411764705882353
"Tragelaphus spekii" 2 84 166 NA NA 0.0481927710843374
"Tragelaphus spekii" 2 86 165 NA NA 0.0484848484848485
"Tragelaphus spekii" 2 88 158 NA NA 0.0443037974683544
"Tragelaphus spekii" 2 90 151 NA NA 0.0463576158940397
"Tragelaphus spekii" 2 92 146 NA NA 0.0479452054794521
"Tragelaphus spekii" 2 94 142 NA NA 0.0492957746478873
"Tragelaphus spekii" 2 96 105 NA NA 0.0666666666666667
"Tragelaphus spekii" 2 98 75 NA NA 0.106666666666667
"Tragelaphus spekii" 2 100 75 NA NA 0.106666666666667
"Tragelaphus spekii" 2 102 75 NA NA 0.106666666666667
"Tragelaphus spekii" 2 104 75 NA NA 0.106666666666667
"Tragelaphus spekii" 2 106 61 NA NA 0.131147540983607
"Tragelaphus spekii" 2 108 49 NA NA 0.163265306122449
"Tragelaphus spekii" 2 110 47 NA NA 0.170212765957447
"Tragelaphus spekii" 2 112 45 NA NA 0.177777777777778
"Tragelaphus spekii" 2 114 45 NA NA 0.177777777777778
"Tragelaphus spekii" 2 116 44 NA NA 0.181818181818182
"Tragelaphus spekii" 2 118 43 NA NA 0.162790697674419
"Tragelaphus spekii" 2 120 43 NA NA 0.162790697674419
"Tragelaphus spekii" 2 122 43 NA NA 0.186046511627907
"Tragelaphus spekii" 2 124 43 NA NA 0.186046511627907
"Tragelaphus spekii" 2 126 43 NA NA 0.186046511627907
"Tragelaphus spekii" 2 128 42 NA NA 0.19047619047619
"Tragelaphus spekii" 2 130 41 NA NA 0.195121951219512
"Tragelaphus spekii" 2 132 41 NA NA 0.195121951219512
"Tragelaphus spekii" 2 134 41 NA NA 0.195121951219512
"Tragelaphus spekii" 2 136 41 NA NA 0.195121951219512
"Tragelaphus spekii" 2 138 41 NA NA 0.195121951219512
"Tragelaphus spekii" 2 140 40 NA NA 0.2
"Tragelaphus spekii" 2 142 40 NA NA 0.2
"Tragelaphus spekii" 2 144 40 NA NA 0.2
"Tragelaphus spekii" 2 146 40 NA NA 0.2
"Tragelaphus spekii" 2 148 40 NA NA 0.2
"Tragelaphus spekii" 2 150 40 NA NA 0.2
"Tragelaphus spekii" 2 152 40 NA NA 0.2
"Tragelaphus spekii" 2 154 39 NA NA 0.205128205128205
"Tragelaphus spekii" 2 156 39 NA NA 0.205128205128205
"Tragelaphus spekii" 2 158 39 NA NA 0.205128205128205
"Tragelaphus spekii" 2 160 39 NA NA 0.205128205128205
"Tragelaphus spekii" 2 162 39 NA NA 0.205128205128205
"Tragelaphus spekii" 2 164 39 NA NA 0.205128205128205
"Tragelaphus spekii" 2 166 39 NA NA 0.205128205128205
"Tragelaphus spekii" 2 168 39 NA NA 0.205128205128205
"Tragelaphus spekii" 2 170 39 NA NA 0.205128205128205
"Tragelaphus spekii" 2 172 39 NA NA 0.205128205128205
"Tragelaphus spekii" 2 174 38 NA NA 0.210526315789474
"Tragelaphus spekii" 2 176 37 NA NA 0.216216216216216
"Tragelaphus spekii" 2 178 37 NA NA 0.216216216216216
"Tragelaphus spekii" 2 180 37 NA NA 0.216216216216216
"Tragelaphus spekii" 2 182 37 NA NA 0.216216216216216
"Tragelaphus spekii" 2 184 36 NA NA 0.194444444444444
"Tragelaphus spekii" 2 186 35 NA NA 0.171428571428571
"Tragelaphus spekii" 2 188 34 NA NA 0.176470588235294
"Tragelaphus spekii" 2 190 34 NA NA 0.176470588235294
"Tragelaphus spekii" 2 192 33 NA NA 0.181818181818182
"Tragelaphus spekii" 2 194 33 NA NA 0.181818181818182
"Tragelaphus spekii" 2 196 33 NA NA 0.181818181818182
"Tragelaphus spekii" 2 198 33 NA NA 0.181818181818182
"Tragelaphus spekii" 2 200 33 NA NA 0.181818181818182
"Tragelaphus spekii" 3 6 449 NA NA 0
"Tragelaphus spekii" 3 9 447 0.0621405940006812 0.950450870107471 0.00223713646532438
"Tragelaphus spekii" 3 12 439 0.0726642526876307 0.942073295541821 0.00227790432801822
"Tragelaphus spekii" 3 15 436 NA NA 0.00229357798165138
"Tragelaphus spekii" 3 18 434 NA NA 0.00230414746543779
"Tragelaphus spekii" 3 21 429 NA NA 0.00233100233100233
"Tragelaphus spekii" 3 24 425 NA NA 0.00235294117647059
"Tragelaphus spekii" 3 27 422 NA NA 0.0023696682464455
"Tragelaphus spekii" 3 30 420 NA NA 0.00476190476190476
"Tragelaphus spekii" 3 33 415 NA NA 0.00481927710843374
"Tragelaphus spekii" 3 36 412 0.119180372373423 0.905132456384932 0.00728155339805825
"Tragelaphus spekii" 3 39 409 0.123276312093549 0.901888297951473 0.00733496332518337
"Tragelaphus spekii" 3 42 407 0.130405995199152 0.896245223612796 0.00982800982800983
"Tragelaphus spekii" 3 45 402 0.136413519295688 0.891494386729962 0.00995024875621891
"Tragelaphus spekii" 3 48 397 0.120961535522203 0.903721501631481 0.0125944584382872
"Tragelaphus spekii" 3 51 388 0.12589750278355 0.899813059438395 0.0128865979381443
"Tragelaphus spekii" 3 54 381 0.119911552315062 0.904553213086132 0.0131233595800525
"Tragelaphus spekii" 3 57 370 0.145445289246312 0.884359309153429 0.0135135135135135
"Tragelaphus spekii" 3 60 361 1.86196221879679 0.0626084158757069 0.0166204986149584
"Tragelaphus spekii" 3 63 349 1.59710752256547 0.110241741634605 0.0143266475644699
"Tragelaphus spekii" 3 66 320 1.60335373021897 0.108856580244707 0.015625
"Tragelaphus spekii" 3 69 283 1.80184808925674 0.0715693093433321 0.0212014134275618
"Tragelaphus spekii" 3 72 249 1.81276172587221 0.0698685795430744 0.0240963855421687
"Tragelaphus spekii" 3 75 218 NA NA 0.0275229357798165
"Tragelaphus spekii" 3 78 209 NA NA 0.0334928229665072
"Tragelaphus spekii" 3 81 176 NA NA 0.0397727272727273
"Tragelaphus spekii" 3 84 166 NA NA 0.0481927710843374
"Tragelaphus spekii" 3 87 163 NA NA 0.049079754601227
"Tragelaphus spekii" 3 90 151 NA NA 0.0463576158940397
"Tragelaphus spekii" 3 93 142 NA NA 0.0492957746478873
"Tragelaphus spekii" 3 96 105 NA NA 0.0666666666666667
"Tragelaphus spekii" 3 99 75 NA NA 0.106666666666667
"Tragelaphus spekii" 3 102 75 NA NA 0.106666666666667
"Tragelaphus spekii" 3 105 73 NA NA 0.10958904109589
"Tragelaphus spekii" 3 108 49 NA NA 0.163265306122449
"Tragelaphus spekii" 3 111 45 NA NA 0.177777777777778
"Tragelaphus spekii" 3 114 45 NA NA 0.177777777777778
"Tragelaphus spekii" 3 117 43 NA NA 0.162790697674419
"Tragelaphus spekii" 3 120 43 NA NA 0.162790697674419
"Tragelaphus spekii" 3 123 43 NA NA 0.186046511627907
"Tragelaphus spekii" 3 126 43 NA NA 0.186046511627907
"Tragelaphus spekii" 3 129 42 NA NA 0.19047619047619
"Tragelaphus spekii" 3 132 41 NA NA 0.195121951219512
"Tragelaphus spekii" 3 135 41 NA NA 0.195121951219512
"Tragelaphus spekii" 3 138 41 NA NA 0.195121951219512
"Tragelaphus spekii" 3 141 40 NA NA 0.2
"Tragelaphus spekii" 3 144 40 NA NA 0.2
"Tragelaphus spekii" 3 147 40 NA NA 0.2
"Tragelaphus spekii" 3 150 40 NA NA 0.2
"Tragelaphus spekii" 3 153 40 NA NA 0.2
"Tragelaphus spekii" 3 156 39 NA NA 0.205128205128205
"Tragelaphus spekii" 3 159 39 NA NA 0.205128205128205
"Tragelaphus spekii" 3 162 39 NA NA 0.205128205128205
"Tragelaphus spekii" 3 165 39 NA NA 0.205128205128205
"Tragelaphus spekii" 3 168 39 NA NA 0.205128205128205
"Tragelaphus spekii" 3 171 39 NA NA 0.205128205128205
"Tragelaphus spekii" 3 174 38 NA NA 0.210526315789474
"Tragelaphus spekii" 3 177 37 NA NA 0.216216216216216
"Tragelaphus spekii" 3 180 37 NA NA 0.216216216216216
"Tragelaphus spekii" 3 183 37 NA NA 0.216216216216216
"Tragelaphus spekii" 3 186 35 NA NA 0.171428571428571
"Tragelaphus spekii" 3 189 34 NA NA 0.176470588235294
"Tragelaphus spekii" 3 192 33 NA NA 0.181818181818182
"Tragelaphus spekii" 3 195 33 NA NA 0.181818181818182
"Tragelaphus spekii" 3 198 33 NA NA 0.181818181818182
"Tragelaphus spekii" 4 8 447 NA NA 0
"Tragelaphus spekii" 4 12 439 0.0303647665616884 0.975776144101329 0.00227790432801822
"Tragelaphus spekii" 4 16 435 0.0655362174410103 0.947747070956678 0.00229885057471264
"Tragelaphus spekii" 4 20 430 NA NA 0.00232558139534884
"Tragelaphus spekii" 4 24 425 NA NA 0.00235294117647059
"Tragelaphus spekii" 4 28 422 NA NA 0.0023696682464455
"Tragelaphus spekii" 4 32 419 NA NA 0.00477326968973747
"Tragelaphus spekii" 4 36 412 0.118575586152057 0.905611608295324 0.00728155339805825
"Tragelaphus spekii" 4 40 408 0.121381308126425 0.903389021358311 0.00735294117647059
"Tragelaphus spekii" 4 44 403 0.139532159407551 0.88902964496129 0.00992555831265509
"Tragelaphus spekii" 4 48 397 0.123385991711795 0.901801449304387 0.0125944584382872
"Tragelaphus spekii" 4 52 386 0.119132869483459 0.905170090089525 0.0129533678756477
"Tragelaphus spekii" 4 56 373 NA NA 0.0134048257372654
"Tragelaphus spekii" 4 60 361 1.8340878208732 0.0666409590037455 0.0166204986149584
"Tragelaphus spekii" 4 64 341 1.5888086977696 0.1121035890017 0.0146627565982405
"Tragelaphus spekii" 4 68 296 1.52489737430236 0.127284696900647 0.0168918918918919
"Tragelaphus spekii" 4 72 249 NA NA 0.0240963855421687
"Tragelaphus spekii" 4 76 216 NA NA 0.0277777777777778
"Tragelaphus spekii" 4 80 180 NA NA 0.0388888888888889
"Tragelaphus spekii" 4 84 166 NA NA 0.0481927710843374
"Tragelaphus spekii" 4 88 158 NA NA 0.0443037974683544
"Tragelaphus spekii" 4 92 146 NA NA 0.0479452054794521
"Tragelaphus spekii" 4 96 105 NA NA 0.0666666666666667
"Tragelaphus spekii" 4 100 75 NA NA 0.106666666666667
"Tragelaphus spekii" 4 104 75 NA NA 0.106666666666667
"Tragelaphus spekii" 4 108 49 NA NA 0.163265306122449
"Tragelaphus spekii" 4 112 45 NA NA 0.177777777777778
"Tragelaphus spekii" 4 116 44 NA NA 0.181818181818182
"Tragelaphus spekii" 4 120 43 NA NA 0.162790697674419
"Tragelaphus spekii" 4 124 43 NA NA 0.186046511627907
"Tragelaphus spekii" 4 128 42 NA NA 0.19047619047619
"Tragelaphus spekii" 4 132 41 NA NA 0.195121951219512
"Tragelaphus spekii" 4 136 41 NA NA 0.195121951219512
"Tragelaphus spekii" 4 140 40 NA NA 0.2
"Tragelaphus spekii" 4 144 40 NA NA 0.2
"Tragelaphus spekii" 4 148 40 NA NA 0.2
"Tragelaphus spekii" 4 152 40 NA NA 0.2
"Tragelaphus spekii" 4 156 39 NA NA 0.205128205128205
"Tragelaphus spekii" 4 160 39 NA NA 0.205128205128205
"Tragelaphus spekii" 4 164 39 NA NA 0.205128205128205
"Tragelaphus spekii" 4 168 39 NA NA 0.205128205128205
"Tragelaphus spekii" 4 172 39 NA NA 0.205128205128205
"Tragelaphus spekii" 4 176 37 NA NA 0.216216216216216
"Tragelaphus spekii" 4 180 37 NA NA 0.216216216216216
"Tragelaphus spekii" 4 184 36 NA NA 0.194444444444444
"Tragelaphus spekii" 4 188 34 NA NA 0.176470588235294
"Tragelaphus spekii" 4 192 33 NA NA 0.181818181818182
"Tragelaphus spekii" 4 196 33 NA NA 0.181818181818182
"Tragelaphus spekii" 4 200 33 NA NA 0.181818181818182
"Tragelaphus spekii" 5 10 445 0.0952316345640446 0.924130843415975 0.00224719101123596
"Tragelaphus spekii" 5 15 436 0.056973831589113 0.954566040638338 0.00229357798165138
"Tragelaphus spekii" 5 20 430 0.380323729699594 0.70370512286849 0.00232558139534884
"Tragelaphus spekii" 5 25 423 NA NA 0.00236406619385343
"Tragelaphus spekii" 5 30 420 NA NA 0.00476190476190476
"Tragelaphus spekii" 5 35 413 NA NA 0.00484261501210654
"Tragelaphus spekii" 5 40 408 0.125199927367027 0.900365274745522 0.00735294117647059
"Tragelaphus spekii" 5 45 402 0.129714235796388 0.896792519192861 0.00995024875621891
"Tragelaphus spekii" 5 50 391 NA NA 0.0127877237851662
"Tragelaphus spekii" 5 55 376 NA NA 0.0132978723404255
"Tragelaphus spekii" 5 60 361 1.81190652129641 0.0700006415998874 0.0166204986149584
"Tragelaphus spekii" 5 65 327 1.56152126009949 0.118400811605629 0.0152905198776758
"Tragelaphus spekii" 5 70 272 1.76076248560293 0.0782786117850126 0.0220588235294118
"Tragelaphus spekii" 5 75 218 NA NA 0.0275229357798165
"Tragelaphus spekii" 5 80 180 NA NA 0.0388888888888889
"Tragelaphus spekii" 5 85 166 NA NA 0.0481927710843374
"Tragelaphus spekii" 5 90 151 NA NA 0.0463576158940397
"Tragelaphus spekii" 5 95 127 NA NA 0.0551181102362205
"Tragelaphus spekii" 5 100 75 NA NA 0.106666666666667
"Tragelaphus spekii" 5 105 73 NA NA 0.10958904109589
"Tragelaphus spekii" 5 110 47 NA NA 0.170212765957447
"Tragelaphus spekii" 5 115 44 NA NA 0.181818181818182
"Tragelaphus spekii" 5 120 43 NA NA 0.162790697674419
"Tragelaphus spekii" 5 125 43 NA NA 0.186046511627907
"Tragelaphus spekii" 5 130 41 NA NA 0.195121951219512
"Tragelaphus spekii" 5 135 41 NA NA 0.195121951219512
"Tragelaphus spekii" 5 140 40 NA NA 0.2
"Tragelaphus spekii" 5 145 40 NA NA 0.2
"Tragelaphus spekii" 5 150 40 NA NA 0.2
"Tragelaphus spekii" 5 155 39 NA NA 0.205128205128205
"Tragelaphus spekii" 5 160 39 NA NA 0.205128205128205
"Tragelaphus spekii" 5 165 39 NA NA 0.205128205128205
"Tragelaphus spekii" 5 170 39 NA NA 0.205128205128205
"Tragelaphus spekii" 5 175 37 NA NA 0.216216216216216
"Tragelaphus spekii" 5 180 37 NA NA 0.216216216216216
"Tragelaphus spekii" 5 185 35 NA NA 0.171428571428571
"Tragelaphus spekii" 5 190 34 NA NA 0.176470588235294
"Tragelaphus spekii" 5 195 33 NA NA 0.181818181818182
"Tragelaphus spekii" 5 200 33 NA NA 0.181818181818182
"Tragelaphus spekii" 6 12 439 0.0687632702227567 0.945178054971154 0.00227790432801822
"Tragelaphus spekii" 6 18 434 0.0905001705561557 0.927889758426439 0.00230414746543779
"Tragelaphus spekii" 6 24 425 0.0524001144494749 0.958209882926534 0.00235294117647059
"Tragelaphus spekii" 6 30 420 NA NA 0.00476190476190476
"Tragelaphus spekii" 6 36 412 NA NA 0.00728155339805825
"Tragelaphus spekii" 6 42 407 0.125731964349709 0.899944098750311 0.00982800982800983
"Tragelaphus spekii" 6 48 397 0.106355033017698 0.915300669109104 0.0125944584382872
"Tragelaphus spekii" 6 54 381 0.125626493358242 0.900027590428571 0.0131233595800525
"Tragelaphus spekii" 6 60 361 1.79458459476357 0.0727199094051594 0.0166204986149584
"Tragelaphus spekii" 6 66 320 1.54788286405685 0.121650501037839 0.015625
"Tragelaphus spekii" 6 72 249 NA NA 0.0240963855421687
"Tragelaphus spekii" 6 78 209 NA NA 0.0334928229665072
"Tragelaphus spekii" 6 84 166 NA NA 0.0481927710843374
"Tragelaphus spekii" 6 90 151 NA NA 0.0463576158940397
"Tragelaphus spekii" 6 96 105 NA NA 0.0666666666666667
"Tragelaphus spekii" 6 102 75 NA NA 0.106666666666667
"Tragelaphus spekii" 6 108 49 NA NA 0.163265306122449
"Tragelaphus spekii" 6 114 45 NA NA 0.177777777777778
"Tragelaphus spekii" 6 120 43 NA NA 0.162790697674419
"Tragelaphus spekii" 6 126 43 NA NA 0.186046511627907
"Tragelaphus spekii" 6 132 41 NA NA 0.195121951219512
"Tragelaphus spekii" 6 138 41 NA NA 0.195121951219512
"Tragelaphus spekii" 6 144 40 NA NA 0.2
"Tragelaphus spekii" 6 150 40 NA NA 0.2
"Tragelaphus spekii" 6 156 39 NA NA 0.205128205128205
"Tragelaphus spekii" 6 162 39 NA NA 0.205128205128205
"Tragelaphus spekii" 6 168 39 NA NA 0.205128205128205
"Tragelaphus spekii" 6 174 38 NA NA 0.210526315789474
"Tragelaphus spekii" 6 180 37 NA NA 0.216216216216216
"Tragelaphus spekii" 6 186 35 NA NA 0.171428571428571
"Tragelaphus spekii" 6 192 33 NA NA 0.181818181818182
"Tragelaphus spekii" 6 198 33 NA NA 0.181818181818182
"Tragelaphus spekii" 7 14 436 0.0851025868152849 0.932179833788885 0.00229357798165138
"Tragelaphus spekii" 7 21 429 0.0827969951078219 0.934012958481907 0.00233100233100233
"Tragelaphus spekii" 7 28 422 NA NA 0.0023696682464455
"Tragelaphus spekii" 7 35 413 NA NA 0.00484261501210654
"Tragelaphus spekii" 7 42 407 0.130844125306714 0.895898616082995 0.00982800982800983
"Tragelaphus spekii" 7 49 395 0.121799416965478 0.903057875707521 0.0126582278481013
"Tragelaphus spekii" 7 56 373 0.121300414543358 0.903453091685755 0.0134048257372654
"Tragelaphus spekii" 7 63 349 NA NA 0.0143266475644699
"Tragelaphus spekii" 7 70 272 1.73470994218913 0.0827921944095891 0.0220588235294118
"Tragelaphus spekii" 7 77 211 NA NA 0.028436018957346
"Tragelaphus spekii" 7 84 166 NA NA 0.0481927710843374
"Tragelaphus spekii" 7 91 150 NA NA 0.0466666666666667
"Tragelaphus spekii" 7 98 75 NA NA 0.106666666666667
"Tragelaphus spekii" 7 105 73 NA NA 0.10958904109589
"Tragelaphus spekii" 7 112 45 NA NA 0.177777777777778
"Tragelaphus spekii" 7 119 43 NA NA 0.162790697674419
"Tragelaphus spekii" 7 126 43 NA NA 0.186046511627907
"Tragelaphus spekii" 7 133 41 NA NA 0.195121951219512
"Tragelaphus spekii" 7 140 40 NA NA 0.2
"Tragelaphus spekii" 7 147 40 NA NA 0.2
"Tragelaphus spekii" 7 154 39 NA NA 0.205128205128205
"Tragelaphus spekii" 7 161 39 NA NA 0.205128205128205
"Tragelaphus spekii" 7 168 39 NA NA 0.205128205128205
"Tragelaphus spekii" 7 175 37 NA NA 0.216216216216216
"Tragelaphus spekii" 7 182 37 NA NA 0.216216216216216
"Tragelaphus spekii" 7 189 34 NA NA 0.176470588235294
"Tragelaphus spekii" 7 196 33 NA NA 0.181818181818182
"Tragelaphus spekii" 8 16 435 0.0708380450018645 0.94352665233293 0.00229885057471264
"Tragelaphus spekii" 8 24 425 0.0972834365437427 0.922501309327737 0.00235294117647059
"Tragelaphus spekii" 8 32 419 0.110296820021512 0.91217397913376 0.00477326968973747
"Tragelaphus spekii" 8 40 408 0.128315629001355 0.897899197193275 0.00735294117647059
"Tragelaphus spekii" 8 48 397 0.114760808093108 0.90863471436365 0.0125944584382872
"Tragelaphus spekii" 8 56 373 0.109197393484031 0.913045927646516 0.0134048257372654
"Tragelaphus spekii" 8 64 341 1.53620625661696 0.1244878020099 0.0146627565982405
"Tragelaphus spekii" 8 72 249 NA NA 0.0240963855421687
"Tragelaphus spekii" 8 80 180 NA NA 0.0388888888888889
"Tragelaphus spekii" 8 88 158 NA NA 0.0443037974683544
"Tragelaphus spekii" 8 96 105 NA NA 0.0666666666666667
"Tragelaphus spekii" 8 104 75 NA NA 0.106666666666667
"Tragelaphus spekii" 8 112 45 NA NA 0.177777777777778
"Tragelaphus spekii" 8 120 43 NA NA 0.162790697674419
"Tragelaphus spekii" 8 128 42 NA NA 0.19047619047619
"Tragelaphus spekii" 8 136 41 NA NA 0.195121951219512
"Tragelaphus spekii" 8 144 40 NA NA 0.2
"Tragelaphus spekii" 8 152 40 NA NA 0.2
"Tragelaphus spekii" 8 160 39 NA NA 0.205128205128205
"Tragelaphus spekii" 8 168 39 NA NA 0.205128205128205
"Tragelaphus spekii" 8 176 37 NA NA 0.216216216216216
"Tragelaphus spekii" 8 184 36 NA NA 0.194444444444444
"Tragelaphus spekii" 8 192 33 NA NA 0.181818181818182
"Tragelaphus spekii" 8 200 33 NA NA 0.181818181818182
"Tragelaphus spekii" 9 18 434 0.105485435896341 0.915990625982741 0.00230414746543779
"Tragelaphus spekii" 9 27 422 0.141746357507488 0.887280356602824 0.0023696682464455
"Tragelaphus spekii" 9 36 412 0.132599857879383 0.89450984482415 0.00728155339805825
"Tragelaphus spekii" 9 45 402 0.143050126894256 0.886250592710201 0.00995024875621891
"Tragelaphus spekii" 9 54 381 0.122800431549549 0.902265132520557 0.0131233595800525
"Tragelaphus spekii" 9 63 349 1.50954957405314 0.131158396611002 0.0143266475644699
"Tragelaphus spekii" 9 72 249 NA NA 0.0240963855421687
"Tragelaphus spekii" 9 81 176 NA NA 0.0397727272727273
"Tragelaphus spekii" 9 90 151 NA NA 0.0463576158940397
"Tragelaphus spekii" 9 99 75 NA NA 0.106666666666667
"Tragelaphus spekii" 9 108 49 NA NA 0.163265306122449
"Tragelaphus spekii" 9 117 43 NA NA 0.162790697674419
"Tragelaphus spekii" 9 126 43 NA NA 0.186046511627907
"Tragelaphus spekii" 9 135 41 NA NA 0.195121951219512
"Tragelaphus spekii" 9 144 40 NA NA 0.2
"Tragelaphus spekii" 9 153 40 NA NA 0.2
"Tragelaphus spekii" 9 162 39 NA NA 0.205128205128205
"Tragelaphus spekii" 9 171 39 NA NA 0.205128205128205
"Tragelaphus spekii" 9 180 37 NA NA 0.216216216216216
"Tragelaphus spekii" 9 189 34 NA NA 0.176470588235294
"Tragelaphus spekii" 9 198 33 NA NA 0.181818181818182
"Tragelaphus spekii" 10 20 430 0.0689054769607054 0.94506485889968 0.00232558139534884
"Tragelaphus spekii" 10 30 420 0.120843822189709 0.903814739336577 0.00476190476190476
"Tragelaphus spekii" 10 40 408 0.137183115593593 0.890886056532647 0.00735294117647059
"Tragelaphus spekii" 10 50 391 0.134706004438958 0.892844325609321 0.0127877237851662
"Tragelaphus spekii" 10 60 361 1.74748312586899 0.0805535694169558 0.0166204986149584
"Tragelaphus spekii" 10 70 272 1.71061496643934 0.0871522142989556 0.0220588235294118
"Tragelaphus spekii" 10 80 180 NA NA 0.0388888888888889
"Tragelaphus spekii" 10 90 151 NA NA 0.0463576158940397
"Tragelaphus spekii" 10 100 75 NA NA 0.106666666666667
"Tragelaphus spekii" 10 110 47 NA NA 0.170212765957447
"Tragelaphus spekii" 10 120 43 NA NA 0.162790697674419
"Tragelaphus spekii" 10 130 41 NA NA 0.195121951219512
"Tragelaphus spekii" 10 140 40 NA NA 0.2
"Tragelaphus spekii" 10 150 40 NA NA 0.2
"Tragelaphus spekii" 10 160 39 NA NA 0.205128205128205
"Tragelaphus spekii" 10 170 39 NA NA 0.205128205128205
"Tragelaphus spekii" 10 180 37 NA NA 0.216216216216216
"Tragelaphus spekii" 10 190 34 NA NA 0.176470588235294
"Tragelaphus spekii" 10 200 33 NA NA 0.181818181818182
"Tragelaphus spekii" 11 22 427 0.0749587651868189 0.940247520162744 0.00234192037470726
"Tragelaphus spekii" 11 33 415 0.12547102364508 0.900150663510748 0.00481927710843374
"Tragelaphus spekii" 11 44 403 0.149503352132036 0.881156464476359 0.00992555831265509
"Tragelaphus spekii" 11 55 376 0.136493241958477 0.891431366689328 0.0132978723404255
"Tragelaphus spekii" 11 66 320 1.50057832797555 0.133464660207789 0.015625
"Tragelaphus spekii" 11 77 211 NA NA 0.028436018957346
"Tragelaphus spekii" 11 88 158 NA NA 0.0443037974683544
"Tragelaphus spekii" 11 99 75 NA NA 0.106666666666667
"Tragelaphus spekii" 11 110 47 NA NA 0.170212765957447
"Tragelaphus spekii" 11 121 43 NA NA 0.162790697674419
"Tragelaphus spekii" 11 132 41 NA NA 0.195121951219512
"Tragelaphus spekii" 11 143 40 NA NA 0.2
"Tragelaphus spekii" 11 154 39 NA NA 0.205128205128205
"Tragelaphus spekii" 11 165 39 NA NA 0.205128205128205
"Tragelaphus spekii" 11 176 37 NA NA 0.216216216216216
"Tragelaphus spekii" 11 187 34 NA NA 0.176470588235294
"Tragelaphus spekii" 11 198 33 NA NA 0.181818181818182
"Tragelaphus spekii" 12 24 425 0.120813286016423 0.903838926471276 0.00235294117647059
"Tragelaphus spekii" 12 36 412 0.145942206629686 0.883967012200953 0.00728155339805825
"Tragelaphus spekii" 12 48 397 0.134751058451608 0.892808702491297 0.0125944584382872
"Tragelaphus spekii" 12 60 361 1.73042083864765 0.083555113352643 0.0166204986149584
"Tragelaphus spekii" 12 72 249 1.73458255539489 0.0828147715504116 0.0240963855421687
"Tragelaphus spekii" 12 84 166 NA NA 0.0481927710843374
"Tragelaphus spekii" 12 96 105 NA NA 0.0666666666666667
"Tragelaphus spekii" 12 108 49 NA NA 0.163265306122449
"Tragelaphus spekii" 12 120 43 NA NA 0.162790697674419
"Tragelaphus spekii" 12 132 41 NA NA 0.195121951219512
"Tragelaphus spekii" 12 144 40 NA NA 0.2
"Tragelaphus spekii" 12 156 39 NA NA 0.205128205128205
"Tragelaphus spekii" 12 168 39 NA NA 0.205128205128205
"Tragelaphus spekii" 12 180 37 NA NA 0.216216216216216
"Tragelaphus spekii" 12 192 33 NA NA 0.181818181818182
"Tragelaphus spekii" 13 26 422 0.0820163027272116 0.934633749429939 0.0023696682464455
"Tragelaphus spekii" 13 39 409 0.151172680473896 0.879839500421328 0.00733496332518337
"Tragelaphus spekii" 13 52 386 0.140957034802728 0.887903884628397 0.0129533678756477
"Tragelaphus spekii" 13 65 327 1.48724278337931 0.136950700121314 0.0152905198776758
"Tragelaphus spekii" 13 78 209 NA NA 0.0334928229665072
"Tragelaphus spekii" 13 91 150 NA NA 0.0466666666666667
"Tragelaphus spekii" 13 104 75 NA NA 0.106666666666667
"Tragelaphus spekii" 13 117 43 NA NA 0.162790697674419
"Tragelaphus spekii" 13 130 41 NA NA 0.195121951219512
"Tragelaphus spekii" 13 143 40 NA NA 0.2
"Tragelaphus spekii" 13 156 39 NA NA 0.205128205128205
"Tragelaphus spekii" 13 169 39 NA NA 0.205128205128205
"Tragelaphus spekii" 13 182 37 NA NA 0.216216216216216
"Tragelaphus spekii" 13 195 33 NA NA 0.181818181818182
"Tragelaphus spekii" 14 28 422 0.0820163027272116 0.934633749429939 0.0023696682464455
"Tragelaphus spekii" 14 42 407 0.200709780587927 0.840925511540626 0.00982800982800983
"Tragelaphus spekii" 14 56 373 0.14531788392343 0.884459895272522 0.0134048257372654
"Tragelaphus spekii" 14 70 272 1.68855673664767 0.0913044074568443 0.0220588235294118
"Tragelaphus spekii" 14 84 166 NA NA 0.0481927710843374
"Tragelaphus spekii" 14 98 75 NA NA 0.106666666666667
"Tragelaphus spekii" 14 112 45 NA NA 0.177777777777778
"Tragelaphus spekii" 14 126 43 NA NA 0.186046511627907
"Tragelaphus spekii" 14 140 40 NA NA 0.2
"Tragelaphus spekii" 14 154 39 NA NA 0.205128205128205
"Tragelaphus spekii" 14 168 39 NA NA 0.205128205128205
"Tragelaphus spekii" 14 182 37 NA NA 0.216216216216216
"Tragelaphus spekii" 14 196 33 NA NA 0.181818181818182
"Tragelaphus spekii" 15 30 420 0.154003032178078 0.877607344776531 0.00476190476190476
"Tragelaphus spekii" 15 45 402 0.16815922009125 0.86645802168943 0.00995024875621891
"Tragelaphus spekii" 15 60 361 1.71189194118174 0.0869165840902738 0.0166204986149584
"Tragelaphus spekii" 15 75 218 NA NA 0.0275229357798165
"Tragelaphus spekii" 15 90 151 NA NA 0.0463576158940397
"Tragelaphus spekii" 15 105 73 NA NA 0.10958904109589
"Tragelaphus spekii" 15 120 43 NA NA 0.162790697674419
"Tragelaphus spekii" 15 135 41 NA NA 0.195121951219512
"Tragelaphus spekii" 15 150 40 NA NA 0.2
"Tragelaphus spekii" 15 165 39 NA NA 0.205128205128205
"Tragelaphus spekii" 15 180 37 NA NA 0.216216216216216
"Tragelaphus spekii" 15 195 33 NA NA 0.181818181818182
"Tragelaphus spekii" 16 32 419 0.155639833558091 0.876316924888905 0.00477326968973747
"Tragelaphus spekii" 16 48 397 0.154218932483463 0.877437114804416 0.0125944584382872
"Tragelaphus spekii" 16 64 341 1.48698688851419 0.137018273902805 0.0146627565982405
"Tragelaphus spekii" 16 80 180 NA NA 0.0388888888888889
"Tragelaphus spekii" 16 96 105 NA NA 0.0666666666666667
"Tragelaphus spekii" 16 112 45 NA NA 0.177777777777778
"Tragelaphus spekii" 16 128 42 NA NA 0.19047619047619
"Tragelaphus spekii" 16 144 40 NA NA 0.2
"Tragelaphus spekii" 16 160 39 NA NA 0.205128205128205
"Tragelaphus spekii" 16 176 37 NA NA 0.216216216216216
"Tragelaphus spekii" 16 192 33 NA NA 0.181818181818182
"Tragelaphus spekii" 17 34 415 0.159496613459099 0.873277626233889 0.00481927710843374
"Tragelaphus spekii" 17 51 388 0.159857562922644 0.872993278411883 0.0128865979381443
"Tragelaphus spekii" 17 68 296 1.39739384436587 0.16229516920953 0.0168918918918919
"Tragelaphus spekii" 17 85 166 NA NA 0.0481927710843374
"Tragelaphus spekii" 17 102 75 NA NA 0.106666666666667
"Tragelaphus spekii" 17 119 43 NA NA 0.162790697674419
"Tragelaphus spekii" 17 136 41 NA NA 0.195121951219512
"Tragelaphus spekii" 17 153 40 NA NA 0.2
"Tragelaphus spekii" 17 170 39 NA NA 0.205128205128205
"Tragelaphus spekii" 17 187 34 NA NA 0.176470588235294
"Tragelaphus spekii" 18 36 412 0.186324092745147 0.852190614995708 0.00728155339805825
"Tragelaphus spekii" 18 54 381 0.159854001977629 0.872996083563739 0.0131233595800525
"Tragelaphus spekii" 18 72 249 NA NA 0.0240963855421687
"Tragelaphus spekii" 18 90 151 NA NA 0.0463576158940397
"Tragelaphus spekii" 18 108 49 NA NA 0.163265306122449
"Tragelaphus spekii" 18 126 43 NA NA 0.186046511627907
"Tragelaphus spekii" 18 144 40 NA NA 0.2
"Tragelaphus spekii" 18 162 39 NA NA 0.205128205128205
"Tragelaphus spekii" 18 180 37 NA NA 0.216216216216216
"Tragelaphus spekii" 18 198 33 NA NA 0.181818181818182
"Tragelaphus spekii" 19 38 410 0.189577248906793 0.849640416630546 0.00731707317073171
"Tragelaphus spekii" 19 57 370 0.17057806727115 0.864555544926795 0.0135135135135135
"Tragelaphus spekii" 19 76 216 NA NA 0.0277777777777778
"Tragelaphus spekii" 19 95 127 NA NA 0.0551181102362205
"Tragelaphus spekii" 19 114 45 NA NA 0.177777777777778
"Tragelaphus spekii" 19 133 41 NA NA 0.195121951219512
"Tragelaphus spekii" 19 152 40 NA NA 0.2
"Tragelaphus spekii" 19 171 39 NA NA 0.205128205128205
"Tragelaphus spekii" 19 190 34 NA NA 0.176470588235294
"Tragelaphus spekii" 20 40 408 0.189890601072486 0.849394857727271 0.00735294117647059
"Tragelaphus spekii" 20 60 361 1.68794778782312 0.0914212520814855 0.0166204986149584
"Tragelaphus spekii" 20 80 180 NA NA 0.0388888888888889
"Tragelaphus spekii" 20 100 75 NA NA 0.106666666666667
"Tragelaphus spekii" 20 120 43 NA NA 0.162790697674419
"Tragelaphus spekii" 20 140 40 NA NA 0.2
"Tragelaphus spekii" 20 160 39 NA NA 0.205128205128205
"Tragelaphus spekii" 20 180 37 NA NA 0.216216216216216
"Tragelaphus spekii" 20 200 33 NA NA 0.181818181818182
"Tragelaphus spekii" 21 42 407 0.207851407480183 0.835344991681195 0.00982800982800983
"Tragelaphus spekii" 21 63 349 1.44981157398444 0.147111071089874 0.0143266475644699
"Tragelaphus spekii" 21 84 166 NA NA 0.0481927710843374
"Tragelaphus spekii" 21 105 73 NA NA 0.10958904109589
"Tragelaphus spekii" 21 126 43 NA NA 0.186046511627907
"Tragelaphus spekii" 21 147 40 NA NA 0.2
"Tragelaphus spekii" 21 168 39 NA NA 0.205128205128205
"Tragelaphus spekii" 21 189 34 NA NA 0.176470588235294
"Tragelaphus spekii" 22 44 403 0.210043664355135 0.833633593871509 0.00992555831265509
"Tragelaphus spekii" 22 66 320 1.45216386410695 0.146456047745931 0.015625
"Tragelaphus spekii" 22 88 158 NA NA 0.0443037974683544
"Tragelaphus spekii" 22 110 47 NA NA 0.170212765957447
"Tragelaphus spekii" 22 132 41 NA NA 0.195121951219512
"Tragelaphus spekii" 22 154 39 NA NA 0.205128205128205
"Tragelaphus spekii" 22 176 37 NA NA 0.216216216216216
"Tragelaphus spekii" 22 198 33 NA NA 0.181818181818182
"Tragelaphus spekii" 23 46 401 0.208170457039405 0.835095875141442 0.00997506234413965
"Tragelaphus spekii" 23 69 283 1.66152814407122 0.0966074213185285 0.0212014134275618
"Tragelaphus spekii" 23 92 146 NA NA 0.0479452054794521
"Tragelaphus spekii" 23 115 44 NA NA 0.181818181818182
"Tragelaphus spekii" 23 138 41 NA NA 0.195121951219512
"Tragelaphus spekii" 23 161 39 NA NA 0.205128205128205
"Tragelaphus spekii" 23 184 36 NA NA 0.194444444444444
"Tragelaphus spekii" 24 48 397 0.19614856621797 0.844493884161872 0.0125944584382872
"Tragelaphus spekii" 24 72 249 NA NA 0.0240963855421687
"Tragelaphus spekii" 24 96 105 NA NA 0.0666666666666667
"Tragelaphus spekii" 24 120 43 NA NA 0.162790697674419
"Tragelaphus spekii" 24 144 40 NA NA 0.2
"Tragelaphus spekii" 24 168 39 NA NA 0.205128205128205
"Tragelaphus spekii" 24 192 33 NA NA 0.181818181818182
"Tragelaphus spekii" 25 50 391 0.204611931038227 0.837875333001242 0.0127877237851662
"Tragelaphus spekii" 25 75 218 NA NA 0.0275229357798165
"Tragelaphus spekii" 25 100 75 NA NA 0.106666666666667
"Tragelaphus spekii" 25 125 43 NA NA 0.186046511627907
"Tragelaphus spekii" 25 150 40 NA NA 0.2
"Tragelaphus spekii" 25 175 37 NA NA 0.216216216216216
"Tragelaphus spekii" 25 200 33 NA NA 0.181818181818182
"Tragelaphus spekii" 26 52 386 0.189904300348102 0.849384122602188 0.0129533678756477
"Tragelaphus spekii" 26 78 209 NA NA 0.0334928229665072
"Tragelaphus spekii" 26 104 75 NA NA 0.106666666666667
"Tragelaphus spekii" 26 130 41 NA NA 0.195121951219512
"Tragelaphus spekii" 26 156 39 NA NA 0.205128205128205
"Tragelaphus spekii" 26 182 37 NA NA 0.216216216216216
"Tragelaphus spekii" 27 54 381 0.201496350787673 0.840310482568716 0.0131233595800525
"Tragelaphus spekii" 27 81 176 NA NA 0.0397727272727273
"Tragelaphus spekii" 27 108 49 NA NA 0.163265306122449
"Tragelaphus spekii" 27 135 41 NA NA 0.195121951219512
"Tragelaphus spekii" 27 162 39 NA NA 0.205128205128205
"Tragelaphus spekii" 27 189 34 NA NA 0.176470588235294
"Tragelaphus spekii" 28 56 373 NA NA 0.0134048257372654
"Tragelaphus spekii" 28 84 166 NA NA 0.0481927710843374
"Tragelaphus spekii" 28 112 45 NA NA 0.177777777777778
"Tragelaphus spekii" 28 140 40 NA NA 0.2
"Tragelaphus spekii" 28 168 39 NA NA 0.205128205128205
"Tragelaphus spekii" 28 196 33 NA NA 0.181818181818182
"Tragelaphus spekii" 29 58 366 0.190675980545061 0.848779458158143 0.0136612021857923
"Tragelaphus spekii" 29 87 163 NA NA 0.049079754601227
"Tragelaphus spekii" 29 116 44 NA NA 0.181818181818182
"Tragelaphus spekii" 29 145 40 NA NA 0.2
"Tragelaphus spekii" 29 174 38 NA NA 0.210526315789474
"Tragelaphus spekii" 30 60 361 1.65728352335069 0.0974621668928312 0.0166204986149584
"Tragelaphus spekii" 30 90 151 NA NA 0.0463576158940397
"Tragelaphus spekii" 30 120 43 NA NA 0.162790697674419
"Tragelaphus spekii" 30 150 40 NA NA 0.2
"Tragelaphus spekii" 30 180 37 NA NA 0.216216216216216
"Tragelaphus spekii" 31 62 351 1.42651707608923 0.153719141414953 0.0142450142450142
"Tragelaphus spekii" 31 93 142 NA NA 0.0492957746478873
"Tragelaphus spekii" 31 124 43 NA NA 0.186046511627907
"Tragelaphus spekii" 31 155 39 NA NA 0.205128205128205
"Tragelaphus spekii" 31 186 35 NA NA 0.171428571428571
"Tragelaphus spekii" 32 64 341 1.44686912907292 0.147933580788091 0.0146627565982405
"Tragelaphus spekii" 32 96 105 NA NA 0.0666666666666667
"Tragelaphus spekii" 32 128 42 NA NA 0.19047619047619
"Tragelaphus spekii" 32 160 39 NA NA 0.205128205128205
"Tragelaphus spekii" 32 192 33 NA NA 0.181818181818182
"Tragelaphus spekii" 33 66 320 1.42850652398531 0.153146118166591 0.015625
"Tragelaphus spekii" 33 99 75 NA NA 0.106666666666667
"Tragelaphus spekii" 33 132 41 NA NA 0.195121951219512
"Tragelaphus spekii" 33 165 39 NA NA 0.205128205128205
"Tragelaphus spekii" 33 198 33 NA NA 0.181818181818182
"Tragelaphus spekii" 34 68 296 1.43456813081925 0.151410201498277 0.0168918918918919
"Tragelaphus spekii" 34 102 75 NA NA 0.106666666666667
"Tragelaphus spekii" 34 136 41 NA NA 0.195121951219512
"Tragelaphus spekii" 34 170 39 NA NA 0.205128205128205
"Tragelaphus spekii" 35 70 272 NA NA 0.0220588235294118
"Tragelaphus spekii" 35 105 73 NA NA 0.10958904109589
"Tragelaphus spekii" 35 140 40 NA NA 0.2
"Tragelaphus spekii" 35 175 37 NA NA 0.216216216216216
"Tragelaphus spekii" 36 72 249 1.65916795324417 0.0970819532863784 0.0240963855421687
"Tragelaphus spekii" 36 108 49 NA NA 0.163265306122449
"Tragelaphus spekii" 36 144 40 NA NA 0.2
"Tragelaphus spekii" 36 180 37 NA NA 0.216216216216216
"Tragelaphus spekii" 37 74 225 NA NA 0.0266666666666667
"Tragelaphus spekii" 37 111 45 NA NA 0.177777777777778
"Tragelaphus spekii" 37 148 40 NA NA 0.2
"Tragelaphus spekii" 37 185 35 NA NA 0.171428571428571
"Tragelaphus spekii" 38 76 216 NA NA 0.0277777777777778
"Tragelaphus spekii" 38 114 45 NA NA 0.177777777777778
"Tragelaphus spekii" 38 152 40 NA NA 0.2
"Tragelaphus spekii" 38 190 34 NA NA 0.176470588235294
"Tragelaphus spekii" 39 78 209 NA NA 0.0334928229665072
"Tragelaphus spekii" 39 117 43 NA NA 0.162790697674419
"Tragelaphus spekii" 39 156 39 NA NA 0.205128205128205
"Tragelaphus spekii" 39 195 33 NA NA 0.181818181818182
"Tragelaphus spekii" 40 80 180 NA NA 0.0388888888888889
"Tragelaphus spekii" 40 120 43 NA NA 0.162790697674419
"Tragelaphus spekii" 40 160 39 NA NA 0.205128205128205
"Tragelaphus spekii" 40 200 33 NA NA 0.181818181818182
"Tragelaphus spekii" 41 82 170 NA NA 0.0411764705882353
"Tragelaphus spekii" 41 123 43 NA NA 0.186046511627907
"Tragelaphus spekii" 41 164 39 NA NA 0.205128205128205
"Tragelaphus spekii" 42 84 166 NA NA 0.0481927710843374
"Tragelaphus spekii" 42 126 43 NA NA 0.186046511627907
"Tragelaphus spekii" 42 168 39 NA NA 0.205128205128205
"Tragelaphus spekii" 43 86 165 NA NA 0.0484848484848485
"Tragelaphus spekii" 43 129 42 NA NA 0.19047619047619
"Tragelaphus spekii" 43 172 39 NA NA 0.205128205128205
"Tragelaphus spekii" 44 88 158 NA NA 0.0443037974683544
"Tragelaphus spekii" 44 132 41 NA NA 0.195121951219512
"Tragelaphus spekii" 44 176 37 NA NA 0.216216216216216
"Tragelaphus spekii" 45 90 151 NA NA 0.0463576158940397
"Tragelaphus spekii" 45 135 41 NA NA 0.195121951219512
"Tragelaphus spekii" 45 180 37 NA NA 0.216216216216216
"Tragelaphus spekii" 46 92 146 NA NA 0.0479452054794521
"Tragelaphus spekii" 46 138 41 NA NA 0.195121951219512
"Tragelaphus spekii" 46 184 36 NA NA 0.194444444444444
"Tragelaphus spekii" 47 94 142 NA NA 0.0492957746478873
"Tragelaphus spekii" 47 141 40 NA NA 0.2
"Tragelaphus spekii" 47 188 34 NA NA 0.176470588235294
"Tragelaphus spekii" 48 96 105 NA NA 0.0666666666666667
"Tragelaphus spekii" 48 144 40 NA NA 0.2
"Tragelaphus spekii" 48 192 33 NA NA 0.181818181818182
"Tragelaphus spekii" 49 98 75 NA NA 0.106666666666667
"Tragelaphus spekii" 49 147 40 NA NA 0.2
"Tragelaphus spekii" 49 196 33 NA NA 0.181818181818182
"Tragelaphus spekii" 50 100 75 NA NA 0.106666666666667
"Tragelaphus spekii" 50 150 40 NA NA 0.2
"Tragelaphus spekii" 50 200 33 NA NA 0.181818181818182
"Tragelaphus spekii" 51 102 75 NA NA 0.106666666666667
"Tragelaphus spekii" 51 153 40 NA NA 0.2
"Tragelaphus spekii" 52 104 75 NA NA 0.106666666666667
"Tragelaphus spekii" 52 156 39 NA NA 0.205128205128205
"Tragelaphus spekii" 53 106 61 NA NA 0.131147540983607
"Tragelaphus spekii" 53 159 39 NA NA 0.205128205128205
"Tragelaphus spekii" 54 108 49 NA NA 0.163265306122449
"Tragelaphus spekii" 54 162 39 NA NA 0.205128205128205
"Tragelaphus spekii" 55 110 47 NA NA 0.170212765957447
"Tragelaphus spekii" 55 165 39 NA NA 0.205128205128205
"Tragelaphus spekii" 56 112 45 NA NA 0.177777777777778
"Tragelaphus spekii" 56 168 39 NA NA 0.205128205128205
"Tragelaphus spekii" 57 114 45 NA NA 0.177777777777778
"Tragelaphus spekii" 57 171 39 NA NA 0.205128205128205
"Tragelaphus spekii" 58 116 44 NA NA 0.181818181818182
"Tragelaphus spekii" 58 174 38 NA NA 0.210526315789474
"Tragelaphus spekii" 59 118 43 NA NA 0.162790697674419
"Tragelaphus spekii" 59 177 37 NA NA 0.216216216216216
"Tragelaphus spekii" 60 120 43 NA NA 0.162790697674419
"Tragelaphus spekii" 60 180 37 NA NA 0.216216216216216
"Tragelaphus spekii" 61 122 43 NA NA 0.186046511627907
"Tragelaphus spekii" 61 183 37 NA NA 0.216216216216216
"Tragelaphus spekii" 62 124 43 NA NA 0.186046511627907
"Tragelaphus spekii" 62 186 35 NA NA 0.171428571428571
"Tragelaphus spekii" 63 126 43 NA NA 0.186046511627907
"Tragelaphus spekii" 63 189 34 NA NA 0.176470588235294
"Tragelaphus spekii" 64 128 42 NA NA 0.19047619047619
"Tragelaphus spekii" 64 192 33 NA NA 0.181818181818182
"Tragelaphus spekii" 65 130 41 NA NA 0.195121951219512
"Tragelaphus spekii" 65 195 33 NA NA 0.181818181818182
"Tragelaphus spekii" 66 132 41 NA NA 0.195121951219512
"Tragelaphus spekii" 66 198 33 NA NA 0.181818181818182
"Tragelaphus spekii" 67 134 41 NA NA 0.195121951219512
"Tragelaphus spekii" 68 136 41 NA NA 0.195121951219512
"Tragelaphus spekii" 69 138 41 NA NA 0.195121951219512
"Tragelaphus spekii" 70 140 40 NA NA 0.2
"Tragelaphus spekii" 71 142 40 NA NA 0.2
"Tragelaphus spekii" 72 144 40 NA NA 0.2
"Tragelaphus spekii" 73 146 40 NA NA 0.2
"Tragelaphus spekii" 74 148 40 NA NA 0.2
"Tragelaphus spekii" 75 150 40 NA NA 0.2
"Tragelaphus spekii" 76 152 40 NA NA 0.2
"Tragelaphus spekii" 77 154 39 NA NA 0.205128205128205
"Tragelaphus spekii" 78 156 39 NA NA 0.205128205128205
"Tragelaphus spekii" 79 158 39 NA NA 0.205128205128205
"Tragelaphus spekii" 80 160 39 NA NA 0.205128205128205
"Tragelaphus spekii" 81 162 39 NA NA 0.205128205128205
"Tragelaphus spekii" 82 164 39 NA NA 0.205128205128205
"Tragelaphus spekii" 83 166 39 NA NA 0.205128205128205
"Tragelaphus spekii" 84 168 39 NA NA 0.205128205128205
"Tragelaphus spekii" 85 170 39 NA NA 0.205128205128205
"Tragelaphus spekii" 86 172 39 NA NA 0.205128205128205
"Tragelaphus spekii" 87 174 38 NA NA 0.210526315789474
"Tragelaphus spekii" 88 176 37 NA NA 0.216216216216216
"Tragelaphus spekii" 89 178 37 NA NA 0.216216216216216
"Tragelaphus spekii" 90 180 37 NA NA 0.216216216216216
"Tragelaphus spekii" 91 182 37 NA NA 0.216216216216216
"Tragelaphus spekii" 92 184 36 NA NA 0.194444444444444
"Tragelaphus spekii" 93 186 35 NA NA 0.171428571428571
"Tragelaphus spekii" 94 188 34 NA NA 0.176470588235294
"Tragelaphus spekii" 95 190 34 NA NA 0.176470588235294
"Tragelaphus spekii" 96 192 33 NA NA 0.181818181818182
"Tragelaphus spekii" 97 194 33 NA NA 0.181818181818182
"Tragelaphus spekii" 98 196 33 NA NA 0.181818181818182
"Tragelaphus spekii" 99 198 33 NA NA 0.181818181818182
"Tragelaphus spekii" 100 200 33 NA NA 0.181818181818182
