"species" "time_interval" "study_duration" "n_cams" "z" "P" "p_presence"
"Caracal aurata" 1 2 454 NA NA 0.00881057268722467
"Caracal aurata" 1 3 454 -1.22326618676609 0.221229173999112 0.0110132158590308
"Caracal aurata" 1 4 452 -1.24195983996395 0.214251379771592 0.0110619469026549
"Caracal aurata" 1 5 450 NA NA 0.0155555555555556
"Caracal aurata" 1 6 449 -1.8255826487658 0.0679131513812357 0.0178173719376392
"Caracal aurata" 1 7 447 NA NA 0.0201342281879195
"Caracal aurata" 1 8 447 NA NA 0.0268456375838926
"Caracal aurata" 1 9 447 -1.7786975141919 0.0752893669581932 0.029082774049217
"Caracal aurata" 1 10 445 -1.54482436840843 0.122388751312215 0.0269662921348315
"Caracal aurata" 1 11 440 -1.5444272606044 0.122484860218942 0.0272727272727273
"Caracal aurata" 1 12 439 -1.69525751608798 0.0900265802718851 0.0296127562642369
"Caracal aurata" 1 13 438 -1.80744844928748 0.0706923855669742 0.0319634703196347
"Caracal aurata" 1 14 436 -1.79492356089818 0.0726658794962183 0.0321100917431193
"Caracal aurata" 1 15 436 -1.97391247298759 0.0483916962481949 0.0344036697247706
"Caracal aurata" 1 16 435 -2.12707015618748 0.0334142544959057 0.0367816091954023
"Caracal aurata" 1 17 435 -2.16168497677681 0.0306424664062686 0.0367816091954023
"Caracal aurata" 1 18 434 -2.09812156642921 0.0358944078966644 0.0368663594470046
"Caracal aurata" 1 19 432 -1.95344760726612 0.050766579747469 0.0416666666666667
"Caracal aurata" 1 20 430 -1.90904138081019 0.0562567536938681 0.0418604651162791
"Caracal aurata" 1 21 429 -1.8825108436587 0.0597666889775903 0.0466200466200466
"Caracal aurata" 1 22 427 -1.9201422607507 0.0548399324619144 0.0468384074941452
"Caracal aurata" 1 23 426 -2.10171673502541 0.0355780967310794 0.0492957746478873
"Caracal aurata" 1 24 425 -1.83864127836236 0.0659679656673046 0.0517647058823529
"Caracal aurata" 1 25 423 -1.99495318602351 0.0460479859068134 0.0543735224586288
"Caracal aurata" 1 26 422 -1.66731138257154 0.0954525044569438 0.0592417061611374
"Caracal aurata" 1 27 422 -1.92317716265043 0.0544578043067864 0.0639810426540284
"Caracal aurata" 1 28 422 -1.94687960772189 0.0515491699726866 0.0639810426540284
"Caracal aurata" 1 29 422 -1.97139446396039 0.0486787737893538 0.0639810426540284
"Caracal aurata" 1 30 420 -1.94499363597106 0.0517757442614732 0.0642857142857143
"Caracal aurata" 1 31 419 -2.08416305762092 0.0371453378247505 0.0668257756563246
"Caracal aurata" 1 32 419 -2.04202377783404 0.0411491727586294 0.0668257756563246
"Caracal aurata" 1 33 415 -2.18140977378065 0.0291531213651946 0.0698795180722892
"Caracal aurata" 1 34 415 -2.17819507056211 0.0293915169187477 0.0698795180722892
"Caracal aurata" 1 35 413 -2.08565851531995 0.037009566768454 0.0702179176755448
"Caracal aurata" 1 36 412 -2.07735332494252 0.0377689607501239 0.0703883495145631
"Caracal aurata" 1 37 410 -2.05755599798028 0.0396327742471785 0.0707317073170732
"Caracal aurata" 1 38 410 -2.33257868398608 0.0196702687812201 0.075609756097561
"Caracal aurata" 1 39 409 -2.38062385055316 0.0172833500727664 0.0757946210268949
"Caracal aurata" 1 40 408 -2.40633443478434 0.0161135060511202 0.0759803921568627
"Caracal aurata" 1 41 407 -2.27797336250081 0.022728164712007 0.0786240786240786
"Caracal aurata" 1 42 407 -2.34282843971888 0.0191381810556683 0.0810810810810811
"Caracal aurata" 1 43 405 -2.5257564062838 0.0115449500338613 0.0864197530864197
"Caracal aurata" 1 44 403 -2.59459120874661 0.00947034823612414 0.086848635235732
"Caracal aurata" 1 45 402 -2.39230061478925 0.0167431224845427 0.0895522388059701
"Caracal aurata" 1 46 401 -2.52086351432261 0.01170672499391 0.0922693266832918
"Caracal aurata" 1 47 398 -2.33136208003211 0.0197342752787221 0.0954773869346734
"Caracal aurata" 1 48 397 -2.3475098276945 0.0188993745690839 0.0957178841309824
"Caracal aurata" 1 49 395 -2.50631462559032 0.0121997009674747 0.0987341772151899
"Caracal aurata" 1 50 391 -2.71903401749575 0.00654728742839343 0.107416879795396
"Caracal aurata" 1 51 388 -2.75226186827205 0.00591851729769777 0.108247422680412
"Caracal aurata" 1 52 386 -2.93584981363442 0.00332635326325889 0.106217616580311
"Caracal aurata" 1 53 382 -2.94748471485664 0.00320370590218195 0.107329842931937
"Caracal aurata" 1 54 381 -2.93601639902848 0.00332456746573255 0.10761154855643
"Caracal aurata" 1 55 376 -2.94875225584812 0.00319059633955052 0.109042553191489
"Caracal aurata" 1 56 373 -2.94968688527572 0.00318096125568142 0.109919571045576
"Caracal aurata" 1 57 370 -2.97782566632104 0.00290301054348594 0.110810810810811
"Caracal aurata" 1 58 366 -3.06267978009286 0.00219364662411977 0.114754098360656
"Caracal aurata" 1 59 364 -2.99039613030234 0.00278615868350587 0.120879120879121
"Caracal aurata" 1 60 361 -2.93585328154692 0.00332631607829072 0.119113573407202
"Caracal aurata" 1 61 356 -2.96306152687892 0.00304595678573766 0.123595505617978
"Caracal aurata" 1 62 351 -2.9198104275367 0.00350244371846732 0.125356125356125
"Caracal aurata" 1 63 349 -2.84052562790177 0.00450392538894992 0.126074498567335
"Caracal aurata" 1 64 341 -2.66668381964426 0.00766037019393477 0.129032258064516
"Caracal aurata" 1 65 327 -2.3896565517411 0.0168641348549255 0.137614678899083
"Caracal aurata" 1 66 320 -2.13356821859103 0.0328781418645959 0.140625
"Caracal aurata" 1 67 304 -1.64430646411988 0.100112914776604 0.144736842105263
"Caracal aurata" 1 68 296 -1.4337555832572 0.151642024234296 0.141891891891892
"Caracal aurata" 1 69 283 -3.22172367888552 0.00127421958305783 0.134275618374558
"Caracal aurata" 1 70 272 -3.11192823305413 0.00185869678552413 0.132352941176471
"Caracal aurata" 1 71 268 -3.0588054691095 0.00222221396931836 0.134328358208955
"Caracal aurata" 1 72 249 -3.03551509620539 0.00240125202314572 0.1285140562249
"Caracal aurata" 1 73 231 NA NA 0.103896103896104
"Caracal aurata" 1 74 225 NA NA 0.111111111111111
"Caracal aurata" 1 75 218 NA NA 0.114678899082569
"Caracal aurata" 1 76 216 NA NA 0.115740740740741
"Caracal aurata" 1 77 211 NA NA 0.109004739336493
"Caracal aurata" 1 78 209 NA NA 0.114832535885167
"Caracal aurata" 1 79 195 NA NA 0.123076923076923
"Caracal aurata" 1 80 180 NA NA 0.127777777777778
"Caracal aurata" 1 81 176 NA NA 0.125
"Caracal aurata" 1 82 170 NA NA 0.123529411764706
"Caracal aurata" 1 83 166 NA NA 0.126506024096386
"Caracal aurata" 1 84 166 NA NA 0.132530120481928
"Caracal aurata" 1 85 166 NA NA 0.132530120481928
"Caracal aurata" 1 86 165 NA NA 0.133333333333333
"Caracal aurata" 1 87 163 NA NA 0.134969325153374
"Caracal aurata" 1 88 158 NA NA 0.132911392405063
"Caracal aurata" 1 89 153 NA NA 0.124183006535948
"Caracal aurata" 1 90 151 NA NA 0.125827814569536
"Caracal aurata" 1 91 150 NA NA 0.12
"Caracal aurata" 1 92 146 NA NA 0.116438356164384
"Caracal aurata" 1 93 142 NA NA 0.105633802816901
"Caracal aurata" 1 94 142 NA NA 0.105633802816901
"Caracal aurata" 1 95 127 NA NA 0.118110236220472
"Caracal aurata" 1 96 105 NA NA 0.104761904761905
"Caracal aurata" 1 97 89 NA NA 0.0898876404494382
"Caracal aurata" 1 98 75 NA NA 0.0666666666666667
"Caracal aurata" 1 99 75 NA NA 0.0666666666666667
"Caracal aurata" 1 100 75 NA NA 0.0666666666666667
"Caracal aurata" 1 101 75 NA NA 0.0666666666666667
"Caracal aurata" 1 102 75 NA NA 0.0666666666666667
"Caracal aurata" 1 103 75 NA NA 0.0666666666666667
"Caracal aurata" 1 104 75 NA NA 0.0666666666666667
"Caracal aurata" 1 105 73 NA NA 0.0684931506849315
"Caracal aurata" 1 106 61 NA NA 0.0655737704918033
"Caracal aurata" 1 107 56 NA NA 0.0714285714285714
"Caracal aurata" 1 108 49 NA NA 0.0612244897959184
"Caracal aurata" 1 109 48 NA NA 0.0625
"Caracal aurata" 1 110 47 NA NA 0.0638297872340425
"Caracal aurata" 1 111 45 NA NA 0.0444444444444444
"Caracal aurata" 1 112 45 NA NA 0.0444444444444444
"Caracal aurata" 1 113 45 NA NA 0.0444444444444444
"Caracal aurata" 1 114 45 NA NA 0.0444444444444444
"Caracal aurata" 1 115 44 NA NA 0.0454545454545455
"Caracal aurata" 1 116 44 NA NA 0.0454545454545455
"Caracal aurata" 1 117 43 NA NA 0.0465116279069767
"Caracal aurata" 1 118 43 NA NA 0.0465116279069767
"Caracal aurata" 1 119 43 NA NA 0.0465116279069767
"Caracal aurata" 1 120 43 NA NA 0.0465116279069767
"Caracal aurata" 1 121 43 NA NA 0.0465116279069767
"Caracal aurata" 1 122 43 NA NA 0.0697674418604651
"Caracal aurata" 1 123 43 NA NA 0.0697674418604651
"Caracal aurata" 1 124 43 NA NA 0.0697674418604651
"Caracal aurata" 1 125 43 NA NA 0.0697674418604651
"Caracal aurata" 1 126 43 NA NA 0.0697674418604651
"Caracal aurata" 1 127 43 NA NA 0.0697674418604651
"Caracal aurata" 1 128 42 NA NA 0.0714285714285714
"Caracal aurata" 1 129 42 NA NA 0.0714285714285714
"Caracal aurata" 1 130 41 NA NA 0.0731707317073171
"Caracal aurata" 1 131 41 NA NA 0.0731707317073171
"Caracal aurata" 1 132 41 NA NA 0.0731707317073171
"Caracal aurata" 1 133 41 NA NA 0.0731707317073171
"Caracal aurata" 1 134 41 NA NA 0.0731707317073171
"Caracal aurata" 1 135 41 NA NA 0.0731707317073171
"Caracal aurata" 1 136 41 NA NA 0.0731707317073171
"Caracal aurata" 1 137 41 NA NA 0.0731707317073171
"Caracal aurata" 1 138 41 NA NA 0.0731707317073171
"Caracal aurata" 1 139 40 NA NA 0.075
"Caracal aurata" 1 140 40 NA NA 0.075
"Caracal aurata" 1 141 40 NA NA 0.075
"Caracal aurata" 1 142 40 NA NA 0.075
"Caracal aurata" 1 143 40 NA NA 0.075
"Caracal aurata" 1 144 40 NA NA 0.075
"Caracal aurata" 1 145 40 NA NA 0.075
"Caracal aurata" 1 146 40 NA NA 0.075
"Caracal aurata" 1 147 40 NA NA 0.075
"Caracal aurata" 1 148 40 NA NA 0.075
"Caracal aurata" 1 149 40 NA NA 0.075
"Caracal aurata" 1 150 40 NA NA 0.075
"Caracal aurata" 1 151 40 NA NA 0.075
"Caracal aurata" 1 152 40 NA NA 0.075
"Caracal aurata" 1 153 40 NA NA 0.075
"Caracal aurata" 1 154 39 NA NA 0.0769230769230769
"Caracal aurata" 1 155 39 NA NA 0.0769230769230769
"Caracal aurata" 1 156 39 NA NA 0.0769230769230769
"Caracal aurata" 1 157 39 NA NA 0.0769230769230769
"Caracal aurata" 1 158 39 NA NA 0.0769230769230769
"Caracal aurata" 1 159 39 NA NA 0.0769230769230769
"Caracal aurata" 1 160 39 NA NA 0.0769230769230769
"Caracal aurata" 1 161 39 NA NA 0.0769230769230769
"Caracal aurata" 1 162 39 NA NA 0.0769230769230769
"Caracal aurata" 1 163 39 NA NA 0.0769230769230769
"Caracal aurata" 1 164 39 NA NA 0.0769230769230769
"Caracal aurata" 1 165 39 NA NA 0.0769230769230769
"Caracal aurata" 1 166 39 NA NA 0.0769230769230769
"Caracal aurata" 1 167 39 NA NA 0.0769230769230769
"Caracal aurata" 1 168 39 NA NA 0.0769230769230769
"Caracal aurata" 1 169 39 NA NA 0.0769230769230769
"Caracal aurata" 1 170 39 NA NA 0.0769230769230769
"Caracal aurata" 1 171 39 NA NA 0.0769230769230769
"Caracal aurata" 1 172 39 NA NA 0.0769230769230769
"Caracal aurata" 1 173 38 NA NA 0.0789473684210526
"Caracal aurata" 1 174 38 NA NA 0.0789473684210526
"Caracal aurata" 1 175 37 NA NA 0.0810810810810811
"Caracal aurata" 1 176 37 NA NA 0.0810810810810811
"Caracal aurata" 1 177 37 NA NA 0.0810810810810811
"Caracal aurata" 1 178 37 NA NA 0.0810810810810811
"Caracal aurata" 1 179 37 NA NA 0.0810810810810811
"Caracal aurata" 1 180 37 NA NA 0.0810810810810811
"Caracal aurata" 1 181 37 NA NA 0.0810810810810811
"Caracal aurata" 1 182 37 NA NA 0.0810810810810811
"Caracal aurata" 1 183 37 NA NA 0.0810810810810811
"Caracal aurata" 1 184 36 NA NA 0.0833333333333333
"Caracal aurata" 1 185 35 NA NA 0.0857142857142857
"Caracal aurata" 1 186 35 NA NA 0.0857142857142857
"Caracal aurata" 1 187 34 NA NA 0.0882352941176471
"Caracal aurata" 1 188 34 NA NA 0.0882352941176471
"Caracal aurata" 1 189 34 NA NA 0.0882352941176471
"Caracal aurata" 1 190 34 NA NA 0.0882352941176471
"Caracal aurata" 1 191 33 NA NA 0.0909090909090909
"Caracal aurata" 1 192 33 NA NA 0.0909090909090909
"Caracal aurata" 1 193 33 NA NA 0.0909090909090909
"Caracal aurata" 1 194 33 NA NA 0.0909090909090909
"Caracal aurata" 1 195 33 NA NA 0.0909090909090909
"Caracal aurata" 1 196 33 NA NA 0.0909090909090909
"Caracal aurata" 1 197 33 NA NA 0.0909090909090909
"Caracal aurata" 1 198 33 NA NA 0.0909090909090909
"Caracal aurata" 1 199 33 NA NA 0.0909090909090909
"Caracal aurata" 1 200 33 NA NA 0.0909090909090909
"Caracal aurata" 2 4 452 -1.22515357292959 0.220517363320669 0.0110619469026549
"Caracal aurata" 2 6 449 NA NA 0.0178173719376392
"Caracal aurata" 2 8 447 NA NA 0.0268456375838926
"Caracal aurata" 2 10 445 -1.58868181809056 0.112132245840875 0.0269662921348315
"Caracal aurata" 2 12 439 -1.74194819456551 0.0815175096779599 0.0296127562642369
"Caracal aurata" 2 14 436 -1.86676070311956 0.0619350124626896 0.0321100917431193
"Caracal aurata" 2 16 435 -2.1695510435759 0.0300408735353178 0.0367816091954023
"Caracal aurata" 2 18 434 -2.14706914008919 0.0317877776729023 0.0368663594470046
"Caracal aurata" 2 20 430 -1.95798869297896 0.0502313394825406 0.0418604651162791
"Caracal aurata" 2 22 427 -1.95927460077108 0.050080636623134 0.0468384074941452
"Caracal aurata" 2 24 425 -1.86991811012409 0.0614951905001989 0.0517647058823529
"Caracal aurata" 2 26 422 -1.67154975664336 0.0946131393570486 0.0592417061611374
"Caracal aurata" 2 28 422 -1.95049506761852 0.0511171407001584 0.0639810426540284
"Caracal aurata" 2 30 420 -1.95528122913806 0.0505498855009735 0.0642857142857143
"Caracal aurata" 2 32 419 -2.05886158995848 0.0395074995382407 0.0668257756563246
"Caracal aurata" 2 34 415 -2.20250408167302 0.0276297211285918 0.0698795180722892
"Caracal aurata" 2 36 412 -2.15906830879309 0.0308448678559148 0.0703883495145631
"Caracal aurata" 2 38 410 -2.40460928434599 0.0161897647386339 0.075609756097561
"Caracal aurata" 2 40 408 -2.46710415452367 0.0136210731149351 0.0759803921568627
"Caracal aurata" 2 42 407 -2.40774172932645 0.0160515319078249 0.0810810810810811
"Caracal aurata" 2 44 403 -2.6525755687145 0.00798802447786082 0.086848635235732
"Caracal aurata" 2 46 401 -2.58083292712823 0.0098562268782605 0.0922693266832918
"Caracal aurata" 2 48 397 -2.41556436996268 0.0157108452493039 0.0957178841309824
"Caracal aurata" 2 50 391 -2.82202197278158 0.00477219074766258 0.107416879795396
"Caracal aurata" 2 52 386 -3.02779119979029 0.00246348237394941 0.106217616580311
"Caracal aurata" 2 54 381 -3.02776231609043 0.00246371783024052 0.10761154855643
"Caracal aurata" 2 56 373 -3.04284581085408 0.00234352378428286 0.109919571045576
"Caracal aurata" 2 58 366 -3.17618578155304 0.0014922535174946 0.114754098360656
"Caracal aurata" 2 60 361 -3.06876985363463 0.00214942107146174 0.119113573407202
"Caracal aurata" 2 62 351 -3.04038481212802 0.00236276051309898 0.125356125356125
"Caracal aurata" 2 64 341 -2.80226072069365 0.00507458447547954 0.129032258064516
"Caracal aurata" 2 66 320 -2.28826967169858 0.0221218215472684 0.140625
"Caracal aurata" 2 68 296 -1.63869386912201 0.101277031534834 0.141891891891892
"Caracal aurata" 2 70 272 -3.01045721577041 0.00260854695027678 0.132352941176471
"Caracal aurata" 2 72 249 -2.92901723136802 0.00340035571358834 0.1285140562249
"Caracal aurata" 2 74 225 NA NA 0.111111111111111
"Caracal aurata" 2 76 216 NA NA 0.115740740740741
"Caracal aurata" 2 78 209 NA NA 0.114832535885167
"Caracal aurata" 2 80 180 NA NA 0.127777777777778
"Caracal aurata" 2 82 170 NA NA 0.123529411764706
"Caracal aurata" 2 84 166 NA NA 0.132530120481928
"Caracal aurata" 2 86 165 NA NA 0.133333333333333
"Caracal aurata" 2 88 158 NA NA 0.132911392405063
"Caracal aurata" 2 90 151 NA NA 0.125827814569536
"Caracal aurata" 2 92 146 NA NA 0.116438356164384
"Caracal aurata" 2 94 142 NA NA 0.105633802816901
"Caracal aurata" 2 96 105 NA NA 0.104761904761905
"Caracal aurata" 2 98 75 NA NA 0.0666666666666667
"Caracal aurata" 2 100 75 NA NA 0.0666666666666667
"Caracal aurata" 2 102 75 NA NA 0.0666666666666667
"Caracal aurata" 2 104 75 NA NA 0.0666666666666667
"Caracal aurata" 2 106 61 NA NA 0.0655737704918033
"Caracal aurata" 2 108 49 NA NA 0.0612244897959184
"Caracal aurata" 2 110 47 NA NA 0.0638297872340425
"Caracal aurata" 2 112 45 NA NA 0.0444444444444444
"Caracal aurata" 2 114 45 NA NA 0.0444444444444444
"Caracal aurata" 2 116 44 NA NA 0.0454545454545455
"Caracal aurata" 2 118 43 NA NA 0.0465116279069767
"Caracal aurata" 2 120 43 NA NA 0.0465116279069767
"Caracal aurata" 2 122 43 NA NA 0.0697674418604651
"Caracal aurata" 2 124 43 NA NA 0.0697674418604651
"Caracal aurata" 2 126 43 NA NA 0.0697674418604651
"Caracal aurata" 2 128 42 NA NA 0.0714285714285714
"Caracal aurata" 2 130 41 NA NA 0.0731707317073171
"Caracal aurata" 2 132 41 NA NA 0.0731707317073171
"Caracal aurata" 2 134 41 NA NA 0.0731707317073171
"Caracal aurata" 2 136 41 NA NA 0.0731707317073171
"Caracal aurata" 2 138 41 NA NA 0.0731707317073171
"Caracal aurata" 2 140 40 NA NA 0.075
"Caracal aurata" 2 142 40 NA NA 0.075
"Caracal aurata" 2 144 40 NA NA 0.075
"Caracal aurata" 2 146 40 NA NA 0.075
"Caracal aurata" 2 148 40 NA NA 0.075
"Caracal aurata" 2 150 40 NA NA 0.075
"Caracal aurata" 2 152 40 NA NA 0.075
"Caracal aurata" 2 154 39 NA NA 0.0769230769230769
"Caracal aurata" 2 156 39 NA NA 0.0769230769230769
"Caracal aurata" 2 158 39 NA NA 0.0769230769230769
"Caracal aurata" 2 160 39 NA NA 0.0769230769230769
"Caracal aurata" 2 162 39 NA NA 0.0769230769230769
"Caracal aurata" 2 164 39 NA NA 0.0769230769230769
"Caracal aurata" 2 166 39 NA NA 0.0769230769230769
"Caracal aurata" 2 168 39 NA NA 0.0769230769230769
"Caracal aurata" 2 170 39 NA NA 0.0769230769230769
"Caracal aurata" 2 172 39 NA NA 0.0769230769230769
"Caracal aurata" 2 174 38 NA NA 0.0789473684210526
"Caracal aurata" 2 176 37 NA NA 0.0810810810810811
"Caracal aurata" 2 178 37 NA NA 0.0810810810810811
"Caracal aurata" 2 180 37 NA NA 0.0810810810810811
"Caracal aurata" 2 182 37 NA NA 0.0810810810810811
"Caracal aurata" 2 184 36 NA NA 0.0833333333333333
"Caracal aurata" 2 186 35 NA NA 0.0857142857142857
"Caracal aurata" 2 188 34 NA NA 0.0882352941176471
"Caracal aurata" 2 190 34 NA NA 0.0882352941176471
"Caracal aurata" 2 192 33 NA NA 0.0909090909090909
"Caracal aurata" 2 194 33 NA NA 0.0909090909090909
"Caracal aurata" 2 196 33 NA NA 0.0909090909090909
"Caracal aurata" 2 198 33 NA NA 0.0909090909090909
"Caracal aurata" 2 200 33 NA NA 0.0909090909090909
"Caracal aurata" 3 6 449 NA NA 0.0178173719376392
"Caracal aurata" 3 9 447 -1.83314653385052 0.0667807824977204 0.029082774049217
"Caracal aurata" 3 12 439 -1.77498366729393 0.0759005840261112 0.0296127562642369
"Caracal aurata" 3 15 436 -2.09362070556295 0.0362937815937486 0.0344036697247706
"Caracal aurata" 3 18 434 -2.2043930929696 0.0274967110067045 0.0368663594470046
"Caracal aurata" 3 21 429 -2.00649731410501 0.044803215034095 0.0466200466200466
"Caracal aurata" 3 24 425 -1.94716197572093 0.0515153187589084 0.0517647058823529
"Caracal aurata" 3 27 422 -2.00833329209224 0.0446078863781584 0.0639810426540284
"Caracal aurata" 3 30 420 -2.00021955542903 0.0454765610813783 0.0642857142857143
"Caracal aurata" 3 33 415 -2.20629968938285 0.0273630231267649 0.0698795180722892
"Caracal aurata" 3 36 412 -2.16314386330202 0.0305301163295905 0.0703883495145631
"Caracal aurata" 3 39 409 -2.44957212551965 0.0143026061663377 0.0757946210268949
"Caracal aurata" 3 42 407 -2.40917569391625 0.0159885989056221 0.0810810810810811
"Caracal aurata" 3 45 402 -2.44934292978925 0.0143117115324716 0.0895522388059701
"Caracal aurata" 3 48 397 -2.40696502106869 0.0160857104641226 0.0957178841309824
"Caracal aurata" 3 51 388 -2.8482636795749 0.00439584869789817 0.108247422680412
"Caracal aurata" 3 54 381 -3.02724230208527 0.00246796044330335 0.10761154855643
"Caracal aurata" 3 57 370 -3.07432964697182 0.00210976171909645 0.110810810810811
"Caracal aurata" 3 60 361 -3.07846925571675 0.0020806699741501 0.119113573407202
"Caracal aurata" 3 63 349 -2.98045210601943 0.00287823242014403 0.126074498567335
"Caracal aurata" 3 66 320 -2.31298701383689 0.0207233531386016 0.140625
"Caracal aurata" 3 69 283 -3.0557296273036 0.00224513611280492 0.134275618374558
"Caracal aurata" 3 72 249 -2.84999400735508 0.00437200528263067 0.1285140562249
"Caracal aurata" 3 75 218 NA NA 0.114678899082569
"Caracal aurata" 3 78 209 NA NA 0.114832535885167
"Caracal aurata" 3 81 176 NA NA 0.125
"Caracal aurata" 3 84 166 NA NA 0.132530120481928
"Caracal aurata" 3 87 163 NA NA 0.134969325153374
"Caracal aurata" 3 90 151 NA NA 0.125827814569536
"Caracal aurata" 3 93 142 NA NA 0.105633802816901
"Caracal aurata" 3 96 105 NA NA 0.104761904761905
"Caracal aurata" 3 99 75 NA NA 0.0666666666666667
"Caracal aurata" 3 102 75 NA NA 0.0666666666666667
"Caracal aurata" 3 105 73 NA NA 0.0684931506849315
"Caracal aurata" 3 108 49 NA NA 0.0612244897959184
"Caracal aurata" 3 111 45 NA NA 0.0444444444444444
"Caracal aurata" 3 114 45 NA NA 0.0444444444444444
"Caracal aurata" 3 117 43 NA NA 0.0465116279069767
"Caracal aurata" 3 120 43 NA NA 0.0465116279069767
"Caracal aurata" 3 123 43 NA NA 0.0697674418604651
"Caracal aurata" 3 126 43 NA NA 0.0697674418604651
"Caracal aurata" 3 129 42 NA NA 0.0714285714285714
"Caracal aurata" 3 132 41 NA NA 0.0731707317073171
"Caracal aurata" 3 135 41 NA NA 0.0731707317073171
"Caracal aurata" 3 138 41 NA NA 0.0731707317073171
"Caracal aurata" 3 141 40 NA NA 0.075
"Caracal aurata" 3 144 40 NA NA 0.075
"Caracal aurata" 3 147 40 NA NA 0.075
"Caracal aurata" 3 150 40 NA NA 0.075
"Caracal aurata" 3 153 40 NA NA 0.075
"Caracal aurata" 3 156 39 NA NA 0.0769230769230769
"Caracal aurata" 3 159 39 NA NA 0.0769230769230769
"Caracal aurata" 3 162 39 NA NA 0.0769230769230769
"Caracal aurata" 3 165 39 NA NA 0.0769230769230769
"Caracal aurata" 3 168 39 NA NA 0.0769230769230769
"Caracal aurata" 3 171 39 NA NA 0.0769230769230769
"Caracal aurata" 3 174 38 NA NA 0.0789473684210526
"Caracal aurata" 3 177 37 NA NA 0.0810810810810811
"Caracal aurata" 3 180 37 NA NA 0.0810810810810811
"Caracal aurata" 3 183 37 NA NA 0.0810810810810811
"Caracal aurata" 3 186 35 NA NA 0.0857142857142857
"Caracal aurata" 3 189 34 NA NA 0.0882352941176471
"Caracal aurata" 3 192 33 NA NA 0.0909090909090909
"Caracal aurata" 3 195 33 NA NA 0.0909090909090909
"Caracal aurata" 3 198 33 NA NA 0.0909090909090909
"Caracal aurata" 4 8 447 -1.63859868592707 0.101296866201313 0.0268456375838926
"Caracal aurata" 4 12 439 -1.77565441700173 0.0757898948685407 0.0296127562642369
"Caracal aurata" 4 16 435 -2.22275261862719 0.0262324856430558 0.0367816091954023
"Caracal aurata" 4 20 430 -2.11444349476359 0.0344774060803231 0.0418604651162791
"Caracal aurata" 4 24 425 -1.9819968042987 0.0474795983187988 0.0517647058823529
"Caracal aurata" 4 28 422 -2.06407437645973 0.03901066500845 0.0639810426540284
"Caracal aurata" 4 32 419 -2.16003614507339 0.0307698715527656 0.0668257756563246
"Caracal aurata" 4 36 412 -2.28379512898603 0.0223835740845937 0.0703883495145631
"Caracal aurata" 4 40 408 -2.56424733822677 0.0103399831112041 0.0759803921568627
"Caracal aurata" 4 44 403 -2.78765628185744 0.00530908397701544 0.086848635235732
"Caracal aurata" 4 48 397 -2.55247520083708 0.010696052368211 0.0957178841309824
"Caracal aurata" 4 52 386 -3.18281562253693 0.00145850457539071 0.106217616580311
"Caracal aurata" 4 56 373 -3.19539881131486 0.00139637738732612 0.109919571045576
"Caracal aurata" 4 60 361 -3.24920096742331 0.00115729684929632 0.119113573407202
"Caracal aurata" 4 64 341 -2.98738107820383 0.00281378742244225 0.129032258064516
"Caracal aurata" 4 68 296 -1.94301936436194 0.0520138186701151 0.141891891891892
"Caracal aurata" 4 72 249 -2.84486143316296 0.00444307467394947 0.1285140562249
"Caracal aurata" 4 76 216 NA NA 0.115740740740741
"Caracal aurata" 4 80 180 NA NA 0.127777777777778
"Caracal aurata" 4 84 166 NA NA 0.132530120481928
"Caracal aurata" 4 88 158 NA NA 0.132911392405063
"Caracal aurata" 4 92 146 NA NA 0.116438356164384
"Caracal aurata" 4 96 105 NA NA 0.104761904761905
"Caracal aurata" 4 100 75 NA NA 0.0666666666666667
"Caracal aurata" 4 104 75 NA NA 0.0666666666666667
"Caracal aurata" 4 108 49 NA NA 0.0612244897959184
"Caracal aurata" 4 112 45 NA NA 0.0444444444444444
"Caracal aurata" 4 116 44 NA NA 0.0454545454545455
"Caracal aurata" 4 120 43 NA NA 0.0465116279069767
"Caracal aurata" 4 124 43 NA NA 0.0697674418604651
"Caracal aurata" 4 128 42 NA NA 0.0714285714285714
"Caracal aurata" 4 132 41 NA NA 0.0731707317073171
"Caracal aurata" 4 136 41 NA NA 0.0731707317073171
"Caracal aurata" 4 140 40 NA NA 0.075
"Caracal aurata" 4 144 40 NA NA 0.075
"Caracal aurata" 4 148 40 NA NA 0.075
"Caracal aurata" 4 152 40 NA NA 0.075
"Caracal aurata" 4 156 39 NA NA 0.0769230769230769
"Caracal aurata" 4 160 39 NA NA 0.0769230769230769
"Caracal aurata" 4 164 39 NA NA 0.0769230769230769
"Caracal aurata" 4 168 39 NA NA 0.0769230769230769
"Caracal aurata" 4 172 39 NA NA 0.0769230769230769
"Caracal aurata" 4 176 37 NA NA 0.0810810810810811
"Caracal aurata" 4 180 37 NA NA 0.0810810810810811
"Caracal aurata" 4 184 36 NA NA 0.0833333333333333
"Caracal aurata" 4 188 34 NA NA 0.0882352941176471
"Caracal aurata" 4 192 33 NA NA 0.0909090909090909
"Caracal aurata" 4 196 33 NA NA 0.0909090909090909
"Caracal aurata" 4 200 33 NA NA 0.0909090909090909
"Caracal aurata" 5 10 445 -1.6108741322162 0.107207159146254 0.0269662921348315
"Caracal aurata" 5 15 436 -2.0893812814234 0.0366734148586161 0.0344036697247706
"Caracal aurata" 5 20 430 -2.08908750130698 0.0366998472465153 0.0418604651162791
"Caracal aurata" 5 25 423 -2.10442932042976 0.0353410140134844 0.0543735224586288
"Caracal aurata" 5 30 420 -2.02151522065187 0.0432264583531218 0.0642857142857143
"Caracal aurata" 5 35 413 -2.17388234366567 0.0297139723690906 0.0702179176755448
"Caracal aurata" 5 40 408 -2.46663841315761 0.0136388005279498 0.0759803921568627
"Caracal aurata" 5 45 402 -2.48721760678108 0.0128746621456023 0.0895522388059701
"Caracal aurata" 5 50 391 -2.89026345313155 0.00384919093991566 0.107416879795396
"Caracal aurata" 5 55 376 -3.10354629951227 0.00191216313284929 0.109042553191489
"Caracal aurata" 5 60 361 -3.15240379470499 0.00161932172270559 0.119113573407202
"Caracal aurata" 5 65 327 -2.65387418267909 0.00795734908662261 0.137614678899083
"Caracal aurata" 5 70 272 -2.89895335082255 0.00374410595441477 0.132352941176471
"Caracal aurata" 5 75 218 NA NA 0.114678899082569
"Caracal aurata" 5 80 180 NA NA 0.127777777777778
"Caracal aurata" 5 85 166 NA NA 0.132530120481928
"Caracal aurata" 5 90 151 NA NA 0.125827814569536
"Caracal aurata" 5 95 127 NA NA 0.118110236220472
"Caracal aurata" 5 100 75 NA NA 0.0666666666666667
"Caracal aurata" 5 105 73 NA NA 0.0684931506849315
"Caracal aurata" 5 110 47 NA NA 0.0638297872340425
"Caracal aurata" 5 115 44 NA NA 0.0454545454545455
"Caracal aurata" 5 120 43 NA NA 0.0465116279069767
"Caracal aurata" 5 125 43 NA NA 0.0697674418604651
"Caracal aurata" 5 130 41 NA NA 0.0731707317073171
"Caracal aurata" 5 135 41 NA NA 0.0731707317073171
"Caracal aurata" 5 140 40 NA NA 0.075
"Caracal aurata" 5 145 40 NA NA 0.075
"Caracal aurata" 5 150 40 NA NA 0.075
"Caracal aurata" 5 155 39 NA NA 0.0769230769230769
"Caracal aurata" 5 160 39 NA NA 0.0769230769230769
"Caracal aurata" 5 165 39 NA NA 0.0769230769230769
"Caracal aurata" 5 170 39 NA NA 0.0769230769230769
"Caracal aurata" 5 175 37 NA NA 0.0810810810810811
"Caracal aurata" 5 180 37 NA NA 0.0810810810810811
"Caracal aurata" 5 185 35 NA NA 0.0857142857142857
"Caracal aurata" 5 190 34 NA NA 0.0882352941176471
"Caracal aurata" 5 195 33 NA NA 0.0909090909090909
"Caracal aurata" 5 200 33 NA NA 0.0909090909090909
"Caracal aurata" 6 12 439 -1.79996128601464 0.071866751389391 0.0296127562642369
"Caracal aurata" 6 18 434 -2.2298434550636 0.0257578373717799 0.0368663594470046
"Caracal aurata" 6 24 425 -2.02029216669267 0.0433530908574621 0.0517647058823529
"Caracal aurata" 6 30 420 -2.06922437686902 0.0385250362248512 0.0642857142857143
"Caracal aurata" 6 36 412 -2.24728220624914 0.0246219973225879 0.0703883495145631
"Caracal aurata" 6 42 407 -2.47069956930088 0.0134849053311483 0.0810810810810811
"Caracal aurata" 6 48 397 -2.45552088431939 0.0140680578200521 0.0957178841309824
"Caracal aurata" 6 54 381 -3.09130422424849 0.00199279345425943 0.10761154855643
"Caracal aurata" 6 60 361 -3.16054050521192 0.00157476707744575 0.119113573407202
"Caracal aurata" 6 66 320 -2.43363835458973 0.0149479215410665 0.140625
"Caracal aurata" 6 72 249 -2.80081014910135 0.0050974498059616 0.1285140562249
"Caracal aurata" 6 78 209 NA NA 0.114832535885167
"Caracal aurata" 6 84 166 NA NA 0.132530120481928
"Caracal aurata" 6 90 151 NA NA 0.125827814569536
"Caracal aurata" 6 96 105 NA NA 0.104761904761905
"Caracal aurata" 6 102 75 NA NA 0.0666666666666667
"Caracal aurata" 6 108 49 NA NA 0.0612244897959184
"Caracal aurata" 6 114 45 NA NA 0.0444444444444444
"Caracal aurata" 6 120 43 NA NA 0.0465116279069767
"Caracal aurata" 6 126 43 NA NA 0.0697674418604651
"Caracal aurata" 6 132 41 NA NA 0.0731707317073171
"Caracal aurata" 6 138 41 NA NA 0.0731707317073171
"Caracal aurata" 6 144 40 NA NA 0.075
"Caracal aurata" 6 150 40 NA NA 0.075
"Caracal aurata" 6 156 39 NA NA 0.0769230769230769
"Caracal aurata" 6 162 39 NA NA 0.0769230769230769
"Caracal aurata" 6 168 39 NA NA 0.0769230769230769
"Caracal aurata" 6 174 38 NA NA 0.0789473684210526
"Caracal aurata" 6 180 37 NA NA 0.0810810810810811
"Caracal aurata" 6 186 35 NA NA 0.0857142857142857
"Caracal aurata" 6 192 33 NA NA 0.0909090909090909
"Caracal aurata" 6 198 33 NA NA 0.0909090909090909
"Caracal aurata" 7 14 436 -1.95643844629399 0.0504135268776961 0.0321100917431193
"Caracal aurata" 7 21 429 -2.070671721787 0.0383894846035933 0.0466200466200466
"Caracal aurata" 7 28 422 -2.07260883628982 0.0382086980245415 0.0639810426540284
"Caracal aurata" 7 35 413 -2.25801798374251 0.0239445382628051 0.0702179176755448
"Caracal aurata" 7 42 407 -2.46681618527241 0.0136320316228485 0.0810810810810811
"Caracal aurata" 7 49 395 -2.60137990382115 0.00928495684254016 0.0987341772151899
"Caracal aurata" 7 56 373 -3.12012459648486 0.00180774557242319 0.109919571045576
"Caracal aurata" 7 63 349 -3.07930336378339 0.00207485287674747 0.126074498567335
"Caracal aurata" 7 70 272 -2.9166566042802 0.00353805060509373 0.132352941176471
"Caracal aurata" 7 77 211 NA NA 0.109004739336493
"Caracal aurata" 7 84 166 NA NA 0.132530120481928
"Caracal aurata" 7 91 150 NA NA 0.12
"Caracal aurata" 7 98 75 NA NA 0.0666666666666667
"Caracal aurata" 7 105 73 NA NA 0.0684931506849315
"Caracal aurata" 7 112 45 NA NA 0.0444444444444444
"Caracal aurata" 7 119 43 NA NA 0.0465116279069767
"Caracal aurata" 7 126 43 NA NA 0.0697674418604651
"Caracal aurata" 7 133 41 NA NA 0.0731707317073171
"Caracal aurata" 7 140 40 NA NA 0.075
"Caracal aurata" 7 147 40 NA NA 0.075
"Caracal aurata" 7 154 39 NA NA 0.0769230769230769
"Caracal aurata" 7 161 39 NA NA 0.0769230769230769
"Caracal aurata" 7 168 39 NA NA 0.0769230769230769
"Caracal aurata" 7 175 37 NA NA 0.0810810810810811
"Caracal aurata" 7 182 37 NA NA 0.0810810810810811
"Caracal aurata" 7 189 34 NA NA 0.0882352941176471
"Caracal aurata" 7 196 33 NA NA 0.0909090909090909
"Caracal aurata" 8 16 435 -2.25296918479405 0.0242610919946594 0.0367816091954023
"Caracal aurata" 8 24 425 -2.0611839153337 0.0392854974507062 0.0517647058823529
"Caracal aurata" 8 32 419 -2.15268514604363 0.0313434316685731 0.0668257756563246
"Caracal aurata" 8 40 408 -2.57196135994839 0.0101124177496258 0.0759803921568627
"Caracal aurata" 8 48 397 -2.52955058195045 0.0114208710614395 0.0957178841309824
"Caracal aurata" 8 56 373 -3.19080952088908 0.00141874782430228 0.109919571045576
"Caracal aurata" 8 64 341 -2.99499357373068 0.00274450623863942 0.129032258064516
"Caracal aurata" 8 72 249 -2.79240185499324 0.00523183363036878 0.1285140562249
"Caracal aurata" 8 80 180 NA NA 0.127777777777778
"Caracal aurata" 8 88 158 NA NA 0.132911392405063
"Caracal aurata" 8 96 105 NA NA 0.104761904761905
"Caracal aurata" 8 104 75 NA NA 0.0666666666666667
"Caracal aurata" 8 112 45 NA NA 0.0444444444444444
"Caracal aurata" 8 120 43 NA NA 0.0465116279069767
"Caracal aurata" 8 128 42 NA NA 0.0714285714285714
"Caracal aurata" 8 136 41 NA NA 0.0731707317073171
"Caracal aurata" 8 144 40 NA NA 0.075
"Caracal aurata" 8 152 40 NA NA 0.075
"Caracal aurata" 8 160 39 NA NA 0.0769230769230769
"Caracal aurata" 8 168 39 NA NA 0.0769230769230769
"Caracal aurata" 8 176 37 NA NA 0.0810810810810811
"Caracal aurata" 8 184 36 NA NA 0.0833333333333333
"Caracal aurata" 8 192 33 NA NA 0.0909090909090909
"Caracal aurata" 8 200 33 NA NA 0.0909090909090909
"Caracal aurata" 9 18 434 -2.21851785615726 0.0265195434674477 0.0368663594470046
"Caracal aurata" 9 27 422 -2.02775260656738 0.0425855035920364 0.0639810426540284
"Caracal aurata" 9 36 412 -2.17266289124173 0.0298056986694898 0.0703883495145631
"Caracal aurata" 9 45 402 -2.53594502727027 0.0112144336807106 0.0895522388059701
"Caracal aurata" 9 54 381 -3.146125585741 0.00165448946571865 0.10761154855643
"Caracal aurata" 9 63 349 -3.12010755384305 0.00180785016999215 0.126074498567335
"Caracal aurata" 9 72 249 -2.80222533344312 0.00507514117884259 0.1285140562249
"Caracal aurata" 9 81 176 NA NA 0.125
"Caracal aurata" 9 90 151 NA NA 0.125827814569536
"Caracal aurata" 9 99 75 NA NA 0.0666666666666667
"Caracal aurata" 9 108 49 NA NA 0.0612244897959184
"Caracal aurata" 9 117 43 NA NA 0.0465116279069767
"Caracal aurata" 9 126 43 NA NA 0.0697674418604651
"Caracal aurata" 9 135 41 NA NA 0.0731707317073171
"Caracal aurata" 9 144 40 NA NA 0.075
"Caracal aurata" 9 153 40 NA NA 0.075
"Caracal aurata" 9 162 39 NA NA 0.0769230769230769
"Caracal aurata" 9 171 39 NA NA 0.0769230769230769
"Caracal aurata" 9 180 37 NA NA 0.0810810810810811
"Caracal aurata" 9 189 34 NA NA 0.0882352941176471
"Caracal aurata" 9 198 33 NA NA 0.0909090909090909
"Caracal aurata" 10 20 430 -2.13336512122448 0.0328947859369772 0.0418604651162791
"Caracal aurata" 10 30 420 -1.98682187376658 0.0469421397391085 0.0642857142857143
"Caracal aurata" 10 40 408 -2.51279232227124 0.0119779823993967 0.0759803921568627
"Caracal aurata" 10 50 391 -2.92279961290836 0.0034689969183611 0.107416879795396
"Caracal aurata" 10 60 361 -3.18400842184018 0.00145250786340488 0.119113573407202
"Caracal aurata" 10 70 272 -2.83515331575928 0.00458036984075914 0.132352941176471
"Caracal aurata" 10 80 180 NA NA 0.127777777777778
"Caracal aurata" 10 90 151 NA NA 0.125827814569536
"Caracal aurata" 10 100 75 NA NA 0.0666666666666667
"Caracal aurata" 10 110 47 NA NA 0.0638297872340425
"Caracal aurata" 10 120 43 NA NA 0.0465116279069767
"Caracal aurata" 10 130 41 NA NA 0.0731707317073171
"Caracal aurata" 10 140 40 NA NA 0.075
"Caracal aurata" 10 150 40 NA NA 0.075
"Caracal aurata" 10 160 39 NA NA 0.0769230769230769
"Caracal aurata" 10 170 39 NA NA 0.0769230769230769
"Caracal aurata" 10 180 37 NA NA 0.0810810810810811
"Caracal aurata" 10 190 34 NA NA 0.0882352941176471
"Caracal aurata" 10 200 33 NA NA 0.0909090909090909
"Caracal aurata" 11 22 427 -2.09251089829389 0.0363928378806389 0.0468384074941452
"Caracal aurata" 11 33 415 -2.23612875279285 0.0253433385094229 0.0698795180722892
"Caracal aurata" 11 44 403 -2.77020820575144 0.00560204699412667 0.086848635235732
"Caracal aurata" 11 55 376 -3.2051237107446 0.00135004441643423 0.109042553191489
"Caracal aurata" 11 66 320 -2.58531337511413 0.00972905262015209 0.140625
"Caracal aurata" 11 77 211 NA NA 0.109004739336493
"Caracal aurata" 11 88 158 NA NA 0.132911392405063
"Caracal aurata" 11 99 75 NA NA 0.0666666666666667
"Caracal aurata" 11 110 47 NA NA 0.0638297872340425
"Caracal aurata" 11 121 43 NA NA 0.0465116279069767
"Caracal aurata" 11 132 41 NA NA 0.0731707317073171
"Caracal aurata" 11 143 40 NA NA 0.075
"Caracal aurata" 11 154 39 NA NA 0.0769230769230769
"Caracal aurata" 11 165 39 NA NA 0.0769230769230769
"Caracal aurata" 11 176 37 NA NA 0.0810810810810811
"Caracal aurata" 11 187 34 NA NA 0.0882352941176471
"Caracal aurata" 11 198 33 NA NA 0.0909090909090909
"Caracal aurata" 12 24 425 -2.05537452369541 0.0398428442470272 0.0517647058823529
"Caracal aurata" 12 36 412 -2.25895711078228 0.023886052897328 0.0703883495145631
"Caracal aurata" 12 48 397 -2.57044148520618 0.0101568983885305 0.0957178841309824
"Caracal aurata" 12 60 361 -3.29612720816655 0.000980276176035037 0.119113573407202
"Caracal aurata" 12 72 249 -2.79175976836301 0.00524222602618572 0.1285140562249
"Caracal aurata" 12 84 166 NA NA 0.132530120481928
"Caracal aurata" 12 96 105 NA NA 0.104761904761905
"Caracal aurata" 12 108 49 NA NA 0.0612244897959184
"Caracal aurata" 12 120 43 NA NA 0.0465116279069767
"Caracal aurata" 12 132 41 NA NA 0.0731707317073171
"Caracal aurata" 12 144 40 NA NA 0.075
"Caracal aurata" 12 156 39 NA NA 0.0769230769230769
"Caracal aurata" 12 168 39 NA NA 0.0769230769230769
"Caracal aurata" 12 180 37 NA NA 0.0810810810810811
"Caracal aurata" 12 192 33 NA NA 0.0909090909090909
"Caracal aurata" 13 26 422 -1.81084364914784 0.0701650574684375 0.0592417061611374
"Caracal aurata" 13 39 409 -2.59688376306884 0.00940737528698069 0.0757946210268949
"Caracal aurata" 13 52 386 -3.18394796709714 0.00145281124772728 0.106217616580311
"Caracal aurata" 13 65 327 -2.78051242388619 0.00542731829519281 0.137614678899083
"Caracal aurata" 13 78 209 NA NA 0.114832535885167
"Caracal aurata" 13 91 150 NA NA 0.12
"Caracal aurata" 13 104 75 NA NA 0.0666666666666667
"Caracal aurata" 13 117 43 NA NA 0.0465116279069767
"Caracal aurata" 13 130 41 NA NA 0.0731707317073171
"Caracal aurata" 13 143 40 NA NA 0.075
"Caracal aurata" 13 156 39 NA NA 0.0769230769230769
"Caracal aurata" 13 169 39 NA NA 0.0769230769230769
"Caracal aurata" 13 182 37 NA NA 0.0810810810810811
"Caracal aurata" 13 195 33 NA NA 0.0909090909090909
"Caracal aurata" 14 28 422 -2.09487588599038 0.0361820269803837 0.0639810426540284
"Caracal aurata" 14 42 407 -2.58725972907327 0.00967426393937967 0.0810810810810811
"Caracal aurata" 14 56 373 -3.19868495558494 0.00138055944958425 0.109919571045576
"Caracal aurata" 14 70 272 -2.80757736606387 0.00499156882667845 0.132352941176471
"Caracal aurata" 14 84 166 NA NA 0.132530120481928
"Caracal aurata" 14 98 75 NA NA 0.0666666666666667
"Caracal aurata" 14 112 45 NA NA 0.0444444444444444
"Caracal aurata" 14 126 43 NA NA 0.0697674418604651
"Caracal aurata" 14 140 40 NA NA 0.075
"Caracal aurata" 14 154 39 NA NA 0.0769230769230769
"Caracal aurata" 14 168 39 NA NA 0.0769230769230769
"Caracal aurata" 14 182 37 NA NA 0.0810810810810811
"Caracal aurata" 14 196 33 NA NA 0.0909090909090909
"Caracal aurata" 15 30 420 -2.04205346388006 0.041146228300253 0.0642857142857143
"Caracal aurata" 15 45 402 -2.68286359007309 0.00729947572279437 0.0895522388059701
"Caracal aurata" 15 60 361 -3.37717867157968 0.000732334629903693 0.119113573407202
"Caracal aurata" 15 75 218 NA NA 0.114678899082569
"Caracal aurata" 15 90 151 NA NA 0.125827814569536
"Caracal aurata" 15 105 73 NA NA 0.0684931506849315
"Caracal aurata" 15 120 43 NA NA 0.0465116279069767
"Caracal aurata" 15 135 41 NA NA 0.0731707317073171
"Caracal aurata" 15 150 40 NA NA 0.075
"Caracal aurata" 15 165 39 NA NA 0.0769230769230769
"Caracal aurata" 15 180 37 NA NA 0.0810810810810811
"Caracal aurata" 15 195 33 NA NA 0.0909090909090909
"Caracal aurata" 16 32 419 -2.18846026330771 0.0286360927217105 0.0668257756563246
"Caracal aurata" 16 48 397 -2.65151372949273 0.00801318550659757 0.0957178841309824
"Caracal aurata" 16 64 341 -3.13347616363127 0.0017274894881537 0.129032258064516
"Caracal aurata" 16 80 180 NA NA 0.127777777777778
"Caracal aurata" 16 96 105 NA NA 0.104761904761905
"Caracal aurata" 16 112 45 NA NA 0.0444444444444444
"Caracal aurata" 16 128 42 NA NA 0.0714285714285714
"Caracal aurata" 16 144 40 NA NA 0.075
"Caracal aurata" 16 160 39 NA NA 0.0769230769230769
"Caracal aurata" 16 176 37 NA NA 0.0810810810810811
"Caracal aurata" 16 192 33 NA NA 0.0909090909090909
"Caracal aurata" 17 34 415 -2.30356432121954 0.0212471126061656 0.0698795180722892
"Caracal aurata" 17 51 388 -3.06911015944832 0.0021469740856861 0.108247422680412
"Caracal aurata" 17 68 296 -2.21121170286796 0.0270211803551633 0.141891891891892
"Caracal aurata" 17 85 166 NA NA 0.132530120481928
"Caracal aurata" 17 102 75 NA NA 0.0666666666666667
"Caracal aurata" 17 119 43 NA NA 0.0465116279069767
"Caracal aurata" 17 136 41 NA NA 0.0731707317073171
"Caracal aurata" 17 153 40 NA NA 0.075
"Caracal aurata" 17 170 39 NA NA 0.0769230769230769
"Caracal aurata" 17 187 34 NA NA 0.0882352941176471
"Caracal aurata" 18 36 412 -2.2855030497145 0.0222833478084889 0.0703883495145631
"Caracal aurata" 18 54 381 -3.23887742953317 0.00120001131238831 0.10761154855643
"Caracal aurata" 18 72 249 -2.71850634497604 0.00655773980036699 0.1285140562249
"Caracal aurata" 18 90 151 NA NA 0.125827814569536
"Caracal aurata" 18 108 49 NA NA 0.0612244897959184
"Caracal aurata" 18 126 43 NA NA 0.0697674418604651
"Caracal aurata" 18 144 40 NA NA 0.075
"Caracal aurata" 18 162 39 NA NA 0.0769230769230769
"Caracal aurata" 18 180 37 NA NA 0.0810810810810811
"Caracal aurata" 18 198 33 NA NA 0.0909090909090909
"Caracal aurata" 19 38 410 -2.54824845965979 0.0108265332322106 0.075609756097561
"Caracal aurata" 19 57 370 -3.24158205597071 0.00118868208103847 0.110810810810811
"Caracal aurata" 19 76 216 NA NA 0.115740740740741
"Caracal aurata" 19 95 127 NA NA 0.118110236220472
"Caracal aurata" 19 114 45 NA NA 0.0444444444444444
"Caracal aurata" 19 133 41 NA NA 0.0731707317073171
"Caracal aurata" 19 152 40 NA NA 0.075
"Caracal aurata" 19 171 39 NA NA 0.0769230769230769
"Caracal aurata" 19 190 34 NA NA 0.0882352941176471
"Caracal aurata" 20 40 408 -2.62238792282437 0.00873159815355899 0.0759803921568627
"Caracal aurata" 20 60 361 -3.27219256943912 0.00106716862447668 0.119113573407202
"Caracal aurata" 20 80 180 NA NA 0.127777777777778
"Caracal aurata" 20 100 75 NA NA 0.0666666666666667
"Caracal aurata" 20 120 43 NA NA 0.0465116279069767
"Caracal aurata" 20 140 40 NA NA 0.075
"Caracal aurata" 20 160 39 NA NA 0.0769230769230769
"Caracal aurata" 20 180 37 NA NA 0.0810810810810811
"Caracal aurata" 20 200 33 NA NA 0.0909090909090909
"Caracal aurata" 21 42 407 -2.61848810757314 0.00883203700799617 0.0810810810810811
"Caracal aurata" 21 63 349 -3.26677080420514 0.00108781711038854 0.126074498567335
"Caracal aurata" 21 84 166 NA NA 0.132530120481928
"Caracal aurata" 21 105 73 NA NA 0.0684931506849315
"Caracal aurata" 21 126 43 NA NA 0.0697674418604651
"Caracal aurata" 21 147 40 NA NA 0.075
"Caracal aurata" 21 168 39 NA NA 0.0769230769230769
"Caracal aurata" 21 189 34 NA NA 0.0882352941176471
"Caracal aurata" 22 44 403 -2.91050710124862 0.0036084276674176 0.086848635235732
"Caracal aurata" 22 66 320 -2.74555693116446 0.00604082853243379 0.140625
"Caracal aurata" 22 88 158 NA NA 0.132911392405063
"Caracal aurata" 22 110 47 NA NA 0.0638297872340425
"Caracal aurata" 22 132 41 NA NA 0.0731707317073171
"Caracal aurata" 22 154 39 NA NA 0.0769230769230769
"Caracal aurata" 22 176 37 NA NA 0.0810810810810811
"Caracal aurata" 22 198 33 NA NA 0.0909090909090909
"Caracal aurata" 23 46 401 -2.81569188580712 0.00486723212097291 0.0922693266832918
"Caracal aurata" 23 69 283 -2.93154167558769 0.00337284107898375 0.134275618374558
"Caracal aurata" 23 92 146 NA NA 0.116438356164384
"Caracal aurata" 23 115 44 NA NA 0.0454545454545455
"Caracal aurata" 23 138 41 NA NA 0.0731707317073171
"Caracal aurata" 23 161 39 NA NA 0.0769230769230769
"Caracal aurata" 23 184 36 NA NA 0.0833333333333333
"Caracal aurata" 24 48 397 -2.65891272855095 0.00783932664847377 0.0957178841309824
"Caracal aurata" 24 72 249 -2.71667807076243 0.00659407124395037 0.1285140562249
"Caracal aurata" 24 96 105 NA NA 0.104761904761905
"Caracal aurata" 24 120 43 NA NA 0.0465116279069767
"Caracal aurata" 24 144 40 NA NA 0.075
"Caracal aurata" 24 168 39 NA NA 0.0769230769230769
"Caracal aurata" 24 192 33 NA NA 0.0909090909090909
"Caracal aurata" 25 50 391 -3.16304488126063 0.00156128259762548 0.107416879795396
"Caracal aurata" 25 75 218 NA NA 0.114678899082569
"Caracal aurata" 25 100 75 NA NA 0.0666666666666667
"Caracal aurata" 25 125 43 NA NA 0.0697674418604651
"Caracal aurata" 25 150 40 NA NA 0.075
"Caracal aurata" 25 175 37 NA NA 0.0810810810810811
"Caracal aurata" 25 200 33 NA NA 0.0909090909090909
"Caracal aurata" 26 52 386 -3.30090793491989 0.000963725005511732 0.106217616580311
"Caracal aurata" 26 78 209 NA NA 0.114832535885167
"Caracal aurata" 26 104 75 NA NA 0.0666666666666667
"Caracal aurata" 26 130 41 NA NA 0.0731707317073171
"Caracal aurata" 26 156 39 NA NA 0.0769230769230769
"Caracal aurata" 26 182 37 NA NA 0.0810810810810811
"Caracal aurata" 27 54 381 -3.29717318018128 0.000976632621464459 0.10761154855643
"Caracal aurata" 27 81 176 NA NA 0.125
"Caracal aurata" 27 108 49 NA NA 0.0612244897959184
"Caracal aurata" 27 135 41 NA NA 0.0731707317073171
"Caracal aurata" 27 162 39 NA NA 0.0769230769230769
"Caracal aurata" 27 189 34 NA NA 0.0882352941176471
"Caracal aurata" 28 56 373 -3.31093866161233 0.000929835880188395 0.109919571045576
"Caracal aurata" 28 84 166 NA NA 0.132530120481928
"Caracal aurata" 28 112 45 NA NA 0.0444444444444444
"Caracal aurata" 28 140 40 NA NA 0.075
"Caracal aurata" 28 168 39 NA NA 0.0769230769230769
"Caracal aurata" 28 196 33 NA NA 0.0909090909090909
"Caracal aurata" 29 58 366 -3.4849672753663 0.00049219723333712 0.114754098360656
"Caracal aurata" 29 87 163 NA NA 0.134969325153374
"Caracal aurata" 29 116 44 NA NA 0.0454545454545455
"Caracal aurata" 29 145 40 NA NA 0.075
"Caracal aurata" 29 174 38 NA NA 0.0789473684210526
"Caracal aurata" 30 60 361 -3.44419972671293 0.000572752435700135 0.119113573407202
"Caracal aurata" 30 90 151 NA NA 0.125827814569536
"Caracal aurata" 30 120 43 NA NA 0.0465116279069767
"Caracal aurata" 30 150 40 NA NA 0.075
"Caracal aurata" 30 180 37 NA NA 0.0810810810810811
"Caracal aurata" 31 62 351 -3.44681998160261 0.000567226406238146 0.125356125356125
"Caracal aurata" 31 93 142 NA NA 0.105633802816901
"Caracal aurata" 31 124 43 NA NA 0.0697674418604651
"Caracal aurata" 31 155 39 NA NA 0.0769230769230769
"Caracal aurata" 31 186 35 NA NA 0.0857142857142857
"Caracal aurata" 32 64 341 -3.24787364268482 0.00116270892532363 0.129032258064516
"Caracal aurata" 32 96 105 NA NA 0.104761904761905
"Caracal aurata" 32 128 42 NA NA 0.0714285714285714
"Caracal aurata" 32 160 39 NA NA 0.0769230769230769
"Caracal aurata" 32 192 33 NA NA 0.0909090909090909
"Caracal aurata" 33 66 320 -2.81586252743745 0.00486464777195559 0.140625
"Caracal aurata" 33 99 75 NA NA 0.0666666666666667
"Caracal aurata" 33 132 41 NA NA 0.0731707317073171
"Caracal aurata" 33 165 39 NA NA 0.0769230769230769
"Caracal aurata" 33 198 33 NA NA 0.0909090909090909
"Caracal aurata" 34 68 296 -2.3689933293806 0.017836575152897 0.141891891891892
"Caracal aurata" 34 102 75 NA NA 0.0666666666666667
"Caracal aurata" 34 136 41 NA NA 0.0731707317073171
"Caracal aurata" 34 170 39 NA NA 0.0769230769230769
"Caracal aurata" 35 70 272 -2.75830644169569 0.00581017024905011 0.132352941176471
"Caracal aurata" 35 105 73 NA NA 0.0684931506849315
"Caracal aurata" 35 140 40 NA NA 0.075
"Caracal aurata" 35 175 37 NA NA 0.0810810810810811
"Caracal aurata" 36 72 249 -2.707857338819 0.00677191250045978 0.1285140562249
"Caracal aurata" 36 108 49 NA NA 0.0612244897959184
"Caracal aurata" 36 144 40 NA NA 0.075
"Caracal aurata" 36 180 37 NA NA 0.0810810810810811
"Caracal aurata" 37 74 225 NA NA 0.111111111111111
"Caracal aurata" 37 111 45 NA NA 0.0444444444444444
"Caracal aurata" 37 148 40 NA NA 0.075
"Caracal aurata" 37 185 35 NA NA 0.0857142857142857
"Caracal aurata" 38 76 216 NA NA 0.115740740740741
"Caracal aurata" 38 114 45 NA NA 0.0444444444444444
"Caracal aurata" 38 152 40 NA NA 0.075
"Caracal aurata" 38 190 34 NA NA 0.0882352941176471
"Caracal aurata" 39 78 209 NA NA 0.114832535885167
"Caracal aurata" 39 117 43 NA NA 0.0465116279069767
"Caracal aurata" 39 156 39 NA NA 0.0769230769230769
"Caracal aurata" 39 195 33 NA NA 0.0909090909090909
"Caracal aurata" 40 80 180 NA NA 0.127777777777778
"Caracal aurata" 40 120 43 NA NA 0.0465116279069767
"Caracal aurata" 40 160 39 NA NA 0.0769230769230769
"Caracal aurata" 40 200 33 NA NA 0.0909090909090909
"Caracal aurata" 41 82 170 NA NA 0.123529411764706
"Caracal aurata" 41 123 43 NA NA 0.0697674418604651
"Caracal aurata" 41 164 39 NA NA 0.0769230769230769
"Caracal aurata" 42 84 166 NA NA 0.132530120481928
"Caracal aurata" 42 126 43 NA NA 0.0697674418604651
"Caracal aurata" 42 168 39 NA NA 0.0769230769230769
"Caracal aurata" 43 86 165 NA NA 0.133333333333333
"Caracal aurata" 43 129 42 NA NA 0.0714285714285714
"Caracal aurata" 43 172 39 NA NA 0.0769230769230769
"Caracal aurata" 44 88 158 NA NA 0.132911392405063
"Caracal aurata" 44 132 41 NA NA 0.0731707317073171
"Caracal aurata" 44 176 37 NA NA 0.0810810810810811
"Caracal aurata" 45 90 151 NA NA 0.125827814569536
"Caracal aurata" 45 135 41 NA NA 0.0731707317073171
"Caracal aurata" 45 180 37 NA NA 0.0810810810810811
"Caracal aurata" 46 92 146 NA NA 0.116438356164384
"Caracal aurata" 46 138 41 NA NA 0.0731707317073171
"Caracal aurata" 46 184 36 NA NA 0.0833333333333333
"Caracal aurata" 47 94 142 NA NA 0.105633802816901
"Caracal aurata" 47 141 40 NA NA 0.075
"Caracal aurata" 47 188 34 NA NA 0.0882352941176471
"Caracal aurata" 48 96 105 NA NA 0.104761904761905
"Caracal aurata" 48 144 40 NA NA 0.075
"Caracal aurata" 48 192 33 NA NA 0.0909090909090909
"Caracal aurata" 49 98 75 NA NA 0.0666666666666667
"Caracal aurata" 49 147 40 NA NA 0.075
"Caracal aurata" 49 196 33 NA NA 0.0909090909090909
"Caracal aurata" 50 100 75 NA NA 0.0666666666666667
"Caracal aurata" 50 150 40 NA NA 0.075
"Caracal aurata" 50 200 33 NA NA 0.0909090909090909
"Caracal aurata" 51 102 75 NA NA 0.0666666666666667
"Caracal aurata" 51 153 40 NA NA 0.075
"Caracal aurata" 52 104 75 NA NA 0.0666666666666667
"Caracal aurata" 52 156 39 NA NA 0.0769230769230769
"Caracal aurata" 53 106 61 NA NA 0.0655737704918033
"Caracal aurata" 53 159 39 NA NA 0.0769230769230769
"Caracal aurata" 54 108 49 NA NA 0.0612244897959184
"Caracal aurata" 54 162 39 NA NA 0.0769230769230769
"Caracal aurata" 55 110 47 NA NA 0.0638297872340425
"Caracal aurata" 55 165 39 NA NA 0.0769230769230769
"Caracal aurata" 56 112 45 NA NA 0.0444444444444444
"Caracal aurata" 56 168 39 NA NA 0.0769230769230769
"Caracal aurata" 57 114 45 NA NA 0.0444444444444444
"Caracal aurata" 57 171 39 NA NA 0.0769230769230769
"Caracal aurata" 58 116 44 NA NA 0.0454545454545455
"Caracal aurata" 58 174 38 NA NA 0.0789473684210526
"Caracal aurata" 59 118 43 NA NA 0.0465116279069767
"Caracal aurata" 59 177 37 NA NA 0.0810810810810811
"Caracal aurata" 60 120 43 NA NA 0.0465116279069767
"Caracal aurata" 60 180 37 NA NA 0.0810810810810811
"Caracal aurata" 61 122 43 NA NA 0.0697674418604651
"Caracal aurata" 61 183 37 NA NA 0.0810810810810811
"Caracal aurata" 62 124 43 NA NA 0.0697674418604651
"Caracal aurata" 62 186 35 NA NA 0.0857142857142857
"Caracal aurata" 63 126 43 NA NA 0.0697674418604651
"Caracal aurata" 63 189 34 NA NA 0.0882352941176471
"Caracal aurata" 64 128 42 NA NA 0.0714285714285714
"Caracal aurata" 64 192 33 NA NA 0.0909090909090909
"Caracal aurata" 65 130 41 NA NA 0.0731707317073171
"Caracal aurata" 65 195 33 NA NA 0.0909090909090909
"Caracal aurata" 66 132 41 NA NA 0.0731707317073171
"Caracal aurata" 66 198 33 NA NA 0.0909090909090909
"Caracal aurata" 67 134 41 NA NA 0.0731707317073171
"Caracal aurata" 68 136 41 NA NA 0.0731707317073171
"Caracal aurata" 69 138 41 NA NA 0.0731707317073171
"Caracal aurata" 70 140 40 NA NA 0.075
"Caracal aurata" 71 142 40 NA NA 0.075
"Caracal aurata" 72 144 40 NA NA 0.075
"Caracal aurata" 73 146 40 NA NA 0.075
"Caracal aurata" 74 148 40 NA NA 0.075
"Caracal aurata" 75 150 40 NA NA 0.075
"Caracal aurata" 76 152 40 NA NA 0.075
"Caracal aurata" 77 154 39 NA NA 0.0769230769230769
"Caracal aurata" 78 156 39 NA NA 0.0769230769230769
"Caracal aurata" 79 158 39 NA NA 0.0769230769230769
"Caracal aurata" 80 160 39 NA NA 0.0769230769230769
"Caracal aurata" 81 162 39 NA NA 0.0769230769230769
"Caracal aurata" 82 164 39 NA NA 0.0769230769230769
"Caracal aurata" 83 166 39 NA NA 0.0769230769230769
"Caracal aurata" 84 168 39 NA NA 0.0769230769230769
"Caracal aurata" 85 170 39 NA NA 0.0769230769230769
"Caracal aurata" 86 172 39 NA NA 0.0769230769230769
"Caracal aurata" 87 174 38 NA NA 0.0789473684210526
"Caracal aurata" 88 176 37 NA NA 0.0810810810810811
"Caracal aurata" 89 178 37 NA NA 0.0810810810810811
"Caracal aurata" 90 180 37 NA NA 0.0810810810810811
"Caracal aurata" 91 182 37 NA NA 0.0810810810810811
"Caracal aurata" 92 184 36 NA NA 0.0833333333333333
"Caracal aurata" 93 186 35 NA NA 0.0857142857142857
"Caracal aurata" 94 188 34 NA NA 0.0882352941176471
"Caracal aurata" 95 190 34 NA NA 0.0882352941176471
"Caracal aurata" 96 192 33 NA NA 0.0909090909090909
"Caracal aurata" 97 194 33 NA NA 0.0909090909090909
"Caracal aurata" 98 196 33 NA NA 0.0909090909090909
"Caracal aurata" 99 198 33 NA NA 0.0909090909090909
"Caracal aurata" 100 200 33 NA NA 0.0909090909090909
