"species" "time_interval" "study_duration" "n_cams" "z" "P" "p_presence"
"Cercocebus agilis" 1 2 454 -0.0118555394067849 0.990540869733996 0.00220264317180617
"Cercocebus agilis" 1 3 454 -0.00262052878216863 0.997909122936637 0.00440528634361234
"Cercocebus agilis" 1 4 452 -0.000755738344835907 0.999397008100048 0.00442477876106195
"Cercocebus agilis" 1 5 450 NA NA 0.00444444444444444
"Cercocebus agilis" 1 6 449 NA NA 0.0044543429844098
"Cercocebus agilis" 1 7 447 NA NA 0.00447427293064877
"Cercocebus agilis" 1 8 447 NA NA 0.00671140939597315
"Cercocebus agilis" 1 9 447 NA NA 0.0111856823266219
"Cercocebus agilis" 1 10 445 NA NA 0.0157303370786517
"Cercocebus agilis" 1 11 440 NA NA 0.0159090909090909
"Cercocebus agilis" 1 12 439 NA NA 0.0182232346241458
"Cercocebus agilis" 1 13 438 -1.66859196834667 0.0951982716875405 0.0251141552511416
"Cercocebus agilis" 1 14 436 -1.6648705140753 0.0959385920110678 0.0252293577981651
"Cercocebus agilis" 1 15 436 -1.81387787305108 0.069696530007389 0.0275229357798165
"Cercocebus agilis" 1 16 435 -1.8108942329131 0.0701572254820518 0.0275862068965517
"Cercocebus agilis" 1 17 435 -1.80814841485541 0.0705834047088452 0.0275862068965517
"Cercocebus agilis" 1 18 434 -1.80562676390499 0.0709766592037979 0.0276497695852535
"Cercocebus agilis" 1 19 432 -1.95054021740789 0.0511117647532612 0.0300925925925926
"Cercocebus agilis" 1 20 430 -1.96914632753915 0.048936290195911 0.0302325581395349
"Cercocebus agilis" 1 21 429 -2.17818303946346 0.0293924122600589 0.034965034965035
"Cercocebus agilis" 1 22 427 -2.12269061971238 0.0337797855705727 0.0421545667447307
"Cercocebus agilis" 1 23 426 -2.1151985942367 0.0344130247172627 0.0422535211267606
"Cercocebus agilis" 1 24 425 -2.2503005455644 0.0244298733364503 0.0447058823529412
"Cercocebus agilis" 1 25 423 -2.2480269779642 0.0245744697077565 0.0449172576832151
"Cercocebus agilis" 1 26 422 -2.14177432016074 0.0322116468326913 0.0497630331753555
"Cercocebus agilis" 1 27 422 -2.20689571827722 0.0273213456383147 0.0568720379146919
"Cercocebus agilis" 1 28 422 -2.20251016759568 0.0276292917137483 0.0568720379146919
"Cercocebus agilis" 1 29 422 -2.24465974124811 0.0247899843894312 0.0592417061611374
"Cercocebus agilis" 1 30 420 -2.24194919873289 0.0249646557891999 0.0595238095238095
"Cercocebus agilis" 1 31 419 -2.36594367183578 0.0179841804004499 0.0620525059665871
"Cercocebus agilis" 1 32 419 NA NA 0.0644391408114559
"Cercocebus agilis" 1 33 415 -2.50024499056392 0.0124107447447941 0.0650602409638554
"Cercocebus agilis" 1 34 415 -2.56892676564492 0.0102014013850097 0.0650602409638554
"Cercocebus agilis" 1 35 413 -2.63924891967778 0.00830899466607602 0.0677966101694915
"Cercocebus agilis" 1 36 412 -2.63573114178259 0.00839562237049904 0.0679611650485437
"Cercocebus agilis" 1 37 410 -2.64196571798156 0.00824263984961409 0.0682926829268293
"Cercocebus agilis" 1 38 410 -2.65179512881805 0.00800651064941275 0.0682926829268293
"Cercocebus agilis" 1 39 409 -2.48088951408859 0.0131054988114738 0.0709046454767726
"Cercocebus agilis" 1 40 408 -2.28191315912404 0.022494467781126 0.0735294117647059
"Cercocebus agilis" 1 41 407 -1.9364692064584 0.052810260484757 0.0761670761670762
"Cercocebus agilis" 1 42 407 -1.93033972597143 0.0535647578564349 0.0761670761670762
"Cercocebus agilis" 1 43 405 -1.92982096374882 0.053629025046783 0.0765432098765432
"Cercocebus agilis" 1 44 403 -1.98301454556482 0.0473658048186011 0.0769230769230769
"Cercocebus agilis" 1 45 402 -1.98300879722634 0.0473664468948956 0.0771144278606965
"Cercocebus agilis" 1 46 401 -1.97635873421191 0.0481141617754684 0.0773067331670823
"Cercocebus agilis" 1 47 398 NA NA 0.0728643216080402
"Cercocebus agilis" 1 48 397 -2.24434436486453 0.0248102531482271 0.0730478589420655
"Cercocebus agilis" 1 49 395 -2.35497812779384 0.0185237959811031 0.0759493670886076
"Cercocebus agilis" 1 50 391 NA NA 0.0741687979539642
"Cercocebus agilis" 1 51 388 NA NA 0.0747422680412371
"Cercocebus agilis" 1 52 386 -2.21451043595757 0.0267936856146755 0.0751295336787565
"Cercocebus agilis" 1 53 382 -2.12931417306853 0.0332282759667475 0.0785340314136126
"Cercocebus agilis" 1 54 381 -2.13795778121531 0.03252016993231 0.078740157480315
"Cercocebus agilis" 1 55 376 -2.13885569650308 0.0324473570563976 0.0797872340425532
"Cercocebus agilis" 1 56 373 -2.14921741131258 0.0316171697131334 0.0804289544235925
"Cercocebus agilis" 1 57 370 -2.0160367700356 0.0437961309699638 0.0837837837837838
"Cercocebus agilis" 1 58 366 -2.01756890232036 0.0436361783251199 0.0846994535519126
"Cercocebus agilis" 1 59 364 -2.01802799713064 0.0435883455952947 0.0851648351648352
"Cercocebus agilis" 1 60 361 NA NA 0.0886426592797784
"Cercocebus agilis" 1 61 356 NA NA 0.0926966292134832
"Cercocebus agilis" 1 62 351 -2.29223828721754 0.0218918967320432 0.0883190883190883
"Cercocebus agilis" 1 63 349 -2.28614502444576 0.0222457757030227 0.0888252148997135
"Cercocebus agilis" 1 64 341 -2.36947962847624 0.0178131363755123 0.0879765395894428
"Cercocebus agilis" 1 65 327 NA NA 0.0917431192660551
"Cercocebus agilis" 1 66 320 -1.82846532413478 0.0674797452556355 0.1
"Cercocebus agilis" 1 67 304 -2.03636945428732 0.041713270307881 0.0986842105263158
"Cercocebus agilis" 1 68 296 -2.28359380448893 0.0223954142365734 0.097972972972973
"Cercocebus agilis" 1 69 283 -2.54029604079357 0.0110758673534425 0.0989399293286219
"Cercocebus agilis" 1 70 272 -2.53933270635113 0.0111064147962137 0.102941176470588
"Cercocebus agilis" 1 71 268 -2.52760303275686 0.0114844121144891 0.104477611940299
"Cercocebus agilis" 1 72 249 NA NA 0.104417670682731
"Cercocebus agilis" 1 73 231 NA NA 0.0909090909090909
"Cercocebus agilis" 1 74 225 NA NA 0.0977777777777778
"Cercocebus agilis" 1 75 218 NA NA 0.100917431192661
"Cercocebus agilis" 1 76 216 NA NA 0.101851851851852
"Cercocebus agilis" 1 77 211 NA NA 0.104265402843602
"Cercocebus agilis" 1 78 209 NA NA 0.105263157894737
"Cercocebus agilis" 1 79 195 NA NA 0.112820512820513
"Cercocebus agilis" 1 80 180 NA NA 0.122222222222222
"Cercocebus agilis" 1 81 176 NA NA 0.125
"Cercocebus agilis" 1 82 170 NA NA 0.135294117647059
"Cercocebus agilis" 1 83 166 NA NA 0.132530120481928
"Cercocebus agilis" 1 84 166 NA NA 0.132530120481928
"Cercocebus agilis" 1 85 166 NA NA 0.132530120481928
"Cercocebus agilis" 1 86 165 NA NA 0.133333333333333
"Cercocebus agilis" 1 87 163 NA NA 0.134969325153374
"Cercocebus agilis" 1 88 158 NA NA 0.132911392405063
"Cercocebus agilis" 1 89 153 NA NA 0.137254901960784
"Cercocebus agilis" 1 90 151 NA NA 0.139072847682119
"Cercocebus agilis" 1 91 150 NA NA 0.14
"Cercocebus agilis" 1 92 146 NA NA 0.136986301369863
"Cercocebus agilis" 1 93 142 NA NA 0.140845070422535
"Cercocebus agilis" 1 94 142 NA NA 0.140845070422535
"Cercocebus agilis" 1 95 127 NA NA 0.149606299212598
"Cercocebus agilis" 1 96 105 NA NA 0.171428571428571
"Cercocebus agilis" 1 97 89 NA NA 0.202247191011236
"Cercocebus agilis" 1 98 75 NA NA 0.24
"Cercocebus agilis" 1 99 75 NA NA 0.24
"Cercocebus agilis" 1 100 75 NA NA 0.24
"Cercocebus agilis" 1 101 75 NA NA 0.24
"Cercocebus agilis" 1 102 75 NA NA 0.24
"Cercocebus agilis" 1 103 75 NA NA 0.24
"Cercocebus agilis" 1 104 75 NA NA 0.24
"Cercocebus agilis" 1 105 73 NA NA 0.246575342465753
"Cercocebus agilis" 1 106 61 NA NA 0.295081967213115
"Cercocebus agilis" 1 107 56 NA NA 0.321428571428571
"Cercocebus agilis" 1 108 49 NA NA 0.387755102040816
"Cercocebus agilis" 1 109 48 NA NA 0.395833333333333
"Cercocebus agilis" 1 110 47 NA NA 0.404255319148936
"Cercocebus agilis" 1 111 45 NA NA 0.4
"Cercocebus agilis" 1 112 45 NA NA 0.4
"Cercocebus agilis" 1 113 45 NA NA 0.4
"Cercocebus agilis" 1 114 45 NA NA 0.4
"Cercocebus agilis" 1 115 44 NA NA 0.386363636363636
"Cercocebus agilis" 1 116 44 NA NA 0.386363636363636
"Cercocebus agilis" 1 117 43 NA NA 0.372093023255814
"Cercocebus agilis" 1 118 43 NA NA 0.372093023255814
"Cercocebus agilis" 1 119 43 NA NA 0.372093023255814
"Cercocebus agilis" 1 120 43 NA NA 0.372093023255814
"Cercocebus agilis" 1 121 43 NA NA 0.372093023255814
"Cercocebus agilis" 1 122 43 NA NA 0.372093023255814
"Cercocebus agilis" 1 123 43 NA NA 0.372093023255814
"Cercocebus agilis" 1 124 43 NA NA 0.372093023255814
"Cercocebus agilis" 1 125 43 NA NA 0.372093023255814
"Cercocebus agilis" 1 126 43 NA NA 0.372093023255814
"Cercocebus agilis" 1 127 43 NA NA 0.372093023255814
"Cercocebus agilis" 1 128 42 NA NA 0.357142857142857
"Cercocebus agilis" 1 129 42 NA NA 0.357142857142857
"Cercocebus agilis" 1 130 41 NA NA 0.365853658536585
"Cercocebus agilis" 1 131 41 NA NA 0.365853658536585
"Cercocebus agilis" 1 132 41 NA NA 0.365853658536585
"Cercocebus agilis" 1 133 41 NA NA 0.365853658536585
"Cercocebus agilis" 1 134 41 NA NA 0.365853658536585
"Cercocebus agilis" 1 135 41 NA NA 0.365853658536585
"Cercocebus agilis" 1 136 41 NA NA 0.365853658536585
"Cercocebus agilis" 1 137 41 NA NA 0.365853658536585
"Cercocebus agilis" 1 138 41 NA NA 0.365853658536585
"Cercocebus agilis" 1 139 40 NA NA 0.375
"Cercocebus agilis" 1 140 40 NA NA 0.375
"Cercocebus agilis" 1 141 40 NA NA 0.375
"Cercocebus agilis" 1 142 40 NA NA 0.375
"Cercocebus agilis" 1 143 40 NA NA 0.375
"Cercocebus agilis" 1 144 40 NA NA 0.375
"Cercocebus agilis" 1 145 40 NA NA 0.375
"Cercocebus agilis" 1 146 40 NA NA 0.375
"Cercocebus agilis" 1 147 40 NA NA 0.375
"Cercocebus agilis" 1 148 40 NA NA 0.375
"Cercocebus agilis" 1 149 40 NA NA 0.375
"Cercocebus agilis" 1 150 40 NA NA 0.375
"Cercocebus agilis" 1 151 40 NA NA 0.375
"Cercocebus agilis" 1 152 40 NA NA 0.375
"Cercocebus agilis" 1 153 40 NA NA 0.375
"Cercocebus agilis" 1 154 39 NA NA 0.384615384615385
"Cercocebus agilis" 1 155 39 NA NA 0.384615384615385
"Cercocebus agilis" 1 156 39 NA NA 0.384615384615385
"Cercocebus agilis" 1 157 39 NA NA 0.384615384615385
"Cercocebus agilis" 1 158 39 NA NA 0.384615384615385
"Cercocebus agilis" 1 159 39 NA NA 0.384615384615385
"Cercocebus agilis" 1 160 39 NA NA 0.384615384615385
"Cercocebus agilis" 1 161 39 NA NA 0.384615384615385
"Cercocebus agilis" 1 162 39 NA NA 0.384615384615385
"Cercocebus agilis" 1 163 39 NA NA 0.384615384615385
"Cercocebus agilis" 1 164 39 NA NA 0.384615384615385
"Cercocebus agilis" 1 165 39 NA NA 0.384615384615385
"Cercocebus agilis" 1 166 39 NA NA 0.384615384615385
"Cercocebus agilis" 1 167 39 NA NA 0.384615384615385
"Cercocebus agilis" 1 168 39 NA NA 0.384615384615385
"Cercocebus agilis" 1 169 39 NA NA 0.384615384615385
"Cercocebus agilis" 1 170 39 NA NA 0.384615384615385
"Cercocebus agilis" 1 171 39 NA NA 0.384615384615385
"Cercocebus agilis" 1 172 39 NA NA 0.384615384615385
"Cercocebus agilis" 1 173 38 NA NA 0.368421052631579
"Cercocebus agilis" 1 174 38 NA NA 0.368421052631579
"Cercocebus agilis" 1 175 37 NA NA 0.378378378378378
"Cercocebus agilis" 1 176 37 NA NA 0.378378378378378
"Cercocebus agilis" 1 177 37 NA NA 0.378378378378378
"Cercocebus agilis" 1 178 37 NA NA 0.378378378378378
"Cercocebus agilis" 1 179 37 NA NA 0.378378378378378
"Cercocebus agilis" 1 180 37 NA NA 0.378378378378378
"Cercocebus agilis" 1 181 37 NA NA 0.378378378378378
"Cercocebus agilis" 1 182 37 NA NA 0.378378378378378
"Cercocebus agilis" 1 183 37 NA NA 0.378378378378378
"Cercocebus agilis" 1 184 36 NA NA 0.388888888888889
"Cercocebus agilis" 1 185 35 NA NA 0.4
"Cercocebus agilis" 1 186 35 NA NA 0.4
"Cercocebus agilis" 1 187 34 NA NA 0.382352941176471
"Cercocebus agilis" 1 188 34 NA NA 0.382352941176471
"Cercocebus agilis" 1 189 34 NA NA 0.382352941176471
"Cercocebus agilis" 1 190 34 NA NA 0.382352941176471
"Cercocebus agilis" 1 191 33 NA NA 0.393939393939394
"Cercocebus agilis" 1 192 33 NA NA 0.393939393939394
"Cercocebus agilis" 1 193 33 NA NA 0.393939393939394
"Cercocebus agilis" 1 194 33 NA NA 0.393939393939394
"Cercocebus agilis" 1 195 33 NA NA 0.393939393939394
"Cercocebus agilis" 1 196 33 NA NA 0.393939393939394
"Cercocebus agilis" 1 197 33 NA NA 0.393939393939394
"Cercocebus agilis" 1 198 33 NA NA 0.393939393939394
"Cercocebus agilis" 1 199 33 NA NA 0.393939393939394
"Cercocebus agilis" 1 200 33 NA NA 0.393939393939394
"Cercocebus agilis" 2 4 452 -0.00243701294889614 0.998055546918294 0.00442477876106195
"Cercocebus agilis" 2 6 449 -0.00320783674635861 0.997440520976104 0.0044543429844098
"Cercocebus agilis" 2 8 447 NA NA 0.00671140939597315
"Cercocebus agilis" 2 10 445 NA NA 0.0157303370786517
"Cercocebus agilis" 2 12 439 NA NA 0.0182232346241458
"Cercocebus agilis" 2 14 436 -1.70481889841881 0.0882282057636049 0.0252293577981651
"Cercocebus agilis" 2 16 435 -1.84765608160604 0.0646521111637322 0.0275862068965517
"Cercocebus agilis" 2 18 434 -1.84046679519896 0.0656997348481531 0.0276497695852535
"Cercocebus agilis" 2 20 430 -2.00572173546101 0.044885944877357 0.0302325581395349
"Cercocebus agilis" 2 22 427 -2.20166549955254 0.0276889454659508 0.0421545667447307
"Cercocebus agilis" 2 24 425 -2.33700907164873 0.0194387123911306 0.0447058823529412
"Cercocebus agilis" 2 26 422 -2.22939648657114 0.0257875358016693 0.0497630331753555
"Cercocebus agilis" 2 28 422 -2.28940322060678 0.0220559351930118 0.0568720379146919
"Cercocebus agilis" 2 30 420 -2.34823693417663 0.0188625182540622 0.0595238095238095
"Cercocebus agilis" 2 32 419 -2.58058605480116 0.00986327703064835 0.0644391408114559
"Cercocebus agilis" 2 34 415 -2.67501895641615 0.00747250248522188 0.0650602409638554
"Cercocebus agilis" 2 36 412 -2.74200196341643 0.00610659765900826 0.0679611650485437
"Cercocebus agilis" 2 38 410 -2.75946012509697 0.00578969522941423 0.0682926829268293
"Cercocebus agilis" 2 40 408 -2.39019784975781 0.0168392986445939 0.0735294117647059
"Cercocebus agilis" 2 42 407 -2.0704454545908 0.0384106489672093 0.0761670761670762
"Cercocebus agilis" 2 44 403 -2.12216568270525 0.0338238272448371 0.0769230769230769
"Cercocebus agilis" 2 46 401 -2.11415214002602 0.034502275093643 0.0773067331670823
"Cercocebus agilis" 2 48 397 -2.37715336242053 0.0174468325840102 0.0730478589420655
"Cercocebus agilis" 2 50 391 -2.33629841641279 0.0194756940022909 0.0741687979539642
"Cercocebus agilis" 2 52 386 -2.35379487471857 0.0185828624724612 0.0751295336787565
"Cercocebus agilis" 2 54 381 -2.26432532369287 0.0235541131622991 0.078740157480315
"Cercocebus agilis" 2 56 373 -2.27271619692719 0.0230432879583603 0.0804289544235925
"Cercocebus agilis" 2 58 366 -2.15011971573132 0.0315457464764688 0.0846994535519126
"Cercocebus agilis" 2 60 361 -2.28223421081174 0.022475516327357 0.0886426592797784
"Cercocebus agilis" 2 62 351 -2.41287116598166 0.015827413066544 0.0883190883190883
"Cercocebus agilis" 2 64 341 -2.47649415411048 0.0132679797830393 0.0879765395894428
"Cercocebus agilis" 2 66 320 -1.94921694158892 0.0512695225992018 0.1
"Cercocebus agilis" 2 68 296 -2.38116710425234 0.0172578812900232 0.097972972972973
"Cercocebus agilis" 2 70 272 -2.61835226539063 0.00883555412037015 0.102941176470588
"Cercocebus agilis" 2 72 249 -2.58764606419758 0.00966342161252874 0.104417670682731
"Cercocebus agilis" 2 74 225 NA NA 0.0977777777777778
"Cercocebus agilis" 2 76 216 NA NA 0.101851851851852
"Cercocebus agilis" 2 78 209 NA NA 0.105263157894737
"Cercocebus agilis" 2 80 180 NA NA 0.122222222222222
"Cercocebus agilis" 2 82 170 NA NA 0.135294117647059
"Cercocebus agilis" 2 84 166 NA NA 0.132530120481928
"Cercocebus agilis" 2 86 165 NA NA 0.133333333333333
"Cercocebus agilis" 2 88 158 NA NA 0.132911392405063
"Cercocebus agilis" 2 90 151 NA NA 0.139072847682119
"Cercocebus agilis" 2 92 146 NA NA 0.136986301369863
"Cercocebus agilis" 2 94 142 NA NA 0.140845070422535
"Cercocebus agilis" 2 96 105 NA NA 0.171428571428571
"Cercocebus agilis" 2 98 75 NA NA 0.24
"Cercocebus agilis" 2 100 75 NA NA 0.24
"Cercocebus agilis" 2 102 75 NA NA 0.24
"Cercocebus agilis" 2 104 75 NA NA 0.24
"Cercocebus agilis" 2 106 61 NA NA 0.295081967213115
"Cercocebus agilis" 2 108 49 NA NA 0.387755102040816
"Cercocebus agilis" 2 110 47 NA NA 0.404255319148936
"Cercocebus agilis" 2 112 45 NA NA 0.4
"Cercocebus agilis" 2 114 45 NA NA 0.4
"Cercocebus agilis" 2 116 44 NA NA 0.386363636363636
"Cercocebus agilis" 2 118 43 NA NA 0.372093023255814
"Cercocebus agilis" 2 120 43 NA NA 0.372093023255814
"Cercocebus agilis" 2 122 43 NA NA 0.372093023255814
"Cercocebus agilis" 2 124 43 NA NA 0.372093023255814
"Cercocebus agilis" 2 126 43 NA NA 0.372093023255814
"Cercocebus agilis" 2 128 42 NA NA 0.357142857142857
"Cercocebus agilis" 2 130 41 NA NA 0.365853658536585
"Cercocebus agilis" 2 132 41 NA NA 0.365853658536585
"Cercocebus agilis" 2 134 41 NA NA 0.365853658536585
"Cercocebus agilis" 2 136 41 NA NA 0.365853658536585
"Cercocebus agilis" 2 138 41 NA NA 0.365853658536585
"Cercocebus agilis" 2 140 40 NA NA 0.375
"Cercocebus agilis" 2 142 40 NA NA 0.375
"Cercocebus agilis" 2 144 40 NA NA 0.375
"Cercocebus agilis" 2 146 40 NA NA 0.375
"Cercocebus agilis" 2 148 40 NA NA 0.375
"Cercocebus agilis" 2 150 40 NA NA 0.375
"Cercocebus agilis" 2 152 40 NA NA 0.375
"Cercocebus agilis" 2 154 39 NA NA 0.384615384615385
"Cercocebus agilis" 2 156 39 NA NA 0.384615384615385
"Cercocebus agilis" 2 158 39 NA NA 0.384615384615385
"Cercocebus agilis" 2 160 39 NA NA 0.384615384615385
"Cercocebus agilis" 2 162 39 NA NA 0.384615384615385
"Cercocebus agilis" 2 164 39 NA NA 0.384615384615385
"Cercocebus agilis" 2 166 39 NA NA 0.384615384615385
"Cercocebus agilis" 2 168 39 NA NA 0.384615384615385
"Cercocebus agilis" 2 170 39 NA NA 0.384615384615385
"Cercocebus agilis" 2 172 39 NA NA 0.384615384615385
"Cercocebus agilis" 2 174 38 NA NA 0.368421052631579
"Cercocebus agilis" 2 176 37 NA NA 0.378378378378378
"Cercocebus agilis" 2 178 37 NA NA 0.378378378378378
"Cercocebus agilis" 2 180 37 NA NA 0.378378378378378
"Cercocebus agilis" 2 182 37 NA NA 0.378378378378378
"Cercocebus agilis" 2 184 36 NA NA 0.388888888888889
"Cercocebus agilis" 2 186 35 NA NA 0.4
"Cercocebus agilis" 2 188 34 NA NA 0.382352941176471
"Cercocebus agilis" 2 190 34 NA NA 0.382352941176471
"Cercocebus agilis" 2 192 33 NA NA 0.393939393939394
"Cercocebus agilis" 2 194 33 NA NA 0.393939393939394
"Cercocebus agilis" 2 196 33 NA NA 0.393939393939394
"Cercocebus agilis" 2 198 33 NA NA 0.393939393939394
"Cercocebus agilis" 2 200 33 NA NA 0.393939393939394
"Cercocebus agilis" 3 6 449 -0.00245507509509118 0.998041135453823 0.0044543429844098
"Cercocebus agilis" 3 9 447 NA NA 0.0111856823266219
"Cercocebus agilis" 3 12 439 NA NA 0.0182232346241458
"Cercocebus agilis" 3 15 436 -1.88192581428112 0.0598460889347508 0.0275229357798165
"Cercocebus agilis" 3 18 434 -1.86745891237815 0.0618375294595538 0.0276497695852535
"Cercocebus agilis" 3 21 429 -2.27037704041187 0.0231847163121478 0.034965034965035
"Cercocebus agilis" 3 24 425 -2.36275463699467 0.0181396749566705 0.0447058823529412
"Cercocebus agilis" 3 27 422 -2.3306779237766 0.0197703491185607 0.0568720379146919
"Cercocebus agilis" 3 30 420 -2.38855641547923 0.0169147111664657 0.0595238095238095
"Cercocebus agilis" 3 33 415 -2.65883693119742 0.00784109043749234 0.0650602409638554
"Cercocebus agilis" 3 36 412 -2.79253118421645 0.005229742645275 0.0679611650485437
"Cercocebus agilis" 3 39 409 -2.67257058054054 0.00752725378600888 0.0709046454767726
"Cercocebus agilis" 3 42 407 -2.18282365965405 0.0290487986203809 0.0761670761670762
"Cercocebus agilis" 3 45 402 -2.23067832319358 0.0257024445103608 0.0771144278606965
"Cercocebus agilis" 3 48 397 -2.48563669370534 0.0129319911714885 0.0730478589420655
"Cercocebus agilis" 3 51 388 -2.4384486682232 0.014750453456261 0.0747422680412371
"Cercocebus agilis" 3 54 381 -2.35650811437137 0.0184476646030607 0.078740157480315
"Cercocebus agilis" 3 57 370 -2.26864602403789 0.0232898604218477 0.0837837837837838
"Cercocebus agilis" 3 60 361 -2.39901450005215 0.0164392636995969 0.0886426592797784
"Cercocebus agilis" 3 63 349 -2.51289270854356 0.0119745746728605 0.0888252148997135
"Cercocebus agilis" 3 66 320 -2.07683182597146 0.0378170837005337 0.1
"Cercocebus agilis" 3 69 283 -2.70447485574009 0.00684124470749715 0.0989399293286219
"Cercocebus agilis" 3 72 249 -2.67212668113163 0.00753721882708481 0.104417670682731
"Cercocebus agilis" 3 75 218 NA NA 0.100917431192661
"Cercocebus agilis" 3 78 209 NA NA 0.105263157894737
"Cercocebus agilis" 3 81 176 NA NA 0.125
"Cercocebus agilis" 3 84 166 NA NA 0.132530120481928
"Cercocebus agilis" 3 87 163 NA NA 0.134969325153374
"Cercocebus agilis" 3 90 151 NA NA 0.139072847682119
"Cercocebus agilis" 3 93 142 NA NA 0.140845070422535
"Cercocebus agilis" 3 96 105 NA NA 0.171428571428571
"Cercocebus agilis" 3 99 75 NA NA 0.24
"Cercocebus agilis" 3 102 75 NA NA 0.24
"Cercocebus agilis" 3 105 73 NA NA 0.246575342465753
"Cercocebus agilis" 3 108 49 NA NA 0.387755102040816
"Cercocebus agilis" 3 111 45 NA NA 0.4
"Cercocebus agilis" 3 114 45 NA NA 0.4
"Cercocebus agilis" 3 117 43 NA NA 0.372093023255814
"Cercocebus agilis" 3 120 43 NA NA 0.372093023255814
"Cercocebus agilis" 3 123 43 NA NA 0.372093023255814
"Cercocebus agilis" 3 126 43 NA NA 0.372093023255814
"Cercocebus agilis" 3 129 42 NA NA 0.357142857142857
"Cercocebus agilis" 3 132 41 NA NA 0.365853658536585
"Cercocebus agilis" 3 135 41 NA NA 0.365853658536585
"Cercocebus agilis" 3 138 41 NA NA 0.365853658536585
"Cercocebus agilis" 3 141 40 NA NA 0.375
"Cercocebus agilis" 3 144 40 NA NA 0.375
"Cercocebus agilis" 3 147 40 NA NA 0.375
"Cercocebus agilis" 3 150 40 NA NA 0.375
"Cercocebus agilis" 3 153 40 NA NA 0.375
"Cercocebus agilis" 3 156 39 NA NA 0.384615384615385
"Cercocebus agilis" 3 159 39 NA NA 0.384615384615385
"Cercocebus agilis" 3 162 39 NA NA 0.384615384615385
"Cercocebus agilis" 3 165 39 NA NA 0.384615384615385
"Cercocebus agilis" 3 168 39 NA NA 0.384615384615385
"Cercocebus agilis" 3 171 39 NA NA 0.384615384615385
"Cercocebus agilis" 3 174 38 NA NA 0.368421052631579
"Cercocebus agilis" 3 177 37 NA NA 0.378378378378378
"Cercocebus agilis" 3 180 37 NA NA 0.378378378378378
"Cercocebus agilis" 3 183 37 NA NA 0.378378378378378
"Cercocebus agilis" 3 186 35 NA NA 0.4
"Cercocebus agilis" 3 189 34 NA NA 0.382352941176471
"Cercocebus agilis" 3 192 33 NA NA 0.393939393939394
"Cercocebus agilis" 3 195 33 NA NA 0.393939393939394
"Cercocebus agilis" 3 198 33 NA NA 0.393939393939394
"Cercocebus agilis" 4 8 447 -0.497445582847925 0.618874868023303 0.00671140939597315
"Cercocebus agilis" 4 12 439 NA NA 0.0182232346241458
"Cercocebus agilis" 4 16 435 -1.90199747508424 0.057171484688719 0.0275862068965517
"Cercocebus agilis" 4 20 430 -2.06223142024528 0.0391857086576578 0.0302325581395349
"Cercocebus agilis" 4 24 425 -2.36375317171086 0.0180908611473739 0.0447058823529412
"Cercocebus agilis" 4 28 422 -2.33558614585023 0.0195128213344408 0.0568720379146919
"Cercocebus agilis" 4 32 419 -2.64285620444254 0.00822099410460374 0.0644391408114559
"Cercocebus agilis" 4 36 412 -2.81506352049008 0.00487675935720017 0.0679611650485437
"Cercocebus agilis" 4 40 408 -2.49407560310393 0.0126285643043347 0.0735294117647059
"Cercocebus agilis" 4 44 403 -2.2383407727686 0.0251988411598602 0.0769230769230769
"Cercocebus agilis" 4 48 397 -2.49613344480149 0.0125555358413124 0.0730478589420655
"Cercocebus agilis" 4 52 386 NA NA 0.0751295336787565
"Cercocebus agilis" 4 56 373 -2.39343892358589 0.0166912600375008 0.0804289544235925
"Cercocebus agilis" 4 60 361 -2.41468709319826 0.0157487325194688 0.0886426592797784
"Cercocebus agilis" 4 64 341 -2.58714415943071 0.00967750945753194 0.0879765395894428
"Cercocebus agilis" 4 68 296 -2.48388903452064 0.0129956296708554 0.097972972972973
"Cercocebus agilis" 4 72 249 NA NA 0.104417670682731
"Cercocebus agilis" 4 76 216 NA NA 0.101851851851852
"Cercocebus agilis" 4 80 180 NA NA 0.122222222222222
"Cercocebus agilis" 4 84 166 NA NA 0.132530120481928
"Cercocebus agilis" 4 88 158 NA NA 0.132911392405063
"Cercocebus agilis" 4 92 146 NA NA 0.136986301369863
"Cercocebus agilis" 4 96 105 NA NA 0.171428571428571
"Cercocebus agilis" 4 100 75 NA NA 0.24
"Cercocebus agilis" 4 104 75 NA NA 0.24
"Cercocebus agilis" 4 108 49 NA NA 0.387755102040816
"Cercocebus agilis" 4 112 45 NA NA 0.4
"Cercocebus agilis" 4 116 44 NA NA 0.386363636363636
"Cercocebus agilis" 4 120 43 NA NA 0.372093023255814
"Cercocebus agilis" 4 124 43 NA NA 0.372093023255814
"Cercocebus agilis" 4 128 42 NA NA 0.357142857142857
"Cercocebus agilis" 4 132 41 NA NA 0.365853658536585
"Cercocebus agilis" 4 136 41 NA NA 0.365853658536585
"Cercocebus agilis" 4 140 40 NA NA 0.375
"Cercocebus agilis" 4 144 40 NA NA 0.375
"Cercocebus agilis" 4 148 40 NA NA 0.375
"Cercocebus agilis" 4 152 40 NA NA 0.375
"Cercocebus agilis" 4 156 39 NA NA 0.384615384615385
"Cercocebus agilis" 4 160 39 NA NA 0.384615384615385
"Cercocebus agilis" 4 164 39 NA NA 0.384615384615385
"Cercocebus agilis" 4 168 39 NA NA 0.384615384615385
"Cercocebus agilis" 4 172 39 NA NA 0.384615384615385
"Cercocebus agilis" 4 176 37 NA NA 0.378378378378378
"Cercocebus agilis" 4 180 37 NA NA 0.378378378378378
"Cercocebus agilis" 4 184 36 NA NA 0.388888888888889
"Cercocebus agilis" 4 188 34 NA NA 0.382352941176471
"Cercocebus agilis" 4 192 33 NA NA 0.393939393939394
"Cercocebus agilis" 4 196 33 NA NA 0.393939393939394
"Cercocebus agilis" 4 200 33 NA NA 0.393939393939394
"Cercocebus agilis" 5 10 445 NA NA 0.0157303370786517
"Cercocebus agilis" 5 15 436 -1.93254571768224 0.0532921849433153 0.0275229357798165
"Cercocebus agilis" 5 20 430 -2.0868419144395 0.036902426912105 0.0302325581395349
"Cercocebus agilis" 5 25 423 -2.38740500622883 0.0169677871678983 0.0449172576832151
"Cercocebus agilis" 5 30 420 -2.44651475001822 0.0144244895118601 0.0595238095238095
"Cercocebus agilis" 5 35 413 -2.77991320843968 0.00543734285744759 0.0677966101694915
"Cercocebus agilis" 5 40 408 -2.45756646117429 0.0139881925391528 0.0735294117647059
"Cercocebus agilis" 5 45 402 -2.19833483390308 0.0279252538143464 0.0771144278606965
"Cercocebus agilis" 5 50 391 -2.41693736721297 0.0156517100521018 0.0741687979539642
"Cercocebus agilis" 5 55 376 -2.34497099243112 0.0190285599615352 0.0797872340425532
"Cercocebus agilis" 5 60 361 -2.40583087812465 0.0161357326131302 0.0886426592797784
"Cercocebus agilis" 5 65 327 -2.37376466920813 0.0176077687406723 0.0917431192660551
"Cercocebus agilis" 5 70 272 -2.70629850156566 0.00680378582144112 0.102941176470588
"Cercocebus agilis" 5 75 218 NA NA 0.100917431192661
"Cercocebus agilis" 5 80 180 NA NA 0.122222222222222
"Cercocebus agilis" 5 85 166 NA NA 0.132530120481928
"Cercocebus agilis" 5 90 151 NA NA 0.139072847682119
"Cercocebus agilis" 5 95 127 NA NA 0.149606299212598
"Cercocebus agilis" 5 100 75 NA NA 0.24
"Cercocebus agilis" 5 105 73 NA NA 0.246575342465753
"Cercocebus agilis" 5 110 47 NA NA 0.404255319148936
"Cercocebus agilis" 5 115 44 NA NA 0.386363636363636
"Cercocebus agilis" 5 120 43 NA NA 0.372093023255814
"Cercocebus agilis" 5 125 43 NA NA 0.372093023255814
"Cercocebus agilis" 5 130 41 NA NA 0.365853658536585
"Cercocebus agilis" 5 135 41 NA NA 0.365853658536585
"Cercocebus agilis" 5 140 40 NA NA 0.375
"Cercocebus agilis" 5 145 40 NA NA 0.375
"Cercocebus agilis" 5 150 40 NA NA 0.375
"Cercocebus agilis" 5 155 39 NA NA 0.384615384615385
"Cercocebus agilis" 5 160 39 NA NA 0.384615384615385
"Cercocebus agilis" 5 165 39 NA NA 0.384615384615385
"Cercocebus agilis" 5 170 39 NA NA 0.384615384615385
"Cercocebus agilis" 5 175 37 NA NA 0.378378378378378
"Cercocebus agilis" 5 180 37 NA NA 0.378378378378378
"Cercocebus agilis" 5 185 35 NA NA 0.4
"Cercocebus agilis" 5 190 34 NA NA 0.382352941176471
"Cercocebus agilis" 5 195 33 NA NA 0.393939393939394
"Cercocebus agilis" 5 200 33 NA NA 0.393939393939394
"Cercocebus agilis" 6 12 439 -1.21174880916257 0.225608549130466 0.0182232346241458
"Cercocebus agilis" 6 18 434 -1.94311317981678 0.0520024849202779 0.0276497695852535
"Cercocebus agilis" 6 24 425 -2.45811798312872 0.0139667281302574 0.0447058823529412
"Cercocebus agilis" 6 30 420 -2.53073791319199 0.0113822862998403 0.0595238095238095
"Cercocebus agilis" 6 36 412 -2.87933963952311 0.00398508906051726 0.0679611650485437
"Cercocebus agilis" 6 42 407 -2.30058194950331 0.0214152722890615 0.0761670761670762
"Cercocebus agilis" 6 48 397 -2.55728488268128 0.0105492783405184 0.0730478589420655
"Cercocebus agilis" 6 54 381 -2.42744832307117 0.0152054528958566 0.078740157480315
"Cercocebus agilis" 6 60 361 -2.49280179107431 0.0126739573999166 0.0886426592797784
"Cercocebus agilis" 6 66 320 -2.14809279476645 0.0317063845064949 0.1
"Cercocebus agilis" 6 72 249 -2.72066843239343 0.00651500722400681 0.104417670682731
"Cercocebus agilis" 6 78 209 NA NA 0.105263157894737
"Cercocebus agilis" 6 84 166 NA NA 0.132530120481928
"Cercocebus agilis" 6 90 151 NA NA 0.139072847682119
"Cercocebus agilis" 6 96 105 NA NA 0.171428571428571
"Cercocebus agilis" 6 102 75 NA NA 0.24
"Cercocebus agilis" 6 108 49 NA NA 0.387755102040816
"Cercocebus agilis" 6 114 45 NA NA 0.4
"Cercocebus agilis" 6 120 43 NA NA 0.372093023255814
"Cercocebus agilis" 6 126 43 NA NA 0.372093023255814
"Cercocebus agilis" 6 132 41 NA NA 0.365853658536585
"Cercocebus agilis" 6 138 41 NA NA 0.365853658536585
"Cercocebus agilis" 6 144 40 NA NA 0.375
"Cercocebus agilis" 6 150 40 NA NA 0.375
"Cercocebus agilis" 6 156 39 NA NA 0.384615384615385
"Cercocebus agilis" 6 162 39 NA NA 0.384615384615385
"Cercocebus agilis" 6 168 39 NA NA 0.384615384615385
"Cercocebus agilis" 6 174 38 NA NA 0.368421052631579
"Cercocebus agilis" 6 180 37 NA NA 0.378378378378378
"Cercocebus agilis" 6 186 35 NA NA 0.4
"Cercocebus agilis" 6 192 33 NA NA 0.393939393939394
"Cercocebus agilis" 6 198 33 NA NA 0.393939393939394
"Cercocebus agilis" 7 14 436 -1.83853514421083 0.0659835881209797 0.0252293577981651
"Cercocebus agilis" 7 21 429 -2.41203100201169 0.0158639325440262 0.034965034965035
"Cercocebus agilis" 7 28 422 -2.54775681670377 0.010841801897904 0.0568720379146919
"Cercocebus agilis" 7 35 413 -2.95265895080706 0.00315049824619419 0.0677966101694915
"Cercocebus agilis" 7 42 407 -2.38326120131688 0.0171600137325094 0.0761670761670762
"Cercocebus agilis" 7 49 395 -2.72618107509832 0.00640718379366433 0.0759493670886076
"Cercocebus agilis" 7 56 373 -2.50252999012017 0.0123309177912042 0.0804289544235925
"Cercocebus agilis" 7 63 349 -2.64765694864237 0.00810517269234902 0.0888252148997135
"Cercocebus agilis" 7 70 272 -2.79993437428762 0.00511129967061008 0.102941176470588
"Cercocebus agilis" 7 77 211 NA NA 0.104265402843602
"Cercocebus agilis" 7 84 166 NA NA 0.132530120481928
"Cercocebus agilis" 7 91 150 NA NA 0.14
"Cercocebus agilis" 7 98 75 NA NA 0.24
"Cercocebus agilis" 7 105 73 NA NA 0.246575342465753
"Cercocebus agilis" 7 112 45 NA NA 0.4
"Cercocebus agilis" 7 119 43 NA NA 0.372093023255814
"Cercocebus agilis" 7 126 43 NA NA 0.372093023255814
"Cercocebus agilis" 7 133 41 NA NA 0.365853658536585
"Cercocebus agilis" 7 140 40 NA NA 0.375
"Cercocebus agilis" 7 147 40 NA NA 0.375
"Cercocebus agilis" 7 154 39 NA NA 0.384615384615385
"Cercocebus agilis" 7 161 39 NA NA 0.384615384615385
"Cercocebus agilis" 7 168 39 NA NA 0.384615384615385
"Cercocebus agilis" 7 175 37 NA NA 0.378378378378378
"Cercocebus agilis" 7 182 37 NA NA 0.378378378378378
"Cercocebus agilis" 7 189 34 NA NA 0.382352941176471
"Cercocebus agilis" 7 196 33 NA NA 0.393939393939394
"Cercocebus agilis" 8 16 435 -1.98786781769289 0.0468263108452353 0.0275862068965517
"Cercocebus agilis" 8 24 425 -2.48616400257584 0.0129128441933081 0.0447058823529412
"Cercocebus agilis" 8 32 419 -2.8091655129683 0.00496701034092011 0.0644391408114559
"Cercocebus agilis" 8 40 408 -2.69239530561792 0.00709408047164299 0.0735294117647059
"Cercocebus agilis" 8 48 397 -2.69844960830996 0.00696632838121009 0.0730478589420655
"Cercocebus agilis" 8 56 373 -2.59212872177771 0.00953840752499564 0.0804289544235925
"Cercocebus agilis" 8 64 341 -2.78162024533526 0.00540882894834347 0.0879765395894428
"Cercocebus agilis" 8 72 249 -2.84437259542175 0.00444989779060989 0.104417670682731
"Cercocebus agilis" 8 80 180 NA NA 0.122222222222222
"Cercocebus agilis" 8 88 158 NA NA 0.132911392405063
"Cercocebus agilis" 8 96 105 NA NA 0.171428571428571
"Cercocebus agilis" 8 104 75 NA NA 0.24
"Cercocebus agilis" 8 112 45 NA NA 0.4
"Cercocebus agilis" 8 120 43 NA NA 0.372093023255814
"Cercocebus agilis" 8 128 42 NA NA 0.357142857142857
"Cercocebus agilis" 8 136 41 NA NA 0.365853658536585
"Cercocebus agilis" 8 144 40 NA NA 0.375
"Cercocebus agilis" 8 152 40 NA NA 0.375
"Cercocebus agilis" 8 160 39 NA NA 0.384615384615385
"Cercocebus agilis" 8 168 39 NA NA 0.384615384615385
"Cercocebus agilis" 8 176 37 NA NA 0.378378378378378
"Cercocebus agilis" 8 184 36 NA NA 0.388888888888889
"Cercocebus agilis" 8 192 33 NA NA 0.393939393939394
"Cercocebus agilis" 8 200 33 NA NA 0.393939393939394
"Cercocebus agilis" 9 18 434 -1.98786258678756 0.0468268895221184 0.0276497695852535
"Cercocebus agilis" 9 27 422 -2.42949312393381 0.0151199517173821 0.0568720379146919
"Cercocebus agilis" 9 36 412 -2.82273469634548 0.00476159563632778 0.0679611650485437
"Cercocebus agilis" 9 45 402 -2.3083039365107 0.0209822376544698 0.0771144278606965
"Cercocebus agilis" 9 54 381 -2.49305630683055 0.0126648760415206 0.078740157480315
"Cercocebus agilis" 9 63 349 -2.68561035135568 0.00723974632516964 0.0888252148997135
"Cercocebus agilis" 9 72 249 NA NA 0.104417670682731
"Cercocebus agilis" 9 81 176 NA NA 0.125
"Cercocebus agilis" 9 90 151 NA NA 0.139072847682119
"Cercocebus agilis" 9 99 75 NA NA 0.24
"Cercocebus agilis" 9 108 49 NA NA 0.387755102040816
"Cercocebus agilis" 9 117 43 NA NA 0.372093023255814
"Cercocebus agilis" 9 126 43 NA NA 0.372093023255814
"Cercocebus agilis" 9 135 41 NA NA 0.365853658536585
"Cercocebus agilis" 9 144 40 NA NA 0.375
"Cercocebus agilis" 9 153 40 NA NA 0.375
"Cercocebus agilis" 9 162 39 NA NA 0.384615384615385
"Cercocebus agilis" 9 171 39 NA NA 0.384615384615385
"Cercocebus agilis" 9 180 37 NA NA 0.378378378378378
"Cercocebus agilis" 9 189 34 NA NA 0.382352941176471
"Cercocebus agilis" 9 198 33 NA NA 0.393939393939394
"Cercocebus agilis" 10 20 430 -2.19294003189827 0.0283116999869807 0.0302325581395349
"Cercocebus agilis" 10 30 420 -2.62387388130391 0.00869359699652513 0.0595238095238095
"Cercocebus agilis" 10 40 408 -2.64315586117166 0.00821372156317296 0.0735294117647059
"Cercocebus agilis" 10 50 391 -2.61887411064376 0.00882204976445757 0.0741687979539642
"Cercocebus agilis" 10 60 361 -2.58496263798526 0.00973895501312446 0.0886426592797784
"Cercocebus agilis" 10 70 272 -2.83063862465572 0.00464551753247268 0.102941176470588
"Cercocebus agilis" 10 80 180 NA NA 0.122222222222222
"Cercocebus agilis" 10 90 151 NA NA 0.139072847682119
"Cercocebus agilis" 10 100 75 NA NA 0.24
"Cercocebus agilis" 10 110 47 NA NA 0.404255319148936
"Cercocebus agilis" 10 120 43 NA NA 0.372093023255814
"Cercocebus agilis" 10 130 41 NA NA 0.365853658536585
"Cercocebus agilis" 10 140 40 NA NA 0.375
"Cercocebus agilis" 10 150 40 NA NA 0.375
"Cercocebus agilis" 10 160 39 NA NA 0.384615384615385
"Cercocebus agilis" 10 170 39 NA NA 0.384615384615385
"Cercocebus agilis" 10 180 37 NA NA 0.378378378378378
"Cercocebus agilis" 10 190 34 NA NA 0.382352941176471
"Cercocebus agilis" 10 200 33 NA NA 0.393939393939394
"Cercocebus agilis" 11 22 427 -2.51441491728294 0.0119230067879976 0.0421545667447307
"Cercocebus agilis" 11 33 415 -2.98111733767487 0.00287198726898697 0.0650602409638554
"Cercocebus agilis" 11 44 403 -2.61384405002481 0.00895298917556028 0.0769230769230769
"Cercocebus agilis" 11 55 376 -2.70670898046932 0.00679537976898037 0.0797872340425532
"Cercocebus agilis" 11 66 320 -2.46297940402297 0.0137787830625762 0.1
"Cercocebus agilis" 11 77 211 NA NA 0.104265402843602
"Cercocebus agilis" 11 88 158 NA NA 0.132911392405063
"Cercocebus agilis" 11 99 75 NA NA 0.24
"Cercocebus agilis" 11 110 47 NA NA 0.404255319148936
"Cercocebus agilis" 11 121 43 NA NA 0.372093023255814
"Cercocebus agilis" 11 132 41 NA NA 0.365853658536585
"Cercocebus agilis" 11 143 40 NA NA 0.375
"Cercocebus agilis" 11 154 39 NA NA 0.384615384615385
"Cercocebus agilis" 11 165 39 NA NA 0.384615384615385
"Cercocebus agilis" 11 176 37 NA NA 0.378378378378378
"Cercocebus agilis" 11 187 34 NA NA 0.382352941176471
"Cercocebus agilis" 11 198 33 NA NA 0.393939393939394
"Cercocebus agilis" 12 24 425 -2.62473016829387 0.00867176593367144 0.0447058823529412
"Cercocebus agilis" 12 36 412 -3.10790355352757 0.0018841954642011 0.0679611650485437
"Cercocebus agilis" 12 48 397 -2.81621539371459 0.00485930758781075 0.0730478589420655
"Cercocebus agilis" 12 60 361 -2.7195262085135 0.00653755139842271 0.0886426592797784
"Cercocebus agilis" 12 72 249 -2.88066298662573 0.00396839713854894 0.104417670682731
"Cercocebus agilis" 12 84 166 NA NA 0.132530120481928
"Cercocebus agilis" 12 96 105 NA NA 0.171428571428571
"Cercocebus agilis" 12 108 49 NA NA 0.387755102040816
"Cercocebus agilis" 12 120 43 NA NA 0.372093023255814
"Cercocebus agilis" 12 132 41 NA NA 0.365853658536585
"Cercocebus agilis" 12 144 40 NA NA 0.375
"Cercocebus agilis" 12 156 39 NA NA 0.384615384615385
"Cercocebus agilis" 12 168 39 NA NA 0.384615384615385
"Cercocebus agilis" 12 180 37 NA NA 0.378378378378378
"Cercocebus agilis" 12 192 33 NA NA 0.393939393939394
"Cercocebus agilis" 13 26 422 -2.5739498976724 0.0100544831909426 0.0497630331753555
"Cercocebus agilis" 13 39 409 -2.95647099060242 0.0031118150248673 0.0709046454767726
"Cercocebus agilis" 13 52 386 -2.76664647737827 0.00566361352551414 0.0751295336787565
"Cercocebus agilis" 13 65 327 -2.69999335821021 0.00693408603463955 0.0917431192660551
"Cercocebus agilis" 13 78 209 NA NA 0.105263157894737
"Cercocebus agilis" 13 91 150 NA NA 0.14
"Cercocebus agilis" 13 104 75 NA NA 0.24
"Cercocebus agilis" 13 117 43 NA NA 0.372093023255814
"Cercocebus agilis" 13 130 41 NA NA 0.365853658536585
"Cercocebus agilis" 13 143 40 NA NA 0.375
"Cercocebus agilis" 13 156 39 NA NA 0.384615384615385
"Cercocebus agilis" 13 169 39 NA NA 0.384615384615385
"Cercocebus agilis" 13 182 37 NA NA 0.378378378378378
"Cercocebus agilis" 13 195 33 NA NA 0.393939393939394
"Cercocebus agilis" 14 28 422 -2.61228168373391 0.00899401153503554 0.0568720379146919
"Cercocebus agilis" 14 42 407 -2.37819967580661 0.0173974022517618 0.0761670761670762
"Cercocebus agilis" 14 56 373 -2.62415493225089 0.008686426185068 0.0804289544235925
"Cercocebus agilis" 14 70 272 -2.894133596294 0.00380206357310283 0.102941176470588
"Cercocebus agilis" 14 84 166 NA NA 0.132530120481928
"Cercocebus agilis" 14 98 75 NA NA 0.24
"Cercocebus agilis" 14 112 45 NA NA 0.4
"Cercocebus agilis" 14 126 43 NA NA 0.372093023255814
"Cercocebus agilis" 14 140 40 NA NA 0.375
"Cercocebus agilis" 14 154 39 NA NA 0.384615384615385
"Cercocebus agilis" 14 168 39 NA NA 0.384615384615385
"Cercocebus agilis" 14 182 37 NA NA 0.378378378378378
"Cercocebus agilis" 14 196 33 NA NA 0.393939393939394
"Cercocebus agilis" 15 30 420 -2.71827947661533 0.00656223832099249 0.0595238095238095
"Cercocebus agilis" 15 45 402 -2.54452686230675 0.0109425894840563 0.0771144278606965
"Cercocebus agilis" 15 60 361 -2.69654646360587 0.00700626224466006 0.0886426592797784
"Cercocebus agilis" 15 75 218 NA NA 0.100917431192661
"Cercocebus agilis" 15 90 151 NA NA 0.139072847682119
"Cercocebus agilis" 15 105 73 NA NA 0.246575342465753
"Cercocebus agilis" 15 120 43 NA NA 0.372093023255814
"Cercocebus agilis" 15 135 41 NA NA 0.365853658536585
"Cercocebus agilis" 15 150 40 NA NA 0.375
"Cercocebus agilis" 15 165 39 NA NA 0.384615384615385
"Cercocebus agilis" 15 180 37 NA NA 0.378378378378378
"Cercocebus agilis" 15 195 33 NA NA 0.393939393939394
"Cercocebus agilis" 16 32 419 -2.95000825987522 0.00317765434062014 0.0644391408114559
"Cercocebus agilis" 16 48 397 -2.76244584470296 0.00573700782161901 0.0730478589420655
"Cercocebus agilis" 16 64 341 -2.83735106216348 0.00454895643998997 0.0879765395894428
"Cercocebus agilis" 16 80 180 NA NA 0.122222222222222
"Cercocebus agilis" 16 96 105 NA NA 0.171428571428571
"Cercocebus agilis" 16 112 45 NA NA 0.4
"Cercocebus agilis" 16 128 42 NA NA 0.357142857142857
"Cercocebus agilis" 16 144 40 NA NA 0.375
"Cercocebus agilis" 16 160 39 NA NA 0.384615384615385
"Cercocebus agilis" 16 176 37 NA NA 0.378378378378378
"Cercocebus agilis" 16 192 33 NA NA 0.393939393939394
"Cercocebus agilis" 17 34 415 -2.99525366440599 0.00274216692810052 0.0650602409638554
"Cercocebus agilis" 17 51 388 -2.75032067806108 0.00595369682908152 0.0747422680412371
"Cercocebus agilis" 17 68 296 -2.79372058837733 0.00521054782058148 0.097972972972973
"Cercocebus agilis" 17 85 166 NA NA 0.132530120481928
"Cercocebus agilis" 17 102 75 NA NA 0.24
"Cercocebus agilis" 17 119 43 NA NA 0.372093023255814
"Cercocebus agilis" 17 136 41 NA NA 0.365853658536585
"Cercocebus agilis" 17 153 40 NA NA 0.375
"Cercocebus agilis" 17 170 39 NA NA 0.384615384615385
"Cercocebus agilis" 17 187 34 NA NA 0.382352941176471
"Cercocebus agilis" 18 36 412 -3.08066219434481 0.00206540828696199 0.0679611650485437
"Cercocebus agilis" 18 54 381 -2.69673213016652 0.00700235735593303 0.078740157480315
"Cercocebus agilis" 18 72 249 -2.98140956906576 0.00286924773258627 0.104417670682731
"Cercocebus agilis" 18 90 151 NA NA 0.139072847682119
"Cercocebus agilis" 18 108 49 NA NA 0.387755102040816
"Cercocebus agilis" 18 126 43 NA NA 0.372093023255814
"Cercocebus agilis" 18 144 40 NA NA 0.375
"Cercocebus agilis" 18 162 39 NA NA 0.384615384615385
"Cercocebus agilis" 18 180 37 NA NA 0.378378378378378
"Cercocebus agilis" 18 198 33 NA NA 0.393939393939394
"Cercocebus agilis" 19 38 410 -3.00131392773142 0.00268817273292213 0.0682926829268293
"Cercocebus agilis" 19 57 370 -2.50931700791795 0.0120964872350553 0.0837837837837838
"Cercocebus agilis" 19 76 216 NA NA 0.101851851851852
"Cercocebus agilis" 19 95 127 NA NA 0.149606299212598
"Cercocebus agilis" 19 114 45 NA NA 0.4
"Cercocebus agilis" 19 133 41 NA NA 0.365853658536585
"Cercocebus agilis" 19 152 40 NA NA 0.375
"Cercocebus agilis" 19 171 39 NA NA 0.384615384615385
"Cercocebus agilis" 19 190 34 NA NA 0.382352941176471
"Cercocebus agilis" 20 40 408 -2.82243932034724 0.00476598401167362 0.0735294117647059
"Cercocebus agilis" 20 60 361 -2.77197101992842 0.00557179967773583 0.0886426592797784
"Cercocebus agilis" 20 80 180 NA NA 0.122222222222222
"Cercocebus agilis" 20 100 75 NA NA 0.24
"Cercocebus agilis" 20 120 43 NA NA 0.372093023255814
"Cercocebus agilis" 20 140 40 NA NA 0.375
"Cercocebus agilis" 20 160 39 NA NA 0.384615384615385
"Cercocebus agilis" 20 180 37 NA NA 0.378378378378378
"Cercocebus agilis" 20 200 33 NA NA 0.393939393939394
"Cercocebus agilis" 21 42 407 -2.62999494253655 0.00853861384339749 0.0761670761670762
"Cercocebus agilis" 21 63 349 -2.856774392086 0.00427969913385515 0.0888252148997135
"Cercocebus agilis" 21 84 166 NA NA 0.132530120481928
"Cercocebus agilis" 21 105 73 NA NA 0.246575342465753
"Cercocebus agilis" 21 126 43 NA NA 0.372093023255814
"Cercocebus agilis" 21 147 40 NA NA 0.375
"Cercocebus agilis" 21 168 39 NA NA 0.384615384615385
"Cercocebus agilis" 21 189 34 NA NA 0.382352941176471
"Cercocebus agilis" 22 44 403 -2.76831008370025 0.00563478156803482 0.0769230769230769
"Cercocebus agilis" 22 66 320 -2.4776549671489 0.0132248964731731 0.1
"Cercocebus agilis" 22 88 158 NA NA 0.132911392405063
"Cercocebus agilis" 22 110 47 NA NA 0.404255319148936
"Cercocebus agilis" 22 132 41 NA NA 0.365853658536585
"Cercocebus agilis" 22 154 39 NA NA 0.384615384615385
"Cercocebus agilis" 22 176 37 NA NA 0.378378378378378
"Cercocebus agilis" 22 198 33 NA NA 0.393939393939394
"Cercocebus agilis" 23 46 401 -2.77252131939602 0.00556238756982823 0.0773067331670823
"Cercocebus agilis" 23 69 283 -3.04480464641142 0.00232831490486127 0.0989399293286219
"Cercocebus agilis" 23 92 146 NA NA 0.136986301369863
"Cercocebus agilis" 23 115 44 NA NA 0.386363636363636
"Cercocebus agilis" 23 138 41 NA NA 0.365853658536585
"Cercocebus agilis" 23 161 39 NA NA 0.384615384615385
"Cercocebus agilis" 23 184 36 NA NA 0.388888888888889
"Cercocebus agilis" 24 48 397 -2.89134472249057 0.00383597100605983 0.0730478589420655
"Cercocebus agilis" 24 72 249 -2.98426229859688 0.00284262973025381 0.104417670682731
"Cercocebus agilis" 24 96 105 NA NA 0.171428571428571
"Cercocebus agilis" 24 120 43 NA NA 0.372093023255814
"Cercocebus agilis" 24 144 40 NA NA 0.375
"Cercocebus agilis" 24 168 39 NA NA 0.384615384615385
"Cercocebus agilis" 24 192 33 NA NA 0.393939393939394
"Cercocebus agilis" 25 50 391 NA NA 0.0741687979539642
"Cercocebus agilis" 25 75 218 NA NA 0.100917431192661
"Cercocebus agilis" 25 100 75 NA NA 0.24
"Cercocebus agilis" 25 125 43 NA NA 0.372093023255814
"Cercocebus agilis" 25 150 40 NA NA 0.375
"Cercocebus agilis" 25 175 37 NA NA 0.378378378378378
"Cercocebus agilis" 25 200 33 NA NA 0.393939393939394
"Cercocebus agilis" 26 52 386 -2.83827480328915 0.0045358113324013 0.0751295336787565
"Cercocebus agilis" 26 78 209 NA NA 0.105263157894737
"Cercocebus agilis" 26 104 75 NA NA 0.24
"Cercocebus agilis" 26 130 41 NA NA 0.365853658536585
"Cercocebus agilis" 26 156 39 NA NA 0.384615384615385
"Cercocebus agilis" 26 182 37 NA NA 0.378378378378378
"Cercocebus agilis" 27 54 381 -2.64894057625556 0.0080744527720478 0.078740157480315
"Cercocebus agilis" 27 81 176 NA NA 0.125
"Cercocebus agilis" 27 108 49 NA NA 0.387755102040816
"Cercocebus agilis" 27 135 41 NA NA 0.365853658536585
"Cercocebus agilis" 27 162 39 NA NA 0.384615384615385
"Cercocebus agilis" 27 189 34 NA NA 0.382352941176471
"Cercocebus agilis" 28 56 373 -2.64889646420102 0.00807550673476304 0.0804289544235925
"Cercocebus agilis" 28 84 166 NA NA 0.132530120481928
"Cercocebus agilis" 28 112 45 NA NA 0.4
"Cercocebus agilis" 28 140 40 NA NA 0.375
"Cercocebus agilis" 28 168 39 NA NA 0.384615384615385
"Cercocebus agilis" 28 196 33 NA NA 0.393939393939394
"Cercocebus agilis" 29 58 366 -2.64542357466786 0.00815887150717642 0.0846994535519126
"Cercocebus agilis" 29 87 163 NA NA 0.134969325153374
"Cercocebus agilis" 29 116 44 NA NA 0.386363636363636
"Cercocebus agilis" 29 145 40 NA NA 0.375
"Cercocebus agilis" 29 174 38 NA NA 0.368421052631579
"Cercocebus agilis" 30 60 361 -2.79829022328746 0.00513739285138627 0.0886426592797784
"Cercocebus agilis" 30 90 151 NA NA 0.139072847682119
"Cercocebus agilis" 30 120 43 NA NA 0.372093023255814
"Cercocebus agilis" 30 150 40 NA NA 0.375
"Cercocebus agilis" 30 180 37 NA NA 0.378378378378378
"Cercocebus agilis" 31 62 351 -2.88747861757641 0.00388343000326747 0.0883190883190883
"Cercocebus agilis" 31 93 142 NA NA 0.140845070422535
"Cercocebus agilis" 31 124 43 NA NA 0.372093023255814
"Cercocebus agilis" 31 155 39 NA NA 0.384615384615385
"Cercocebus agilis" 31 186 35 NA NA 0.4
"Cercocebus agilis" 32 64 341 -2.98972258573998 0.00279230919639043 0.0879765395894428
"Cercocebus agilis" 32 96 105 NA NA 0.171428571428571
"Cercocebus agilis" 32 128 42 NA NA 0.357142857142857
"Cercocebus agilis" 32 160 39 NA NA 0.384615384615385
"Cercocebus agilis" 32 192 33 NA NA 0.393939393939394
"Cercocebus agilis" 33 66 320 -2.55180927486661 0.0107165164707807 0.1
"Cercocebus agilis" 33 99 75 NA NA 0.24
"Cercocebus agilis" 33 132 41 NA NA 0.365853658536585
"Cercocebus agilis" 33 165 39 NA NA 0.384615384615385
"Cercocebus agilis" 33 198 33 NA NA 0.393939393939394
"Cercocebus agilis" 34 68 296 -2.86150867593602 0.00421629963606465 0.097972972972973
"Cercocebus agilis" 34 102 75 NA NA 0.24
"Cercocebus agilis" 34 136 41 NA NA 0.365853658536585
"Cercocebus agilis" 34 170 39 NA NA 0.384615384615385
"Cercocebus agilis" 35 70 272 -3.17321010807005 0.00150763376643113 0.102941176470588
"Cercocebus agilis" 35 105 73 NA NA 0.246575342465753
"Cercocebus agilis" 35 140 40 NA NA 0.375
"Cercocebus agilis" 35 175 37 NA NA 0.378378378378378
"Cercocebus agilis" 36 72 249 -3.04755704289507 0.00230709733402742 0.104417670682731
"Cercocebus agilis" 36 108 49 NA NA 0.387755102040816
"Cercocebus agilis" 36 144 40 NA NA 0.375
"Cercocebus agilis" 36 180 37 NA NA 0.378378378378378
"Cercocebus agilis" 37 74 225 NA NA 0.0977777777777778
"Cercocebus agilis" 37 111 45 NA NA 0.4
"Cercocebus agilis" 37 148 40 NA NA 0.375
"Cercocebus agilis" 37 185 35 NA NA 0.4
"Cercocebus agilis" 38 76 216 NA NA 0.101851851851852
"Cercocebus agilis" 38 114 45 NA NA 0.4
"Cercocebus agilis" 38 152 40 NA NA 0.375
"Cercocebus agilis" 38 190 34 NA NA 0.382352941176471
"Cercocebus agilis" 39 78 209 NA NA 0.105263157894737
"Cercocebus agilis" 39 117 43 NA NA 0.372093023255814
"Cercocebus agilis" 39 156 39 NA NA 0.384615384615385
"Cercocebus agilis" 39 195 33 NA NA 0.393939393939394
"Cercocebus agilis" 40 80 180 NA NA 0.122222222222222
"Cercocebus agilis" 40 120 43 NA NA 0.372093023255814
"Cercocebus agilis" 40 160 39 NA NA 0.384615384615385
"Cercocebus agilis" 40 200 33 NA NA 0.393939393939394
"Cercocebus agilis" 41 82 170 NA NA 0.135294117647059
"Cercocebus agilis" 41 123 43 NA NA 0.372093023255814
"Cercocebus agilis" 41 164 39 NA NA 0.384615384615385
"Cercocebus agilis" 42 84 166 NA NA 0.132530120481928
"Cercocebus agilis" 42 126 43 NA NA 0.372093023255814
"Cercocebus agilis" 42 168 39 NA NA 0.384615384615385
"Cercocebus agilis" 43 86 165 NA NA 0.133333333333333
"Cercocebus agilis" 43 129 42 NA NA 0.357142857142857
"Cercocebus agilis" 43 172 39 NA NA 0.384615384615385
"Cercocebus agilis" 44 88 158 NA NA 0.132911392405063
"Cercocebus agilis" 44 132 41 NA NA 0.365853658536585
"Cercocebus agilis" 44 176 37 NA NA 0.378378378378378
"Cercocebus agilis" 45 90 151 NA NA 0.139072847682119
"Cercocebus agilis" 45 135 41 NA NA 0.365853658536585
"Cercocebus agilis" 45 180 37 NA NA 0.378378378378378
"Cercocebus agilis" 46 92 146 NA NA 0.136986301369863
"Cercocebus agilis" 46 138 41 NA NA 0.365853658536585
"Cercocebus agilis" 46 184 36 NA NA 0.388888888888889
"Cercocebus agilis" 47 94 142 NA NA 0.140845070422535
"Cercocebus agilis" 47 141 40 NA NA 0.375
"Cercocebus agilis" 47 188 34 NA NA 0.382352941176471
"Cercocebus agilis" 48 96 105 NA NA 0.171428571428571
"Cercocebus agilis" 48 144 40 NA NA 0.375
"Cercocebus agilis" 48 192 33 NA NA 0.393939393939394
"Cercocebus agilis" 49 98 75 NA NA 0.24
"Cercocebus agilis" 49 147 40 NA NA 0.375
"Cercocebus agilis" 49 196 33 NA NA 0.393939393939394
"Cercocebus agilis" 50 100 75 NA NA 0.24
"Cercocebus agilis" 50 150 40 NA NA 0.375
"Cercocebus agilis" 50 200 33 NA NA 0.393939393939394
"Cercocebus agilis" 51 102 75 NA NA 0.24
"Cercocebus agilis" 51 153 40 NA NA 0.375
"Cercocebus agilis" 52 104 75 NA NA 0.24
"Cercocebus agilis" 52 156 39 NA NA 0.384615384615385
"Cercocebus agilis" 53 106 61 NA NA 0.295081967213115
"Cercocebus agilis" 53 159 39 NA NA 0.384615384615385
"Cercocebus agilis" 54 108 49 NA NA 0.387755102040816
"Cercocebus agilis" 54 162 39 NA NA 0.384615384615385
"Cercocebus agilis" 55 110 47 NA NA 0.404255319148936
"Cercocebus agilis" 55 165 39 NA NA 0.384615384615385
"Cercocebus agilis" 56 112 45 NA NA 0.4
"Cercocebus agilis" 56 168 39 NA NA 0.384615384615385
"Cercocebus agilis" 57 114 45 NA NA 0.4
"Cercocebus agilis" 57 171 39 NA NA 0.384615384615385
"Cercocebus agilis" 58 116 44 NA NA 0.386363636363636
"Cercocebus agilis" 58 174 38 NA NA 0.368421052631579
"Cercocebus agilis" 59 118 43 NA NA 0.372093023255814
"Cercocebus agilis" 59 177 37 NA NA 0.378378378378378
"Cercocebus agilis" 60 120 43 NA NA 0.372093023255814
"Cercocebus agilis" 60 180 37 NA NA 0.378378378378378
"Cercocebus agilis" 61 122 43 NA NA 0.372093023255814
"Cercocebus agilis" 61 183 37 NA NA 0.378378378378378
"Cercocebus agilis" 62 124 43 NA NA 0.372093023255814
"Cercocebus agilis" 62 186 35 NA NA 0.4
"Cercocebus agilis" 63 126 43 NA NA 0.372093023255814
"Cercocebus agilis" 63 189 34 NA NA 0.382352941176471
"Cercocebus agilis" 64 128 42 NA NA 0.357142857142857
"Cercocebus agilis" 64 192 33 NA NA 0.393939393939394
"Cercocebus agilis" 65 130 41 NA NA 0.365853658536585
"Cercocebus agilis" 65 195 33 NA NA 0.393939393939394
"Cercocebus agilis" 66 132 41 NA NA 0.365853658536585
"Cercocebus agilis" 66 198 33 NA NA 0.393939393939394
"Cercocebus agilis" 67 134 41 NA NA 0.365853658536585
"Cercocebus agilis" 68 136 41 NA NA 0.365853658536585
"Cercocebus agilis" 69 138 41 NA NA 0.365853658536585
"Cercocebus agilis" 70 140 40 NA NA 0.375
"Cercocebus agilis" 71 142 40 NA NA 0.375
"Cercocebus agilis" 72 144 40 NA NA 0.375
"Cercocebus agilis" 73 146 40 NA NA 0.375
"Cercocebus agilis" 74 148 40 NA NA 0.375
"Cercocebus agilis" 75 150 40 NA NA 0.375
"Cercocebus agilis" 76 152 40 NA NA 0.375
"Cercocebus agilis" 77 154 39 NA NA 0.384615384615385
"Cercocebus agilis" 78 156 39 NA NA 0.384615384615385
"Cercocebus agilis" 79 158 39 NA NA 0.384615384615385
"Cercocebus agilis" 80 160 39 NA NA 0.384615384615385
"Cercocebus agilis" 81 162 39 NA NA 0.384615384615385
"Cercocebus agilis" 82 164 39 NA NA 0.384615384615385
"Cercocebus agilis" 83 166 39 NA NA 0.384615384615385
"Cercocebus agilis" 84 168 39 NA NA 0.384615384615385
"Cercocebus agilis" 85 170 39 NA NA 0.384615384615385
"Cercocebus agilis" 86 172 39 NA NA 0.384615384615385
"Cercocebus agilis" 87 174 38 NA NA 0.368421052631579
"Cercocebus agilis" 88 176 37 NA NA 0.378378378378378
"Cercocebus agilis" 89 178 37 NA NA 0.378378378378378
"Cercocebus agilis" 90 180 37 NA NA 0.378378378378378
"Cercocebus agilis" 91 182 37 NA NA 0.378378378378378
"Cercocebus agilis" 92 184 36 NA NA 0.388888888888889
"Cercocebus agilis" 93 186 35 NA NA 0.4
"Cercocebus agilis" 94 188 34 NA NA 0.382352941176471
"Cercocebus agilis" 95 190 34 NA NA 0.382352941176471
"Cercocebus agilis" 96 192 33 NA NA 0.393939393939394
"Cercocebus agilis" 97 194 33 NA NA 0.393939393939394
"Cercocebus agilis" 98 196 33 NA NA 0.393939393939394
"Cercocebus agilis" 99 198 33 NA NA 0.393939393939394
"Cercocebus agilis" 100 200 33 NA NA 0.393939393939394
