"species" "time_interval" "study_duration" "n_cams" "z" "P" "p_presence"
"Loxodonta cyclotis" 1 2 454 -0.214314972978968 0.830301442545163 0.0286343612334802
"Loxodonta cyclotis" 1 3 454 -0.919523889302529 0.357821616123996 0.0352422907488987
"Loxodonta cyclotis" 1 4 452 -1.24159091949863 0.21438753378319 0.0398230088495575
"Loxodonta cyclotis" 1 5 450 -1.85763303013885 0.0632211446563069 0.0533333333333333
"Loxodonta cyclotis" 1 6 449 -2.19348126198967 0.0282727231822414 0.0645879732739421
"Loxodonta cyclotis" 1 7 447 -2.48175015007167 0.013073890933796 0.0805369127516778
"Loxodonta cyclotis" 1 8 447 -2.84799781795535 0.00439952262165112 0.0939597315436242
"Loxodonta cyclotis" 1 9 447 -3.28808582800326 0.00100871082683754 0.114093959731544
"Loxodonta cyclotis" 1 10 445 -3.39902301749353 0.000676270247443855 0.11685393258427
"Loxodonta cyclotis" 1 11 440 -3.57753760156243 0.000346846335956867 0.122727272727273
"Loxodonta cyclotis" 1 12 439 -3.69604641386853 0.000218982955903683 0.125284738041002
"Loxodonta cyclotis" 1 13 438 -3.99090954065739 6.5820383789524e-05 0.134703196347032
"Loxodonta cyclotis" 1 14 436 -4.1632352366173 3.13769813414071e-05 0.139908256880734
"Loxodonta cyclotis" 1 15 436 -4.2456622463237 2.17948731596022e-05 0.142201834862385
"Loxodonta cyclotis" 1 16 435 -4.56209817304232 5.06449553385642e-06 0.151724137931034
"Loxodonta cyclotis" 1 17 435 -4.69553322207953 2.65912143632657e-06 0.160919540229885
"Loxodonta cyclotis" 1 18 434 -4.73227090776711 2.2202182059311e-06 0.168202764976959
"Loxodonta cyclotis" 1 19 432 -5.01154883004773 5.39936781062016e-07 0.175925925925926
"Loxodonta cyclotis" 1 20 430 -5.27120139587815 1.35533649448405e-07 0.183720930232558
"Loxodonta cyclotis" 1 21 429 -5.23315366120417 1.66642093609453e-07 0.191142191142191
"Loxodonta cyclotis" 1 22 427 -5.24010466094791 1.60485550666431e-07 0.201405152224824
"Loxodonta cyclotis" 1 23 426 -5.22193317310696 1.77064871787023e-07 0.208920187793427
"Loxodonta cyclotis" 1 24 425 -5.41466987820017 6.14018839500196e-08 0.218823529411765
"Loxodonta cyclotis" 1 25 423 -5.42656117274343 5.74501412580268e-08 0.222222222222222
"Loxodonta cyclotis" 1 26 422 -5.49751608780678 3.85178184525271e-08 0.229857819905213
"Loxodonta cyclotis" 1 27 422 -5.81307021965596 6.13373163279103e-09 0.241706161137441
"Loxodonta cyclotis" 1 28 422 -5.58460680792409 2.34229531522233e-08 0.253554502369668
"Loxodonta cyclotis" 1 29 422 -5.4131106912619 6.193917386964e-08 0.26303317535545
"Loxodonta cyclotis" 1 30 420 -5.9045319772771 3.5364927413175e-09 0.285714285714286
"Loxodonta cyclotis" 1 31 419 -5.75437901136798 8.69608588454372e-09 0.288782816229117
"Loxodonta cyclotis" 1 32 419 -5.731023998166 9.98261404539492e-09 0.295942720763723
"Loxodonta cyclotis" 1 33 415 -6.08825233423514 1.14149863284756e-09 0.296385542168675
"Loxodonta cyclotis" 1 34 415 -6.19540183186503 5.81365181288712e-10 0.298795180722892
"Loxodonta cyclotis" 1 35 413 -6.1589983601954 7.32064847016716e-10 0.300242130750605
"Loxodonta cyclotis" 1 36 412 -6.33550587996125 2.36563792610397e-10 0.305825242718447
"Loxodonta cyclotis" 1 37 410 -6.07827096624331 1.21485343323999e-09 0.302439024390244
"Loxodonta cyclotis" 1 38 410 -6.32732952037154 2.49440310397902e-10 0.314634146341463
"Loxodonta cyclotis" 1 39 409 -6.48659000611275 8.78008370664805e-11 0.317848410757946
"Loxodonta cyclotis" 1 40 408 -6.66941519051322 2.5682474018946e-11 0.330882352941176
"Loxodonta cyclotis" 1 41 407 -6.64619306761281 3.0077068572535e-11 0.339066339066339
"Loxodonta cyclotis" 1 42 407 -6.59178501799262 4.34569570034879e-11 0.341523341523342
"Loxodonta cyclotis" 1 43 405 -6.70154287876938 2.06230320467879e-11 0.348148148148148
"Loxodonta cyclotis" 1 44 403 -6.93725776287998 3.99784002608129e-12 0.354838709677419
"Loxodonta cyclotis" 1 45 402 -7.02265104207307 2.17697455176433e-12 0.355721393034826
"Loxodonta cyclotis" 1 46 401 -7.17943450209836 7.0000348236417e-13 0.361596009975062
"Loxodonta cyclotis" 1 47 398 -7.53481780417336 4.89017126005471e-14 0.35929648241206
"Loxodonta cyclotis" 1 48 397 -7.50856119838949 5.97807391374749e-14 0.365239294710327
"Loxodonta cyclotis" 1 49 395 -7.71235911551652 1.23512993083706e-14 0.369620253164557
"Loxodonta cyclotis" 1 50 391 -7.76353230562247 8.25960715589461e-15 0.373401534526854
"Loxodonta cyclotis" 1 51 388 -7.9496302915162 1.87068944182877e-15 0.376288659793814
"Loxodonta cyclotis" 1 52 386 -7.95094731229253 1.85090658552445e-15 0.375647668393782
"Loxodonta cyclotis" 1 53 382 -8.18558903401258 2.70974963679533e-16 0.37696335078534
"Loxodonta cyclotis" 1 54 381 -7.99694044978843 1.27548887401624e-15 0.385826771653543
"Loxodonta cyclotis" 1 55 376 -7.98037854617281 1.45885185543861e-15 0.388297872340426
"Loxodonta cyclotis" 1 56 373 -7.98443454078466 1.41167908359593e-15 0.39142091152815
"Loxodonta cyclotis" 1 57 370 -8.10034726489712 5.48025272424622e-16 0.394594594594595
"Loxodonta cyclotis" 1 58 366 -8.14078929199295 3.92709311837862e-16 0.396174863387978
"Loxodonta cyclotis" 1 59 364 -8.22611175147826 1.93388598916499e-16 0.395604395604396
"Loxodonta cyclotis" 1 60 361 -8.2411353108608 1.70584176724777e-16 0.401662049861496
"Loxodonta cyclotis" 1 61 356 -8.44347292267247 3.08045748669415e-17 0.401685393258427
"Loxodonta cyclotis" 1 62 351 -8.43131292615602 3.41808374524904e-17 0.407407407407407
"Loxodonta cyclotis" 1 63 349 -8.36364431868325 6.08100617246211e-17 0.415472779369628
"Loxodonta cyclotis" 1 64 341 -7.98438962387978 1.41219316474058e-15 0.428152492668622
"Loxodonta cyclotis" 1 65 327 -7.33404018574426 2.2331608772235e-13 0.44954128440367
"Loxodonta cyclotis" 1 66 320 -7.26189222812786 3.81712287438374e-13 0.459375
"Loxodonta cyclotis" 1 67 304 -5.74886037759619 8.98469723170400e-09 0.476973684210526
"Loxodonta cyclotis" 1 68 296 -5.70615403767969 1.15557429211785e-08 0.47972972972973
"Loxodonta cyclotis" 1 69 283 -6.18231902297042 6.31667082221307e-10 0.477031802120141
"Loxodonta cyclotis" 1 70 272 -5.92264651805069 3.16801328184907e-09 0.481617647058824
"Loxodonta cyclotis" 1 71 268 -5.90046140106068 3.62486418039254e-09 0.48134328358209
"Loxodonta cyclotis" 1 72 249 -6.01104985536444 1.84325704274488e-09 0.453815261044177
"Loxodonta cyclotis" 1 73 231 NA NA 0.441558441558442
"Loxodonta cyclotis" 1 74 225 NA NA 0.444444444444444
"Loxodonta cyclotis" 1 75 218 NA NA 0.440366972477064
"Loxodonta cyclotis" 1 76 216 NA NA 0.439814814814815
"Loxodonta cyclotis" 1 77 211 NA NA 0.440758293838863
"Loxodonta cyclotis" 1 78 209 NA NA 0.444976076555024
"Loxodonta cyclotis" 1 79 195 NA NA 0.466666666666667
"Loxodonta cyclotis" 1 80 180 NA NA 0.466666666666667
"Loxodonta cyclotis" 1 81 176 NA NA 0.471590909090909
"Loxodonta cyclotis" 1 82 170 NA NA 0.470588235294118
"Loxodonta cyclotis" 1 83 166 NA NA 0.487951807228916
"Loxodonta cyclotis" 1 84 166 NA NA 0.487951807228916
"Loxodonta cyclotis" 1 85 166 NA NA 0.493975903614458
"Loxodonta cyclotis" 1 86 165 NA NA 0.509090909090909
"Loxodonta cyclotis" 1 87 163 NA NA 0.515337423312883
"Loxodonta cyclotis" 1 88 158 NA NA 0.506329113924051
"Loxodonta cyclotis" 1 89 153 NA NA 0.496732026143791
"Loxodonta cyclotis" 1 90 151 NA NA 0.490066225165563
"Loxodonta cyclotis" 1 91 150 NA NA 0.493333333333333
"Loxodonta cyclotis" 1 92 146 NA NA 0.493150684931507
"Loxodonta cyclotis" 1 93 142 NA NA 0.5
"Loxodonta cyclotis" 1 94 142 NA NA 0.5
"Loxodonta cyclotis" 1 95 127 NA NA 0.511811023622047
"Loxodonta cyclotis" 1 96 105 NA NA 0.533333333333333
"Loxodonta cyclotis" 1 97 89 NA NA 0.49438202247191
"Loxodonta cyclotis" 1 98 75 NA NA 0.466666666666667
"Loxodonta cyclotis" 1 99 75 NA NA 0.466666666666667
"Loxodonta cyclotis" 1 100 75 NA NA 0.466666666666667
"Loxodonta cyclotis" 1 101 75 NA NA 0.466666666666667
"Loxodonta cyclotis" 1 102 75 NA NA 0.466666666666667
"Loxodonta cyclotis" 1 103 75 NA NA 0.466666666666667
"Loxodonta cyclotis" 1 104 75 NA NA 0.466666666666667
"Loxodonta cyclotis" 1 105 73 NA NA 0.465753424657534
"Loxodonta cyclotis" 1 106 61 NA NA 0.491803278688525
"Loxodonta cyclotis" 1 107 56 NA NA 0.482142857142857
"Loxodonta cyclotis" 1 108 49 NA NA 0.530612244897959
"Loxodonta cyclotis" 1 109 48 NA NA 0.541666666666667
"Loxodonta cyclotis" 1 110 47 NA NA 0.531914893617021
"Loxodonta cyclotis" 1 111 45 NA NA 0.511111111111111
"Loxodonta cyclotis" 1 112 45 NA NA 0.511111111111111
"Loxodonta cyclotis" 1 113 45 NA NA 0.511111111111111
"Loxodonta cyclotis" 1 114 45 NA NA 0.511111111111111
"Loxodonta cyclotis" 1 115 44 NA NA 0.5
"Loxodonta cyclotis" 1 116 44 NA NA 0.5
"Loxodonta cyclotis" 1 117 43 NA NA 0.488372093023256
"Loxodonta cyclotis" 1 118 43 NA NA 0.488372093023256
"Loxodonta cyclotis" 1 119 43 NA NA 0.488372093023256
"Loxodonta cyclotis" 1 120 43 NA NA 0.488372093023256
"Loxodonta cyclotis" 1 121 43 NA NA 0.488372093023256
"Loxodonta cyclotis" 1 122 43 NA NA 0.488372093023256
"Loxodonta cyclotis" 1 123 43 NA NA 0.488372093023256
"Loxodonta cyclotis" 1 124 43 NA NA 0.488372093023256
"Loxodonta cyclotis" 1 125 43 NA NA 0.488372093023256
"Loxodonta cyclotis" 1 126 43 NA NA 0.488372093023256
"Loxodonta cyclotis" 1 127 43 NA NA 0.488372093023256
"Loxodonta cyclotis" 1 128 42 NA NA 0.476190476190476
"Loxodonta cyclotis" 1 129 42 NA NA 0.476190476190476
"Loxodonta cyclotis" 1 130 41 NA NA 0.463414634146341
"Loxodonta cyclotis" 1 131 41 NA NA 0.463414634146341
"Loxodonta cyclotis" 1 132 41 NA NA 0.463414634146341
"Loxodonta cyclotis" 1 133 41 NA NA 0.463414634146341
"Loxodonta cyclotis" 1 134 41 NA NA 0.463414634146341
"Loxodonta cyclotis" 1 135 41 NA NA 0.463414634146341
"Loxodonta cyclotis" 1 136 41 NA NA 0.463414634146341
"Loxodonta cyclotis" 1 137 41 NA NA 0.463414634146341
"Loxodonta cyclotis" 1 138 41 NA NA 0.463414634146341
"Loxodonta cyclotis" 1 139 40 NA NA 0.45
"Loxodonta cyclotis" 1 140 40 NA NA 0.45
"Loxodonta cyclotis" 1 141 40 NA NA 0.45
"Loxodonta cyclotis" 1 142 40 NA NA 0.45
"Loxodonta cyclotis" 1 143 40 NA NA 0.45
"Loxodonta cyclotis" 1 144 40 NA NA 0.45
"Loxodonta cyclotis" 1 145 40 NA NA 0.45
"Loxodonta cyclotis" 1 146 40 NA NA 0.45
"Loxodonta cyclotis" 1 147 40 NA NA 0.45
"Loxodonta cyclotis" 1 148 40 NA NA 0.45
"Loxodonta cyclotis" 1 149 40 NA NA 0.45
"Loxodonta cyclotis" 1 150 40 NA NA 0.45
"Loxodonta cyclotis" 1 151 40 NA NA 0.45
"Loxodonta cyclotis" 1 152 40 NA NA 0.45
"Loxodonta cyclotis" 1 153 40 NA NA 0.45
"Loxodonta cyclotis" 1 154 39 NA NA 0.461538461538462
"Loxodonta cyclotis" 1 155 39 NA NA 0.461538461538462
"Loxodonta cyclotis" 1 156 39 NA NA 0.461538461538462
"Loxodonta cyclotis" 1 157 39 NA NA 0.461538461538462
"Loxodonta cyclotis" 1 158 39 NA NA 0.461538461538462
"Loxodonta cyclotis" 1 159 39 NA NA 0.461538461538462
"Loxodonta cyclotis" 1 160 39 NA NA 0.461538461538462
"Loxodonta cyclotis" 1 161 39 NA NA 0.461538461538462
"Loxodonta cyclotis" 1 162 39 NA NA 0.461538461538462
"Loxodonta cyclotis" 1 163 39 NA NA 0.461538461538462
"Loxodonta cyclotis" 1 164 39 NA NA 0.461538461538462
"Loxodonta cyclotis" 1 165 39 NA NA 0.461538461538462
"Loxodonta cyclotis" 1 166 39 NA NA 0.461538461538462
"Loxodonta cyclotis" 1 167 39 NA NA 0.461538461538462
"Loxodonta cyclotis" 1 168 39 NA NA 0.461538461538462
"Loxodonta cyclotis" 1 169 39 NA NA 0.461538461538462
"Loxodonta cyclotis" 1 170 39 NA NA 0.461538461538462
"Loxodonta cyclotis" 1 171 39 NA NA 0.461538461538462
"Loxodonta cyclotis" 1 172 39 NA NA 0.461538461538462
"Loxodonta cyclotis" 1 173 38 NA NA 0.473684210526316
"Loxodonta cyclotis" 1 174 38 NA NA 0.473684210526316
"Loxodonta cyclotis" 1 175 37 NA NA 0.486486486486487
"Loxodonta cyclotis" 1 176 37 NA NA 0.486486486486487
"Loxodonta cyclotis" 1 177 37 NA NA 0.486486486486487
"Loxodonta cyclotis" 1 178 37 NA NA 0.486486486486487
"Loxodonta cyclotis" 1 179 37 NA NA 0.486486486486487
"Loxodonta cyclotis" 1 180 37 NA NA 0.486486486486487
"Loxodonta cyclotis" 1 181 37 NA NA 0.486486486486487
"Loxodonta cyclotis" 1 182 37 NA NA 0.486486486486487
"Loxodonta cyclotis" 1 183 37 NA NA 0.486486486486487
"Loxodonta cyclotis" 1 184 36 NA NA 0.5
"Loxodonta cyclotis" 1 185 35 NA NA 0.485714285714286
"Loxodonta cyclotis" 1 186 35 NA NA 0.485714285714286
"Loxodonta cyclotis" 1 187 34 NA NA 0.470588235294118
"Loxodonta cyclotis" 1 188 34 NA NA 0.470588235294118
"Loxodonta cyclotis" 1 189 34 NA NA 0.470588235294118
"Loxodonta cyclotis" 1 190 34 NA NA 0.470588235294118
"Loxodonta cyclotis" 1 191 33 NA NA 0.484848484848485
"Loxodonta cyclotis" 1 192 33 NA NA 0.484848484848485
"Loxodonta cyclotis" 1 193 33 NA NA 0.484848484848485
"Loxodonta cyclotis" 1 194 33 NA NA 0.484848484848485
"Loxodonta cyclotis" 1 195 33 NA NA 0.484848484848485
"Loxodonta cyclotis" 1 196 33 NA NA 0.484848484848485
"Loxodonta cyclotis" 1 197 33 NA NA 0.484848484848485
"Loxodonta cyclotis" 1 198 33 NA NA 0.484848484848485
"Loxodonta cyclotis" 1 199 33 NA NA 0.484848484848485
"Loxodonta cyclotis" 1 200 33 NA NA 0.484848484848485
"Loxodonta cyclotis" 2 4 452 -1.30175027072923 0.193001768570835 0.0398230088495575
"Loxodonta cyclotis" 2 6 449 -2.22146892550885 0.0263192171506648 0.0645879732739421
"Loxodonta cyclotis" 2 8 447 -2.93042456364535 0.00338499169694276 0.0939597315436242
"Loxodonta cyclotis" 2 10 445 -3.49200905218427 0.000479402000121677 0.11685393258427
"Loxodonta cyclotis" 2 12 439 -3.76859064268233 0.000164171869396394 0.125284738041002
"Loxodonta cyclotis" 2 14 436 -4.23891358210207 2.24604091247633e-05 0.139908256880734
"Loxodonta cyclotis" 2 16 435 -4.60128618691065 4.1989003663934e-06 0.151724137931034
"Loxodonta cyclotis" 2 18 434 -4.78588558991909 1.7023501601041e-06 0.168202764976959
"Loxodonta cyclotis" 2 20 430 -5.30688536887875 1.11514256611841e-07 0.183720930232558
"Loxodonta cyclotis" 2 22 427 -5.2701519871239 1.3631084052374e-07 0.201405152224824
"Loxodonta cyclotis" 2 24 425 -5.44930410554639 5.05672856390239e-08 0.218823529411765
"Loxodonta cyclotis" 2 26 422 -5.54927887411561 2.86850306096589e-08 0.229857819905213
"Loxodonta cyclotis" 2 28 422 -5.6098356123087 2.0251889326554e-08 0.253554502369668
"Loxodonta cyclotis" 2 30 420 -5.91857886652107 3.24735280843496e-09 0.285714285714286
"Loxodonta cyclotis" 2 32 419 -5.71574641466797 1.09223517685838e-08 0.295942720763723
"Loxodonta cyclotis" 2 34 415 -6.09806080944816 1.07362907329639e-09 0.298795180722892
"Loxodonta cyclotis" 2 36 412 -6.23073201806536 4.64260683065994e-10 0.305825242718447
"Loxodonta cyclotis" 2 38 410 -6.25673755825588 3.93114113395503e-10 0.314634146341463
"Loxodonta cyclotis" 2 40 408 -6.61346510237373 3.75426534800771e-11 0.330882352941176
"Loxodonta cyclotis" 2 42 407 -6.51679922646296 7.18234561526718e-11 0.341523341523342
"Loxodonta cyclotis" 2 44 403 -6.80722564167623 9.94988129821859e-12 0.354838709677419
"Loxodonta cyclotis" 2 46 401 -7.02714507090791 2.10802165007275e-12 0.361596009975062
"Loxodonta cyclotis" 2 48 397 -7.29707994228895 2.94080082847205e-13 0.365239294710327
"Loxodonta cyclotis" 2 50 391 -7.5164393656809 5.62881680026472e-14 0.373401534526854
"Loxodonta cyclotis" 2 52 386 -7.70557081945605 1.30259713783645e-14 0.375647668393782
"Loxodonta cyclotis" 2 54 381 -7.72928011194348 1.08156452688539e-14 0.385826771653543
"Loxodonta cyclotis" 2 56 373 -7.71126267911257 1.24578946276159e-14 0.39142091152815
"Loxodonta cyclotis" 2 58 366 -7.84009467489685 4.50206861202031e-15 0.396174863387978
"Loxodonta cyclotis" 2 60 361 -7.90559446232062 2.66657968940196e-15 0.401662049861496
"Loxodonta cyclotis" 2 62 351 -8.1145266536707 4.87681989721364e-16 0.407407407407407
"Loxodonta cyclotis" 2 64 341 -7.67860552759339 1.60829642647327e-14 0.428152492668622
"Loxodonta cyclotis" 2 66 320 -7.0426414951985 1.88629120269238e-12 0.459375
"Loxodonta cyclotis" 2 68 296 -5.59463715152155 2.21083643697499e-08 0.47972972972973
"Loxodonta cyclotis" 2 70 272 -5.70430966421366 1.16815542449844e-08 0.481617647058824
"Loxodonta cyclotis" 2 72 249 -5.80875539819463 6.29389622910476e-09 0.453815261044177
"Loxodonta cyclotis" 2 74 225 NA NA 0.444444444444444
"Loxodonta cyclotis" 2 76 216 NA NA 0.439814814814815
"Loxodonta cyclotis" 2 78 209 NA NA 0.444976076555024
"Loxodonta cyclotis" 2 80 180 NA NA 0.466666666666667
"Loxodonta cyclotis" 2 82 170 NA NA 0.470588235294118
"Loxodonta cyclotis" 2 84 166 NA NA 0.487951807228916
"Loxodonta cyclotis" 2 86 165 NA NA 0.509090909090909
"Loxodonta cyclotis" 2 88 158 NA NA 0.506329113924051
"Loxodonta cyclotis" 2 90 151 NA NA 0.490066225165563
"Loxodonta cyclotis" 2 92 146 NA NA 0.493150684931507
"Loxodonta cyclotis" 2 94 142 NA NA 0.5
"Loxodonta cyclotis" 2 96 105 NA NA 0.533333333333333
"Loxodonta cyclotis" 2 98 75 NA NA 0.466666666666667
"Loxodonta cyclotis" 2 100 75 NA NA 0.466666666666667
"Loxodonta cyclotis" 2 102 75 NA NA 0.466666666666667
"Loxodonta cyclotis" 2 104 75 NA NA 0.466666666666667
"Loxodonta cyclotis" 2 106 61 NA NA 0.491803278688525
"Loxodonta cyclotis" 2 108 49 NA NA 0.530612244897959
"Loxodonta cyclotis" 2 110 47 NA NA 0.531914893617021
"Loxodonta cyclotis" 2 112 45 NA NA 0.511111111111111
"Loxodonta cyclotis" 2 114 45 NA NA 0.511111111111111
"Loxodonta cyclotis" 2 116 44 NA NA 0.5
"Loxodonta cyclotis" 2 118 43 NA NA 0.488372093023256
"Loxodonta cyclotis" 2 120 43 NA NA 0.488372093023256
"Loxodonta cyclotis" 2 122 43 NA NA 0.488372093023256
"Loxodonta cyclotis" 2 124 43 NA NA 0.488372093023256
"Loxodonta cyclotis" 2 126 43 NA NA 0.488372093023256
"Loxodonta cyclotis" 2 128 42 NA NA 0.476190476190476
"Loxodonta cyclotis" 2 130 41 NA NA 0.463414634146341
"Loxodonta cyclotis" 2 132 41 NA NA 0.463414634146341
"Loxodonta cyclotis" 2 134 41 NA NA 0.463414634146341
"Loxodonta cyclotis" 2 136 41 NA NA 0.463414634146341
"Loxodonta cyclotis" 2 138 41 NA NA 0.463414634146341
"Loxodonta cyclotis" 2 140 40 NA NA 0.45
"Loxodonta cyclotis" 2 142 40 NA NA 0.45
"Loxodonta cyclotis" 2 144 40 NA NA 0.45
"Loxodonta cyclotis" 2 146 40 NA NA 0.45
"Loxodonta cyclotis" 2 148 40 NA NA 0.45
"Loxodonta cyclotis" 2 150 40 NA NA 0.45
"Loxodonta cyclotis" 2 152 40 NA NA 0.45
"Loxodonta cyclotis" 2 154 39 NA NA 0.461538461538462
"Loxodonta cyclotis" 2 156 39 NA NA 0.461538461538462
"Loxodonta cyclotis" 2 158 39 NA NA 0.461538461538462
"Loxodonta cyclotis" 2 160 39 NA NA 0.461538461538462
"Loxodonta cyclotis" 2 162 39 NA NA 0.461538461538462
"Loxodonta cyclotis" 2 164 39 NA NA 0.461538461538462
"Loxodonta cyclotis" 2 166 39 NA NA 0.461538461538462
"Loxodonta cyclotis" 2 168 39 NA NA 0.461538461538462
"Loxodonta cyclotis" 2 170 39 NA NA 0.461538461538462
"Loxodonta cyclotis" 2 172 39 NA NA 0.461538461538462
"Loxodonta cyclotis" 2 174 38 NA NA 0.473684210526316
"Loxodonta cyclotis" 2 176 37 NA NA 0.486486486486487
"Loxodonta cyclotis" 2 178 37 NA NA 0.486486486486487
"Loxodonta cyclotis" 2 180 37 NA NA 0.486486486486487
"Loxodonta cyclotis" 2 182 37 NA NA 0.486486486486487
"Loxodonta cyclotis" 2 184 36 NA NA 0.5
"Loxodonta cyclotis" 2 186 35 NA NA 0.485714285714286
"Loxodonta cyclotis" 2 188 34 NA NA 0.470588235294118
"Loxodonta cyclotis" 2 190 34 NA NA 0.470588235294118
"Loxodonta cyclotis" 2 192 33 NA NA 0.484848484848485
"Loxodonta cyclotis" 2 194 33 NA NA 0.484848484848485
"Loxodonta cyclotis" 2 196 33 NA NA 0.484848484848485
"Loxodonta cyclotis" 2 198 33 NA NA 0.484848484848485
"Loxodonta cyclotis" 2 200 33 NA NA 0.484848484848485
"Loxodonta cyclotis" 3 6 449 -2.21678319109853 0.0266379106891189 0.0645879732739421
"Loxodonta cyclotis" 3 9 447 -3.32284533962623 0.000891043022303707 0.114093959731544
"Loxodonta cyclotis" 3 12 439 -3.69570935470056 0.000219273706489435 0.125284738041002
"Loxodonta cyclotis" 3 15 436 -4.291110200205 1.77782056244961e-05 0.142201834862385
"Loxodonta cyclotis" 3 18 434 -4.80768600743468 1.52687331212092e-06 0.168202764976959
"Loxodonta cyclotis" 3 21 429 -5.30875462218262 1.10376810317153e-07 0.191142191142191
"Loxodonta cyclotis" 3 24 425 -5.48506754100372 4.13311473463217e-08 0.218823529411765
"Loxodonta cyclotis" 3 27 422 -5.90241023024257 3.5822904984792e-09 0.241706161137441
"Loxodonta cyclotis" 3 30 420 -5.97008233544314 2.37133886444442e-09 0.285714285714286
"Loxodonta cyclotis" 3 33 415 -6.03326358223179 1.60681003736099e-09 0.296385542168675
"Loxodonta cyclotis" 3 36 412 -6.22531339927544 4.8059434668832e-10 0.305825242718447
"Loxodonta cyclotis" 3 39 409 -6.42929687495492 1.28195539307952e-10 0.317848410757946
"Loxodonta cyclotis" 3 42 407 -6.53934233803062 6.17899412303439e-11 0.341523341523342
"Loxodonta cyclotis" 3 45 402 -6.87457583621912 6.21745760714985e-12 0.355721393034826
"Loxodonta cyclotis" 3 48 397 -7.22841414463936 4.88666601810193e-13 0.365239294710327
"Loxodonta cyclotis" 3 51 388 -7.612676934825 2.68476282457645e-14 0.376288659793814
"Loxodonta cyclotis" 3 54 381 -7.61807076475859 2.57495132045192e-14 0.385826771653543
"Loxodonta cyclotis" 3 57 370 -7.71736598875125 1.18758284076898e-14 0.394594594594595
"Loxodonta cyclotis" 3 60 361 -7.78376049856622 7.03999745454112e-15 0.401662049861496
"Loxodonta cyclotis" 3 63 349 -7.95476231616271 1.79475726265002e-15 0.415472779369628
"Loxodonta cyclotis" 3 66 320 -7.00556071910604 2.4599861819296e-12 0.459375
"Loxodonta cyclotis" 3 69 283 -5.84884704984177 4.9499197593538e-09 0.477031802120141
"Loxodonta cyclotis" 3 72 249 -5.68745662806694 1.28945337107729e-08 0.453815261044177
"Loxodonta cyclotis" 3 75 218 NA NA 0.440366972477064
"Loxodonta cyclotis" 3 78 209 NA NA 0.444976076555024
"Loxodonta cyclotis" 3 81 176 NA NA 0.471590909090909
"Loxodonta cyclotis" 3 84 166 NA NA 0.487951807228916
"Loxodonta cyclotis" 3 87 163 NA NA 0.515337423312883
"Loxodonta cyclotis" 3 90 151 NA NA 0.490066225165563
"Loxodonta cyclotis" 3 93 142 NA NA 0.5
"Loxodonta cyclotis" 3 96 105 NA NA 0.533333333333333
"Loxodonta cyclotis" 3 99 75 NA NA 0.466666666666667
"Loxodonta cyclotis" 3 102 75 NA NA 0.466666666666667
"Loxodonta cyclotis" 3 105 73 NA NA 0.465753424657534
"Loxodonta cyclotis" 3 108 49 NA NA 0.530612244897959
"Loxodonta cyclotis" 3 111 45 NA NA 0.511111111111111
"Loxodonta cyclotis" 3 114 45 NA NA 0.511111111111111
"Loxodonta cyclotis" 3 117 43 NA NA 0.488372093023256
"Loxodonta cyclotis" 3 120 43 NA NA 0.488372093023256
"Loxodonta cyclotis" 3 123 43 NA NA 0.488372093023256
"Loxodonta cyclotis" 3 126 43 NA NA 0.488372093023256
"Loxodonta cyclotis" 3 129 42 NA NA 0.476190476190476
"Loxodonta cyclotis" 3 132 41 NA NA 0.463414634146341
"Loxodonta cyclotis" 3 135 41 NA NA 0.463414634146341
"Loxodonta cyclotis" 3 138 41 NA NA 0.463414634146341
"Loxodonta cyclotis" 3 141 40 NA NA 0.45
"Loxodonta cyclotis" 3 144 40 NA NA 0.45
"Loxodonta cyclotis" 3 147 40 NA NA 0.45
"Loxodonta cyclotis" 3 150 40 NA NA 0.45
"Loxodonta cyclotis" 3 153 40 NA NA 0.45
"Loxodonta cyclotis" 3 156 39 NA NA 0.461538461538462
"Loxodonta cyclotis" 3 159 39 NA NA 0.461538461538462
"Loxodonta cyclotis" 3 162 39 NA NA 0.461538461538462
"Loxodonta cyclotis" 3 165 39 NA NA 0.461538461538462
"Loxodonta cyclotis" 3 168 39 NA NA 0.461538461538462
"Loxodonta cyclotis" 3 171 39 NA NA 0.461538461538462
"Loxodonta cyclotis" 3 174 38 NA NA 0.473684210526316
"Loxodonta cyclotis" 3 177 37 NA NA 0.486486486486487
"Loxodonta cyclotis" 3 180 37 NA NA 0.486486486486487
"Loxodonta cyclotis" 3 183 37 NA NA 0.486486486486487
"Loxodonta cyclotis" 3 186 35 NA NA 0.485714285714286
"Loxodonta cyclotis" 3 189 34 NA NA 0.470588235294118
"Loxodonta cyclotis" 3 192 33 NA NA 0.484848484848485
"Loxodonta cyclotis" 3 195 33 NA NA 0.484848484848485
"Loxodonta cyclotis" 3 198 33 NA NA 0.484848484848485
"Loxodonta cyclotis" 4 8 447 -2.99070456187976 0.00278334635435268 0.0939597315436242
"Loxodonta cyclotis" 4 12 439 -3.80722817214284 0.000140533073669392 0.125284738041002
"Loxodonta cyclotis" 4 16 435 -4.69536112842607 2.66136124554085e-06 0.151724137931034
"Loxodonta cyclotis" 4 20 430 -5.36611453190104 8.04508665915689e-08 0.183720930232558
"Loxodonta cyclotis" 4 24 425 -5.43455054621344 5.49347236189758e-08 0.218823529411765
"Loxodonta cyclotis" 4 28 422 -5.61367212580305 1.98077375021128e-08 0.253554502369668
"Loxodonta cyclotis" 4 32 419 -5.66783251070201 1.44615223519238e-08 0.295942720763723
"Loxodonta cyclotis" 4 36 412 -6.14171877591299 8.16332918670838e-10 0.305825242718447
"Loxodonta cyclotis" 4 40 408 -6.58106596261 4.6708728863519e-11 0.330882352941176
"Loxodonta cyclotis" 4 44 403 -6.73321971051379 1.65949179776731e-11 0.354838709677419
"Loxodonta cyclotis" 4 48 397 -7.07396080075781 1.5057283623494e-12 0.365239294710327
"Loxodonta cyclotis" 4 52 386 -7.42495885104361 1.12814982370137e-13 0.375647668393782
"Loxodonta cyclotis" 4 56 373 -7.45991140617923 8.65806764462475e-14 0.39142091152815
"Loxodonta cyclotis" 4 60 361 -7.58787225181022 3.25201288291772e-14 0.401662049861496
"Loxodonta cyclotis" 4 64 341 -7.45570508155707 8.93884936416537e-14 0.428152492668622
"Loxodonta cyclotis" 4 68 296 -5.50623959673328 3.66579538768097e-08 0.47972972972973
"Loxodonta cyclotis" 4 72 249 -5.63857721123521 1.71460937296805e-08 0.453815261044177
"Loxodonta cyclotis" 4 76 216 NA NA 0.439814814814815
"Loxodonta cyclotis" 4 80 180 NA NA 0.466666666666667
"Loxodonta cyclotis" 4 84 166 NA NA 0.487951807228916
"Loxodonta cyclotis" 4 88 158 NA NA 0.506329113924051
"Loxodonta cyclotis" 4 92 146 NA NA 0.493150684931507
"Loxodonta cyclotis" 4 96 105 NA NA 0.533333333333333
"Loxodonta cyclotis" 4 100 75 NA NA 0.466666666666667
"Loxodonta cyclotis" 4 104 75 NA NA 0.466666666666667
"Loxodonta cyclotis" 4 108 49 NA NA 0.530612244897959
"Loxodonta cyclotis" 4 112 45 NA NA 0.511111111111111
"Loxodonta cyclotis" 4 116 44 NA NA 0.5
"Loxodonta cyclotis" 4 120 43 NA NA 0.488372093023256
"Loxodonta cyclotis" 4 124 43 NA NA 0.488372093023256
"Loxodonta cyclotis" 4 128 42 NA NA 0.476190476190476
"Loxodonta cyclotis" 4 132 41 NA NA 0.463414634146341
"Loxodonta cyclotis" 4 136 41 NA NA 0.463414634146341
"Loxodonta cyclotis" 4 140 40 NA NA 0.45
"Loxodonta cyclotis" 4 144 40 NA NA 0.45
"Loxodonta cyclotis" 4 148 40 NA NA 0.45
"Loxodonta cyclotis" 4 152 40 NA NA 0.45
"Loxodonta cyclotis" 4 156 39 NA NA 0.461538461538462
"Loxodonta cyclotis" 4 160 39 NA NA 0.461538461538462
"Loxodonta cyclotis" 4 164 39 NA NA 0.461538461538462
"Loxodonta cyclotis" 4 168 39 NA NA 0.461538461538462
"Loxodonta cyclotis" 4 172 39 NA NA 0.461538461538462
"Loxodonta cyclotis" 4 176 37 NA NA 0.486486486486487
"Loxodonta cyclotis" 4 180 37 NA NA 0.486486486486487
"Loxodonta cyclotis" 4 184 36 NA NA 0.5
"Loxodonta cyclotis" 4 188 34 NA NA 0.470588235294118
"Loxodonta cyclotis" 4 192 33 NA NA 0.484848484848485
"Loxodonta cyclotis" 4 196 33 NA NA 0.484848484848485
"Loxodonta cyclotis" 4 200 33 NA NA 0.484848484848485
"Loxodonta cyclotis" 5 10 445 -3.50660476368724 0.000453862735035881 0.11685393258427
"Loxodonta cyclotis" 5 15 436 -4.35604832561176 1.3243155035245e-05 0.142201834862385
"Loxodonta cyclotis" 5 20 430 -5.3671422649222 7.99939590973564e-08 0.183720930232558
"Loxodonta cyclotis" 5 25 423 -5.49778967707237 3.8458123131678e-08 0.222222222222222
"Loxodonta cyclotis" 5 30 420 -5.96701684468675 2.41630472778619e-09 0.285714285714286
"Loxodonta cyclotis" 5 35 413 -6.04877769871093 1.45948878803763e-09 0.300242130750605
"Loxodonta cyclotis" 5 40 408 -6.68831806909696 2.25750064353386e-11 0.330882352941176
"Loxodonta cyclotis" 5 45 402 -6.88607959654663 5.73509096813835e-12 0.355721393034826
"Loxodonta cyclotis" 5 50 391 -7.29201530724024 3.05352458725031e-13 0.373401534526854
"Loxodonta cyclotis" 5 55 376 -7.51281704957216 5.78683739264366e-14 0.388297872340426
"Loxodonta cyclotis" 5 60 361 -7.61559565509053 2.62478171521486e-14 0.401662049861496
"Loxodonta cyclotis" 5 65 327 -6.88843506982577 5.64094698121127e-12 0.44954128440367
"Loxodonta cyclotis" 5 70 272 -5.5526309267014 2.81401802653967e-08 0.481617647058824
"Loxodonta cyclotis" 5 75 218 NA NA 0.440366972477064
"Loxodonta cyclotis" 5 80 180 NA NA 0.466666666666667
"Loxodonta cyclotis" 5 85 166 NA NA 0.493975903614458
"Loxodonta cyclotis" 5 90 151 NA NA 0.490066225165563
"Loxodonta cyclotis" 5 95 127 NA NA 0.511811023622047
"Loxodonta cyclotis" 5 100 75 NA NA 0.466666666666667
"Loxodonta cyclotis" 5 105 73 NA NA 0.465753424657534
"Loxodonta cyclotis" 5 110 47 NA NA 0.531914893617021
"Loxodonta cyclotis" 5 115 44 NA NA 0.5
"Loxodonta cyclotis" 5 120 43 NA NA 0.488372093023256
"Loxodonta cyclotis" 5 125 43 NA NA 0.488372093023256
"Loxodonta cyclotis" 5 130 41 NA NA 0.463414634146341
"Loxodonta cyclotis" 5 135 41 NA NA 0.463414634146341
"Loxodonta cyclotis" 5 140 40 NA NA 0.45
"Loxodonta cyclotis" 5 145 40 NA NA 0.45
"Loxodonta cyclotis" 5 150 40 NA NA 0.45
"Loxodonta cyclotis" 5 155 39 NA NA 0.461538461538462
"Loxodonta cyclotis" 5 160 39 NA NA 0.461538461538462
"Loxodonta cyclotis" 5 165 39 NA NA 0.461538461538462
"Loxodonta cyclotis" 5 170 39 NA NA 0.461538461538462
"Loxodonta cyclotis" 5 175 37 NA NA 0.486486486486487
"Loxodonta cyclotis" 5 180 37 NA NA 0.486486486486487
"Loxodonta cyclotis" 5 185 35 NA NA 0.485714285714286
"Loxodonta cyclotis" 5 190 34 NA NA 0.470588235294118
"Loxodonta cyclotis" 5 195 33 NA NA 0.484848484848485
"Loxodonta cyclotis" 5 200 33 NA NA 0.484848484848485
"Loxodonta cyclotis" 6 12 439 -3.7959955124033 0.000147052158022047 0.125284738041002
"Loxodonta cyclotis" 6 18 434 -4.87966129643104 1.06268182940763e-06 0.168202764976959
"Loxodonta cyclotis" 6 24 425 -5.53524424430558 3.10794943961361e-08 0.218823529411765
"Loxodonta cyclotis" 6 30 420 -6.01385016324772 1.81167976569495e-09 0.285714285714286
"Loxodonta cyclotis" 6 36 412 -6.19133657542268 5.96561694214291e-10 0.305825242718447
"Loxodonta cyclotis" 6 42 407 -6.54062851200797 6.1260829370366e-11 0.341523341523342
"Loxodonta cyclotis" 6 48 397 -7.13954245788017 9.3642091659694e-13 0.365239294710327
"Loxodonta cyclotis" 6 54 381 -7.48122832861698 7.36311212375095e-14 0.385826771653543
"Loxodonta cyclotis" 6 60 361 -7.53552776672516 4.8636368173667e-14 0.401662049861496
"Loxodonta cyclotis" 6 66 320 -6.83795417980021 8.0332080100787e-12 0.459375
"Loxodonta cyclotis" 6 72 249 -5.60727846029917 2.05532840895601e-08 0.453815261044177
"Loxodonta cyclotis" 6 78 209 NA NA 0.444976076555024
"Loxodonta cyclotis" 6 84 166 NA NA 0.487951807228916
"Loxodonta cyclotis" 6 90 151 NA NA 0.490066225165563
"Loxodonta cyclotis" 6 96 105 NA NA 0.533333333333333
"Loxodonta cyclotis" 6 102 75 NA NA 0.466666666666667
"Loxodonta cyclotis" 6 108 49 NA NA 0.530612244897959
"Loxodonta cyclotis" 6 114 45 NA NA 0.511111111111111
"Loxodonta cyclotis" 6 120 43 NA NA 0.488372093023256
"Loxodonta cyclotis" 6 126 43 NA NA 0.488372093023256
"Loxodonta cyclotis" 6 132 41 NA NA 0.463414634146341
"Loxodonta cyclotis" 6 138 41 NA NA 0.463414634146341
"Loxodonta cyclotis" 6 144 40 NA NA 0.45
"Loxodonta cyclotis" 6 150 40 NA NA 0.45
"Loxodonta cyclotis" 6 156 39 NA NA 0.461538461538462
"Loxodonta cyclotis" 6 162 39 NA NA 0.461538461538462
"Loxodonta cyclotis" 6 168 39 NA NA 0.461538461538462
"Loxodonta cyclotis" 6 174 38 NA NA 0.473684210526316
"Loxodonta cyclotis" 6 180 37 NA NA 0.486486486486487
"Loxodonta cyclotis" 6 186 35 NA NA 0.485714285714286
"Loxodonta cyclotis" 6 192 33 NA NA 0.484848484848485
"Loxodonta cyclotis" 6 198 33 NA NA 0.484848484848485
"Loxodonta cyclotis" 7 14 436 -4.25806206873961 2.06206702025389e-05 0.139908256880734
"Loxodonta cyclotis" 7 21 429 -5.23168627255227 1.67970654887398e-07 0.191142191142191
"Loxodonta cyclotis" 7 28 422 -5.60188910052532 2.12028200558853e-08 0.253554502369668
"Loxodonta cyclotis" 7 35 413 -5.90541697148414 3.51755911259821e-09 0.300242130750605
"Loxodonta cyclotis" 7 42 407 -6.42951715853297 1.28009909765599e-10 0.341523341523342
"Loxodonta cyclotis" 7 49 395 -7.09885583738874 1.25793941195625e-12 0.369620253164557
"Loxodonta cyclotis" 7 56 373 -7.34510981783032 2.05590227735279e-13 0.39142091152815
"Loxodonta cyclotis" 7 63 349 -7.57831624419151 3.50068264697824e-14 0.415472779369628
"Loxodonta cyclotis" 7 70 272 -5.4411167039148 5.29476120755387e-08 0.481617647058824
"Loxodonta cyclotis" 7 77 211 NA NA 0.440758293838863
"Loxodonta cyclotis" 7 84 166 NA NA 0.487951807228916
"Loxodonta cyclotis" 7 91 150 NA NA 0.493333333333333
"Loxodonta cyclotis" 7 98 75 NA NA 0.466666666666667
"Loxodonta cyclotis" 7 105 73 NA NA 0.465753424657534
"Loxodonta cyclotis" 7 112 45 NA NA 0.511111111111111
"Loxodonta cyclotis" 7 119 43 NA NA 0.488372093023256
"Loxodonta cyclotis" 7 126 43 NA NA 0.488372093023256
"Loxodonta cyclotis" 7 133 41 NA NA 0.463414634146341
"Loxodonta cyclotis" 7 140 40 NA NA 0.45
"Loxodonta cyclotis" 7 147 40 NA NA 0.45
"Loxodonta cyclotis" 7 154 39 NA NA 0.461538461538462
"Loxodonta cyclotis" 7 161 39 NA NA 0.461538461538462
"Loxodonta cyclotis" 7 168 39 NA NA 0.461538461538462
"Loxodonta cyclotis" 7 175 37 NA NA 0.486486486486487
"Loxodonta cyclotis" 7 182 37 NA NA 0.486486486486487
"Loxodonta cyclotis" 7 189 34 NA NA 0.470588235294118
"Loxodonta cyclotis" 7 196 33 NA NA 0.484848484848485
"Loxodonta cyclotis" 8 16 435 -4.69805146716141 2.62655253556805e-06 0.151724137931034
"Loxodonta cyclotis" 8 24 425 -5.4366638763789 5.42874093562881e-08 0.218823529411765
"Loxodonta cyclotis" 8 32 419 -5.6609777901261 1.5051290823398e-08 0.295942720763723
"Loxodonta cyclotis" 8 40 408 -6.58424896611974 4.57190473007493e-11 0.330882352941176
"Loxodonta cyclotis" 8 48 397 -7.08432554987665 1.39723097545667e-12 0.365239294710327
"Loxodonta cyclotis" 8 56 373 -7.51193614109984 5.8259208439635e-14 0.39142091152815
"Loxodonta cyclotis" 8 64 341 -7.40306133831885 1.3308023949073e-13 0.428152492668622
"Loxodonta cyclotis" 8 72 249 -5.67551829337037 1.38269365669405e-08 0.453815261044177
"Loxodonta cyclotis" 8 80 180 NA NA 0.466666666666667
"Loxodonta cyclotis" 8 88 158 NA NA 0.506329113924051
"Loxodonta cyclotis" 8 96 105 NA NA 0.533333333333333
"Loxodonta cyclotis" 8 104 75 NA NA 0.466666666666667
"Loxodonta cyclotis" 8 112 45 NA NA 0.511111111111111
"Loxodonta cyclotis" 8 120 43 NA NA 0.488372093023256
"Loxodonta cyclotis" 8 128 42 NA NA 0.476190476190476
"Loxodonta cyclotis" 8 136 41 NA NA 0.463414634146341
"Loxodonta cyclotis" 8 144 40 NA NA 0.45
"Loxodonta cyclotis" 8 152 40 NA NA 0.45
"Loxodonta cyclotis" 8 160 39 NA NA 0.461538461538462
"Loxodonta cyclotis" 8 168 39 NA NA 0.461538461538462
"Loxodonta cyclotis" 8 176 37 NA NA 0.486486486486487
"Loxodonta cyclotis" 8 184 36 NA NA 0.5
"Loxodonta cyclotis" 8 192 33 NA NA 0.484848484848485
"Loxodonta cyclotis" 8 200 33 NA NA 0.484848484848485
"Loxodonta cyclotis" 9 18 434 -4.85945402796125 1.17709910173742e-06 0.168202764976959
"Loxodonta cyclotis" 9 27 422 -5.96786374768681 2.40379965278875e-09 0.241706161137441
"Loxodonta cyclotis" 9 36 412 -6.15632833177603 7.44507939212955e-10 0.305825242718447
"Loxodonta cyclotis" 9 45 402 -6.77691544999912 1.22768683293448e-11 0.355721393034826
"Loxodonta cyclotis" 9 54 381 -7.37980442677101 1.58522217631175e-13 0.385826771653543
"Loxodonta cyclotis" 9 63 349 -7.59070170004961 3.18177680206181e-14 0.415472779369628
"Loxodonta cyclotis" 9 72 249 -5.59759302725451 2.17348231207952e-08 0.453815261044177
"Loxodonta cyclotis" 9 81 176 NA NA 0.471590909090909
"Loxodonta cyclotis" 9 90 151 NA NA 0.490066225165563
"Loxodonta cyclotis" 9 99 75 NA NA 0.466666666666667
"Loxodonta cyclotis" 9 108 49 NA NA 0.530612244897959
"Loxodonta cyclotis" 9 117 43 NA NA 0.488372093023256
"Loxodonta cyclotis" 9 126 43 NA NA 0.488372093023256
"Loxodonta cyclotis" 9 135 41 NA NA 0.463414634146341
"Loxodonta cyclotis" 9 144 40 NA NA 0.45
"Loxodonta cyclotis" 9 153 40 NA NA 0.45
"Loxodonta cyclotis" 9 162 39 NA NA 0.461538461538462
"Loxodonta cyclotis" 9 171 39 NA NA 0.461538461538462
"Loxodonta cyclotis" 9 180 37 NA NA 0.486486486486487
"Loxodonta cyclotis" 9 189 34 NA NA 0.470588235294118
"Loxodonta cyclotis" 9 198 33 NA NA 0.484848484848485
"Loxodonta cyclotis" 10 20 430 -5.40500172852777 6.48077679559441e-08 0.183720930232558
"Loxodonta cyclotis" 10 30 420 -5.93846927947174 2.87695546688683e-09 0.285714285714286
"Loxodonta cyclotis" 10 40 408 -6.57543246516047 4.85119588422858e-11 0.330882352941176
"Loxodonta cyclotis" 10 50 391 -7.12445663631617 1.04492080339901e-12 0.373401534526854
"Loxodonta cyclotis" 10 60 361 -7.39256071050982 1.44027701623232e-13 0.401662049861496
"Loxodonta cyclotis" 10 70 272 -5.54542514499227 2.9324076988364e-08 0.481617647058824
"Loxodonta cyclotis" 10 80 180 NA NA 0.466666666666667
"Loxodonta cyclotis" 10 90 151 NA NA 0.490066225165563
"Loxodonta cyclotis" 10 100 75 NA NA 0.466666666666667
"Loxodonta cyclotis" 10 110 47 NA NA 0.531914893617021
"Loxodonta cyclotis" 10 120 43 NA NA 0.488372093023256
"Loxodonta cyclotis" 10 130 41 NA NA 0.463414634146341
"Loxodonta cyclotis" 10 140 40 NA NA 0.45
"Loxodonta cyclotis" 10 150 40 NA NA 0.45
"Loxodonta cyclotis" 10 160 39 NA NA 0.461538461538462
"Loxodonta cyclotis" 10 170 39 NA NA 0.461538461538462
"Loxodonta cyclotis" 10 180 37 NA NA 0.486486486486487
"Loxodonta cyclotis" 10 190 34 NA NA 0.470588235294118
"Loxodonta cyclotis" 10 200 33 NA NA 0.484848484848485
"Loxodonta cyclotis" 11 22 427 -5.3343504950998 9.58871527374525e-08 0.201405152224824
"Loxodonta cyclotis" 11 33 415 -5.96710036972475 2.41506861519549e-09 0.296385542168675
"Loxodonta cyclotis" 11 44 403 -6.65105821984056 2.90993137921093e-11 0.354838709677419
"Loxodonta cyclotis" 11 55 376 -7.29894534544086 2.9003209365327e-13 0.388297872340426
"Loxodonta cyclotis" 11 66 320 -6.6975939389692 2.11879028185308e-11 0.459375
"Loxodonta cyclotis" 11 77 211 NA NA 0.440758293838863
"Loxodonta cyclotis" 11 88 158 NA NA 0.506329113924051
"Loxodonta cyclotis" 11 99 75 NA NA 0.466666666666667
"Loxodonta cyclotis" 11 110 47 NA NA 0.531914893617021
"Loxodonta cyclotis" 11 121 43 NA NA 0.488372093023256
"Loxodonta cyclotis" 11 132 41 NA NA 0.463414634146341
"Loxodonta cyclotis" 11 143 40 NA NA 0.45
"Loxodonta cyclotis" 11 154 39 NA NA 0.461538461538462
"Loxodonta cyclotis" 11 165 39 NA NA 0.461538461538462
"Loxodonta cyclotis" 11 176 37 NA NA 0.486486486486487
"Loxodonta cyclotis" 11 187 34 NA NA 0.470588235294118
"Loxodonta cyclotis" 11 198 33 NA NA 0.484848484848485
"Loxodonta cyclotis" 12 24 425 -5.51098389796225 3.56833369773638e-08 0.218823529411765
"Loxodonta cyclotis" 12 36 412 -6.11681583994418 9.54635793621418e-10 0.305825242718447
"Loxodonta cyclotis" 12 48 397 -6.98207488883003 2.90852005555334e-12 0.365239294710327
"Loxodonta cyclotis" 12 60 361 -7.41884346378854 1.1814744807282e-13 0.401662049861496
"Loxodonta cyclotis" 12 72 249 -5.73411410976662 9.80233238841375e-09 0.453815261044177
"Loxodonta cyclotis" 12 84 166 NA NA 0.487951807228916
"Loxodonta cyclotis" 12 96 105 NA NA 0.533333333333333
"Loxodonta cyclotis" 12 108 49 NA NA 0.530612244897959
"Loxodonta cyclotis" 12 120 43 NA NA 0.488372093023256
"Loxodonta cyclotis" 12 132 41 NA NA 0.463414634146341
"Loxodonta cyclotis" 12 144 40 NA NA 0.45
"Loxodonta cyclotis" 12 156 39 NA NA 0.461538461538462
"Loxodonta cyclotis" 12 168 39 NA NA 0.461538461538462
"Loxodonta cyclotis" 12 180 37 NA NA 0.486486486486487
"Loxodonta cyclotis" 12 192 33 NA NA 0.484848484848485
"Loxodonta cyclotis" 13 26 422 -5.65371128059186 1.57019885153496e-08 0.229857819905213
"Loxodonta cyclotis" 13 39 409 -6.30308733661006 2.91774366297329e-10 0.317848410757946
"Loxodonta cyclotis" 13 52 386 -7.32903023443875 2.31824087388678e-13 0.375647668393782
"Loxodonta cyclotis" 13 65 327 -6.84931838939386 7.42026834740592e-12 0.44954128440367
"Loxodonta cyclotis" 13 78 209 NA NA 0.444976076555024
"Loxodonta cyclotis" 13 91 150 NA NA 0.493333333333333
"Loxodonta cyclotis" 13 104 75 NA NA 0.466666666666667
"Loxodonta cyclotis" 13 117 43 NA NA 0.488372093023256
"Loxodonta cyclotis" 13 130 41 NA NA 0.463414634146341
"Loxodonta cyclotis" 13 143 40 NA NA 0.45
"Loxodonta cyclotis" 13 156 39 NA NA 0.461538461538462
"Loxodonta cyclotis" 13 169 39 NA NA 0.461538461538462
"Loxodonta cyclotis" 13 182 37 NA NA 0.486486486486487
"Loxodonta cyclotis" 13 195 33 NA NA 0.484848484848485
"Loxodonta cyclotis" 14 28 422 -5.67730854274273 1.36830537881844e-08 0.253554502369668
"Loxodonta cyclotis" 14 42 407 -6.43599159290198 1.22669823380921e-10 0.341523341523342
"Loxodonta cyclotis" 14 56 373 -7.31352099748436 2.60231620043181e-13 0.39142091152815
"Loxodonta cyclotis" 14 70 272 -5.55063907939365 2.84627167672664e-08 0.481617647058824
"Loxodonta cyclotis" 14 84 166 NA NA 0.487951807228916
"Loxodonta cyclotis" 14 98 75 NA NA 0.466666666666667
"Loxodonta cyclotis" 14 112 45 NA NA 0.511111111111111
"Loxodonta cyclotis" 14 126 43 NA NA 0.488372093023256
"Loxodonta cyclotis" 14 140 40 NA NA 0.45
"Loxodonta cyclotis" 14 154 39 NA NA 0.461538461538462
"Loxodonta cyclotis" 14 168 39 NA NA 0.461538461538462
"Loxodonta cyclotis" 14 182 37 NA NA 0.486486486486487
"Loxodonta cyclotis" 14 196 33 NA NA 0.484848484848485
"Loxodonta cyclotis" 15 30 420 -6.07186901491089 1.26430041131884e-09 0.285714285714286
"Loxodonta cyclotis" 15 45 402 -6.86591780537352 6.60651064667549e-12 0.355721393034826
"Loxodonta cyclotis" 15 60 361 -7.46285177601733 8.46695798660456e-14 0.401662049861496
"Loxodonta cyclotis" 15 75 218 NA NA 0.440366972477064
"Loxodonta cyclotis" 15 90 151 NA NA 0.490066225165563
"Loxodonta cyclotis" 15 105 73 NA NA 0.465753424657534
"Loxodonta cyclotis" 15 120 43 NA NA 0.488372093023256
"Loxodonta cyclotis" 15 135 41 NA NA 0.463414634146341
"Loxodonta cyclotis" 15 150 40 NA NA 0.45
"Loxodonta cyclotis" 15 165 39 NA NA 0.461538461538462
"Loxodonta cyclotis" 15 180 37 NA NA 0.486486486486487
"Loxodonta cyclotis" 15 195 33 NA NA 0.484848484848485
"Loxodonta cyclotis" 16 32 419 -5.8464508659545 5.02171805105313e-09 0.295942720763723
"Loxodonta cyclotis" 16 48 397 -6.97342112435732 3.09324895958093e-12 0.365239294710327
"Loxodonta cyclotis" 16 64 341 -7.34403751138746 2.07244999387818e-13 0.428152492668622
"Loxodonta cyclotis" 16 80 180 NA NA 0.466666666666667
"Loxodonta cyclotis" 16 96 105 NA NA 0.533333333333333
"Loxodonta cyclotis" 16 112 45 NA NA 0.511111111111111
"Loxodonta cyclotis" 16 128 42 NA NA 0.476190476190476
"Loxodonta cyclotis" 16 144 40 NA NA 0.45
"Loxodonta cyclotis" 16 160 39 NA NA 0.461538461538462
"Loxodonta cyclotis" 16 176 37 NA NA 0.486486486486487
"Loxodonta cyclotis" 16 192 33 NA NA 0.484848484848485
"Loxodonta cyclotis" 17 34 415 -6.05198173362096 1.43074696574007e-09 0.298795180722892
"Loxodonta cyclotis" 17 51 388 -7.19470703702572 6.25950190652979e-13 0.376288659793814
"Loxodonta cyclotis" 17 68 296 -5.56005627049097 2.69687684228087e-08 0.47972972972973
"Loxodonta cyclotis" 17 85 166 NA NA 0.493975903614458
"Loxodonta cyclotis" 17 102 75 NA NA 0.466666666666667
"Loxodonta cyclotis" 17 119 43 NA NA 0.488372093023256
"Loxodonta cyclotis" 17 136 41 NA NA 0.463414634146341
"Loxodonta cyclotis" 17 153 40 NA NA 0.45
"Loxodonta cyclotis" 17 170 39 NA NA 0.461538461538462
"Loxodonta cyclotis" 17 187 34 NA NA 0.470588235294118
"Loxodonta cyclotis" 18 36 412 -6.16754914484125 6.93565605707814e-10 0.305825242718447
"Loxodonta cyclotis" 18 54 381 -7.20389527625686 5.85163153741027e-13 0.385826771653543
"Loxodonta cyclotis" 18 72 249 -5.64760672453494 1.62696835223828e-08 0.453815261044177
"Loxodonta cyclotis" 18 90 151 NA NA 0.490066225165563
"Loxodonta cyclotis" 18 108 49 NA NA 0.530612244897959
"Loxodonta cyclotis" 18 126 43 NA NA 0.488372093023256
"Loxodonta cyclotis" 18 144 40 NA NA 0.45
"Loxodonta cyclotis" 18 162 39 NA NA 0.461538461538462
"Loxodonta cyclotis" 18 180 37 NA NA 0.486486486486487
"Loxodonta cyclotis" 18 198 33 NA NA 0.484848484848485
"Loxodonta cyclotis" 19 38 410 -6.24100074162774 4.34780186570362e-10 0.314634146341463
"Loxodonta cyclotis" 19 57 370 -7.38740861388411 1.49717962795565e-13 0.394594594594595
"Loxodonta cyclotis" 19 76 216 NA NA 0.439814814814815
"Loxodonta cyclotis" 19 95 127 NA NA 0.511811023622047
"Loxodonta cyclotis" 19 114 45 NA NA 0.511111111111111
"Loxodonta cyclotis" 19 133 41 NA NA 0.463414634146341
"Loxodonta cyclotis" 19 152 40 NA NA 0.45
"Loxodonta cyclotis" 19 171 39 NA NA 0.461538461538462
"Loxodonta cyclotis" 19 190 34 NA NA 0.470588235294118
"Loxodonta cyclotis" 20 40 408 -6.56081591359141 5.35141520063605e-11 0.330882352941176
"Loxodonta cyclotis" 20 60 361 -7.34169914667175 2.10899048930912e-13 0.401662049861496
"Loxodonta cyclotis" 20 80 180 NA NA 0.466666666666667
"Loxodonta cyclotis" 20 100 75 NA NA 0.466666666666667
"Loxodonta cyclotis" 20 120 43 NA NA 0.488372093023256
"Loxodonta cyclotis" 20 140 40 NA NA 0.45
"Loxodonta cyclotis" 20 160 39 NA NA 0.461538461538462
"Loxodonta cyclotis" 20 180 37 NA NA 0.486486486486487
"Loxodonta cyclotis" 20 200 33 NA NA 0.484848484848485
"Loxodonta cyclotis" 21 42 407 -6.4544745276834 1.08595040683669e-10 0.341523341523342
"Loxodonta cyclotis" 21 63 349 -7.52261622189459 5.369085258882e-14 0.415472779369628
"Loxodonta cyclotis" 21 84 166 NA NA 0.487951807228916
"Loxodonta cyclotis" 21 105 73 NA NA 0.465753424657534
"Loxodonta cyclotis" 21 126 43 NA NA 0.488372093023256
"Loxodonta cyclotis" 21 147 40 NA NA 0.45
"Loxodonta cyclotis" 21 168 39 NA NA 0.461538461538462
"Loxodonta cyclotis" 21 189 34 NA NA 0.470588235294118
"Loxodonta cyclotis" 22 44 403 -6.76347934105318 1.34716591285142e-11 0.354838709677419
"Loxodonta cyclotis" 22 66 320 -6.87300119758645 6.2865038219543e-12 0.459375
"Loxodonta cyclotis" 22 88 158 NA NA 0.506329113924051
"Loxodonta cyclotis" 22 110 47 NA NA 0.531914893617021
"Loxodonta cyclotis" 22 132 41 NA NA 0.463414634146341
"Loxodonta cyclotis" 22 154 39 NA NA 0.461538461538462
"Loxodonta cyclotis" 22 176 37 NA NA 0.486486486486487
"Loxodonta cyclotis" 22 198 33 NA NA 0.484848484848485
"Loxodonta cyclotis" 23 46 401 -7.01394123693261 2.31696740289570e-12 0.361596009975062
"Loxodonta cyclotis" 23 69 283 -5.93717758696456 2.89970527437579e-09 0.477031802120141
"Loxodonta cyclotis" 23 92 146 NA NA 0.493150684931507
"Loxodonta cyclotis" 23 115 44 NA NA 0.5
"Loxodonta cyclotis" 23 138 41 NA NA 0.463414634146341
"Loxodonta cyclotis" 23 161 39 NA NA 0.461538461538462
"Loxodonta cyclotis" 23 184 36 NA NA 0.5
"Loxodonta cyclotis" 24 48 397 -7.05805366926225 1.68850849578253e-12 0.365239294710327
"Loxodonta cyclotis" 24 72 249 -5.88650416519735 3.94449821185076e-09 0.453815261044177
"Loxodonta cyclotis" 24 96 105 NA NA 0.533333333333333
"Loxodonta cyclotis" 24 120 43 NA NA 0.488372093023256
"Loxodonta cyclotis" 24 144 40 NA NA 0.45
"Loxodonta cyclotis" 24 168 39 NA NA 0.461538461538462
"Loxodonta cyclotis" 24 192 33 NA NA 0.484848484848485
"Loxodonta cyclotis" 25 50 391 -7.23211329218084 4.75535223213521e-13 0.373401534526854
"Loxodonta cyclotis" 25 75 218 NA NA 0.440366972477064
"Loxodonta cyclotis" 25 100 75 NA NA 0.466666666666667
"Loxodonta cyclotis" 25 125 43 NA NA 0.488372093023256
"Loxodonta cyclotis" 25 150 40 NA NA 0.45
"Loxodonta cyclotis" 25 175 37 NA NA 0.486486486486487
"Loxodonta cyclotis" 25 200 33 NA NA 0.484848484848485
"Loxodonta cyclotis" 26 52 386 -7.42667986763228 1.1135743517069e-13 0.375647668393782
"Loxodonta cyclotis" 26 78 209 NA NA 0.444976076555024
"Loxodonta cyclotis" 26 104 75 NA NA 0.466666666666667
"Loxodonta cyclotis" 26 130 41 NA NA 0.463414634146341
"Loxodonta cyclotis" 26 156 39 NA NA 0.461538461538462
"Loxodonta cyclotis" 26 182 37 NA NA 0.486486486486487
"Loxodonta cyclotis" 27 54 381 -7.49578877188638 6.59008451453132e-14 0.385826771653543
"Loxodonta cyclotis" 27 81 176 NA NA 0.471590909090909
"Loxodonta cyclotis" 27 108 49 NA NA 0.530612244897959
"Loxodonta cyclotis" 27 135 41 NA NA 0.463414634146341
"Loxodonta cyclotis" 27 162 39 NA NA 0.461538461538462
"Loxodonta cyclotis" 27 189 34 NA NA 0.470588235294118
"Loxodonta cyclotis" 28 56 373 -7.3853971396806 1.51999006153059e-13 0.39142091152815
"Loxodonta cyclotis" 28 84 166 NA NA 0.487951807228916
"Loxodonta cyclotis" 28 112 45 NA NA 0.511111111111111
"Loxodonta cyclotis" 28 140 40 NA NA 0.45
"Loxodonta cyclotis" 28 168 39 NA NA 0.461538461538462
"Loxodonta cyclotis" 28 196 33 NA NA 0.484848484848485
"Loxodonta cyclotis" 29 58 366 -7.26977330583407 3.60091276794947e-13 0.396174863387978
"Loxodonta cyclotis" 29 87 163 NA NA 0.515337423312883
"Loxodonta cyclotis" 29 116 44 NA NA 0.5
"Loxodonta cyclotis" 29 145 40 NA NA 0.45
"Loxodonta cyclotis" 29 174 38 NA NA 0.473684210526316
"Loxodonta cyclotis" 30 60 361 -7.2622842965827 3.80607173650835e-13 0.401662049861496
"Loxodonta cyclotis" 30 90 151 NA NA 0.490066225165563
"Loxodonta cyclotis" 30 120 43 NA NA 0.488372093023256
"Loxodonta cyclotis" 30 150 40 NA NA 0.45
"Loxodonta cyclotis" 30 180 37 NA NA 0.486486486486487
"Loxodonta cyclotis" 31 62 351 -7.45228726654882 9.17357057781201e-14 0.407407407407407
"Loxodonta cyclotis" 31 93 142 NA NA 0.5
"Loxodonta cyclotis" 31 124 43 NA NA 0.488372093023256
"Loxodonta cyclotis" 31 155 39 NA NA 0.461538461538462
"Loxodonta cyclotis" 31 186 35 NA NA 0.485714285714286
"Loxodonta cyclotis" 32 64 341 -6.99968732689012 2.56534370647554e-12 0.428152492668622
"Loxodonta cyclotis" 32 96 105 NA NA 0.533333333333333
"Loxodonta cyclotis" 32 128 42 NA NA 0.476190476190476
"Loxodonta cyclotis" 32 160 39 NA NA 0.461538461538462
"Loxodonta cyclotis" 32 192 33 NA NA 0.484848484848485
"Loxodonta cyclotis" 33 66 320 -6.43387829770162 1.2438846902451e-10 0.459375
"Loxodonta cyclotis" 33 99 75 NA NA 0.466666666666667
"Loxodonta cyclotis" 33 132 41 NA NA 0.463414634146341
"Loxodonta cyclotis" 33 165 39 NA NA 0.461538461538462
"Loxodonta cyclotis" 33 198 33 NA NA 0.484848484848485
"Loxodonta cyclotis" 34 68 296 -5.42233665714912 5.88249600413779e-08 0.47972972972973
"Loxodonta cyclotis" 34 102 75 NA NA 0.466666666666667
"Loxodonta cyclotis" 34 136 41 NA NA 0.463414634146341
"Loxodonta cyclotis" 34 170 39 NA NA 0.461538461538462
"Loxodonta cyclotis" 35 70 272 -5.29381299210459 1.19791936765149e-07 0.481617647058824
"Loxodonta cyclotis" 35 105 73 NA NA 0.465753424657534
"Loxodonta cyclotis" 35 140 40 NA NA 0.45
"Loxodonta cyclotis" 35 175 37 NA NA 0.486486486486487
"Loxodonta cyclotis" 36 72 249 -5.53356143021889 3.13793011284885e-08 0.453815261044177
"Loxodonta cyclotis" 36 108 49 NA NA 0.530612244897959
"Loxodonta cyclotis" 36 144 40 NA NA 0.45
"Loxodonta cyclotis" 36 180 37 NA NA 0.486486486486487
"Loxodonta cyclotis" 37 74 225 NA NA 0.444444444444444
"Loxodonta cyclotis" 37 111 45 NA NA 0.511111111111111
"Loxodonta cyclotis" 37 148 40 NA NA 0.45
"Loxodonta cyclotis" 37 185 35 NA NA 0.485714285714286
"Loxodonta cyclotis" 38 76 216 NA NA 0.439814814814815
"Loxodonta cyclotis" 38 114 45 NA NA 0.511111111111111
"Loxodonta cyclotis" 38 152 40 NA NA 0.45
"Loxodonta cyclotis" 38 190 34 NA NA 0.470588235294118
"Loxodonta cyclotis" 39 78 209 NA NA 0.444976076555024
"Loxodonta cyclotis" 39 117 43 NA NA 0.488372093023256
"Loxodonta cyclotis" 39 156 39 NA NA 0.461538461538462
"Loxodonta cyclotis" 39 195 33 NA NA 0.484848484848485
"Loxodonta cyclotis" 40 80 180 NA NA 0.466666666666667
"Loxodonta cyclotis" 40 120 43 NA NA 0.488372093023256
"Loxodonta cyclotis" 40 160 39 NA NA 0.461538461538462
"Loxodonta cyclotis" 40 200 33 NA NA 0.484848484848485
"Loxodonta cyclotis" 41 82 170 NA NA 0.470588235294118
"Loxodonta cyclotis" 41 123 43 NA NA 0.488372093023256
"Loxodonta cyclotis" 41 164 39 NA NA 0.461538461538462
"Loxodonta cyclotis" 42 84 166 NA NA 0.487951807228916
"Loxodonta cyclotis" 42 126 43 NA NA 0.488372093023256
"Loxodonta cyclotis" 42 168 39 NA NA 0.461538461538462
"Loxodonta cyclotis" 43 86 165 NA NA 0.509090909090909
"Loxodonta cyclotis" 43 129 42 NA NA 0.476190476190476
"Loxodonta cyclotis" 43 172 39 NA NA 0.461538461538462
"Loxodonta cyclotis" 44 88 158 NA NA 0.506329113924051
"Loxodonta cyclotis" 44 132 41 NA NA 0.463414634146341
"Loxodonta cyclotis" 44 176 37 NA NA 0.486486486486487
"Loxodonta cyclotis" 45 90 151 NA NA 0.490066225165563
"Loxodonta cyclotis" 45 135 41 NA NA 0.463414634146341
"Loxodonta cyclotis" 45 180 37 NA NA 0.486486486486487
"Loxodonta cyclotis" 46 92 146 NA NA 0.493150684931507
"Loxodonta cyclotis" 46 138 41 NA NA 0.463414634146341
"Loxodonta cyclotis" 46 184 36 NA NA 0.5
"Loxodonta cyclotis" 47 94 142 NA NA 0.5
"Loxodonta cyclotis" 47 141 40 NA NA 0.45
"Loxodonta cyclotis" 47 188 34 NA NA 0.470588235294118
"Loxodonta cyclotis" 48 96 105 NA NA 0.533333333333333
"Loxodonta cyclotis" 48 144 40 NA NA 0.45
"Loxodonta cyclotis" 48 192 33 NA NA 0.484848484848485
"Loxodonta cyclotis" 49 98 75 NA NA 0.466666666666667
"Loxodonta cyclotis" 49 147 40 NA NA 0.45
"Loxodonta cyclotis" 49 196 33 NA NA 0.484848484848485
"Loxodonta cyclotis" 50 100 75 NA NA 0.466666666666667
"Loxodonta cyclotis" 50 150 40 NA NA 0.45
"Loxodonta cyclotis" 50 200 33 NA NA 0.484848484848485
"Loxodonta cyclotis" 51 102 75 NA NA 0.466666666666667
"Loxodonta cyclotis" 51 153 40 NA NA 0.45
"Loxodonta cyclotis" 52 104 75 NA NA 0.466666666666667
"Loxodonta cyclotis" 52 156 39 NA NA 0.461538461538462
"Loxodonta cyclotis" 53 106 61 NA NA 0.491803278688525
"Loxodonta cyclotis" 53 159 39 NA NA 0.461538461538462
"Loxodonta cyclotis" 54 108 49 NA NA 0.530612244897959
"Loxodonta cyclotis" 54 162 39 NA NA 0.461538461538462
"Loxodonta cyclotis" 55 110 47 NA NA 0.531914893617021
"Loxodonta cyclotis" 55 165 39 NA NA 0.461538461538462
"Loxodonta cyclotis" 56 112 45 NA NA 0.511111111111111
"Loxodonta cyclotis" 56 168 39 NA NA 0.461538461538462
"Loxodonta cyclotis" 57 114 45 NA NA 0.511111111111111
"Loxodonta cyclotis" 57 171 39 NA NA 0.461538461538462
"Loxodonta cyclotis" 58 116 44 NA NA 0.5
"Loxodonta cyclotis" 58 174 38 NA NA 0.473684210526316
"Loxodonta cyclotis" 59 118 43 NA NA 0.488372093023256
"Loxodonta cyclotis" 59 177 37 NA NA 0.486486486486487
"Loxodonta cyclotis" 60 120 43 NA NA 0.488372093023256
"Loxodonta cyclotis" 60 180 37 NA NA 0.486486486486487
"Loxodonta cyclotis" 61 122 43 NA NA 0.488372093023256
"Loxodonta cyclotis" 61 183 37 NA NA 0.486486486486487
"Loxodonta cyclotis" 62 124 43 NA NA 0.488372093023256
"Loxodonta cyclotis" 62 186 35 NA NA 0.485714285714286
"Loxodonta cyclotis" 63 126 43 NA NA 0.488372093023256
"Loxodonta cyclotis" 63 189 34 NA NA 0.470588235294118
"Loxodonta cyclotis" 64 128 42 NA NA 0.476190476190476
"Loxodonta cyclotis" 64 192 33 NA NA 0.484848484848485
"Loxodonta cyclotis" 65 130 41 NA NA 0.463414634146341
"Loxodonta cyclotis" 65 195 33 NA NA 0.484848484848485
"Loxodonta cyclotis" 66 132 41 NA NA 0.463414634146341
"Loxodonta cyclotis" 66 198 33 NA NA 0.484848484848485
"Loxodonta cyclotis" 67 134 41 NA NA 0.463414634146341
"Loxodonta cyclotis" 68 136 41 NA NA 0.463414634146341
"Loxodonta cyclotis" 69 138 41 NA NA 0.463414634146341
"Loxodonta cyclotis" 70 140 40 NA NA 0.45
"Loxodonta cyclotis" 71 142 40 NA NA 0.45
"Loxodonta cyclotis" 72 144 40 NA NA 0.45
"Loxodonta cyclotis" 73 146 40 NA NA 0.45
"Loxodonta cyclotis" 74 148 40 NA NA 0.45
"Loxodonta cyclotis" 75 150 40 NA NA 0.45
"Loxodonta cyclotis" 76 152 40 NA NA 0.45
"Loxodonta cyclotis" 77 154 39 NA NA 0.461538461538462
"Loxodonta cyclotis" 78 156 39 NA NA 0.461538461538462
"Loxodonta cyclotis" 79 158 39 NA NA 0.461538461538462
"Loxodonta cyclotis" 80 160 39 NA NA 0.461538461538462
"Loxodonta cyclotis" 81 162 39 NA NA 0.461538461538462
"Loxodonta cyclotis" 82 164 39 NA NA 0.461538461538462
"Loxodonta cyclotis" 83 166 39 NA NA 0.461538461538462
"Loxodonta cyclotis" 84 168 39 NA NA 0.461538461538462
"Loxodonta cyclotis" 85 170 39 NA NA 0.461538461538462
"Loxodonta cyclotis" 86 172 39 NA NA 0.461538461538462
"Loxodonta cyclotis" 87 174 38 NA NA 0.473684210526316
"Loxodonta cyclotis" 88 176 37 NA NA 0.486486486486487
"Loxodonta cyclotis" 89 178 37 NA NA 0.486486486486487
"Loxodonta cyclotis" 90 180 37 NA NA 0.486486486486487
"Loxodonta cyclotis" 91 182 37 NA NA 0.486486486486487
"Loxodonta cyclotis" 92 184 36 NA NA 0.5
"Loxodonta cyclotis" 93 186 35 NA NA 0.485714285714286
"Loxodonta cyclotis" 94 188 34 NA NA 0.470588235294118
"Loxodonta cyclotis" 95 190 34 NA NA 0.470588235294118
"Loxodonta cyclotis" 96 192 33 NA NA 0.484848484848485
"Loxodonta cyclotis" 97 194 33 NA NA 0.484848484848485
"Loxodonta cyclotis" 98 196 33 NA NA 0.484848484848485
"Loxodonta cyclotis" 99 198 33 NA NA 0.484848484848485
"Loxodonta cyclotis" 100 200 33 NA NA 0.484848484848485
