"species" "time_interval" "study_duration" "n_cams" "z" "P" "p_presence"
"Funisciurus isabella" 1 2 454 -2.04358993244665 0.0409940746849052 0.0462555066079295
"Funisciurus isabella" 1 3 454 -2.61269185837085 0.0089832255443162 0.066079295154185
"Funisciurus isabella" 1 4 452 -2.90617273768317 0.00365879405338459 0.0774336283185841
"Funisciurus isabella" 1 5 450 -3.04321050089632 0.00234068536783501 0.0911111111111111
"Funisciurus isabella" 1 6 449 -3.12084226541607 0.0018033459937618 0.10022271714922
"Funisciurus isabella" 1 7 447 -3.32058375502564 0.000898294012338227 0.10738255033557
"Funisciurus isabella" 1 8 447 -3.31032204808223 0.000931886853753468 0.120805369127517
"Funisciurus isabella" 1 9 447 -3.29020062462525 0.00100115973005102 0.129753914988814
"Funisciurus isabella" 1 10 445 -3.10812469144635 0.00188278612725052 0.134831460674157
"Funisciurus isabella" 1 11 440 -3.12649337649409 0.00176904489361316 0.136363636363636
"Funisciurus isabella" 1 12 439 -3.21312606459299 0.00131298645568083 0.134396355353075
"Funisciurus isabella" 1 13 438 -3.11849705185836 0.00181775960529001 0.139269406392694
"Funisciurus isabella" 1 14 436 -2.87695326057736 0.00401535065174782 0.146788990825688
"Funisciurus isabella" 1 15 436 -2.70038001409778 0.00692603146381505 0.149082568807339
"Funisciurus isabella" 1 16 435 -2.34825556401911 0.0188615747521109 0.15632183908046
"Funisciurus isabella" 1 17 435 -2.33877997499261 0.019346823615148 0.15632183908046
"Funisciurus isabella" 1 18 434 -2.64314832907863 0.00821390429330731 0.161290322580645
"Funisciurus isabella" 1 19 432 -2.50467139834417 0.0122565204372541 0.166666666666667
"Funisciurus isabella" 1 20 430 -2.61832431968135 0.00883627782250593 0.167441860465116
"Funisciurus isabella" 1 21 429 -2.53476054860163 0.0112524212924496 0.17016317016317
"Funisciurus isabella" 1 22 427 -2.50719691547954 0.0121692895763352 0.173302107728337
"Funisciurus isabella" 1 23 426 -2.53977565539602 0.0110923595501174 0.173708920187793
"Funisciurus isabella" 1 24 425 -2.77678962716765 0.00548986992161207 0.174117647058824
"Funisciurus isabella" 1 25 423 -2.84583304706192 0.00442954118914501 0.179669030732861
"Funisciurus isabella" 1 26 422 -3.19109025905332 0.00141736993820328 0.187203791469194
"Funisciurus isabella" 1 27 422 -3.22364741285802 0.00126569134838846 0.18957345971564
"Funisciurus isabella" 1 28 422 -3.26362000981273 0.00109998587035196 0.18957345971564
"Funisciurus isabella" 1 29 422 -3.34064285952343 0.000835846664430932 0.18957345971564
"Funisciurus isabella" 1 30 420 -3.28149782293902 0.00103257321597089 0.192857142857143
"Funisciurus isabella" 1 31 419 -3.21670707304273 0.00129670919484747 0.195704057279236
"Funisciurus isabella" 1 32 419 -2.98821577441263 0.0028061136602989 0.202863961813842
"Funisciurus isabella" 1 33 415 -3.04022033361869 0.00236405132152464 0.204819277108434
"Funisciurus isabella" 1 34 415 -3.30780317582045 0.000940308709134374 0.209638554216867
"Funisciurus isabella" 1 35 413 -3.40810775257551 0.000654150578725447 0.210653753026634
"Funisciurus isabella" 1 36 412 -3.47202147415008 0.000516555015234736 0.211165048543689
"Funisciurus isabella" 1 37 410 -3.58150089113045 0.000341625972539416 0.21219512195122
"Funisciurus isabella" 1 38 410 -3.52088596126649 0.000430107547556287 0.217073170731707
"Funisciurus isabella" 1 39 409 -3.50900182600027 0.000449791816711474 0.21760391198044
"Funisciurus isabella" 1 40 408 -3.45227513016697 0.000555880600647044 0.223039215686275
"Funisciurus isabella" 1 41 407 -3.5972617310102 0.000321584851868786 0.226044226044226
"Funisciurus isabella" 1 42 407 -3.59495185782642 0.000324451567986388 0.226044226044226
"Funisciurus isabella" 1 43 405 -3.52749127866165 0.00041951758141057 0.224691358024691
"Funisciurus isabella" 1 44 403 -3.65575667805474 0.000256424490693479 0.228287841191067
"Funisciurus isabella" 1 45 402 -3.62181263816881 0.000292545976682609 0.23134328358209
"Funisciurus isabella" 1 46 401 -3.44477066842765 0.000571544084500526 0.234413965087282
"Funisciurus isabella" 1 47 398 -3.36484942383832 0.000765854420094545 0.238693467336683
"Funisciurus isabella" 1 48 397 -3.42787997162807 0.000608314350733795 0.239294710327456
"Funisciurus isabella" 1 49 395 -3.62913228403396 0.000284375496337443 0.243037974683544
"Funisciurus isabella" 1 50 391 -3.70817765347967 0.000208756183863721 0.245524296675192
"Funisciurus isabella" 1 51 388 -3.87396720471313 0.000107077828674169 0.242268041237113
"Funisciurus isabella" 1 52 386 -3.67378660550757 0.000238982340373188 0.243523316062176
"Funisciurus isabella" 1 53 382 -3.74034717999567 0.000183766248890781 0.243455497382199
"Funisciurus isabella" 1 54 381 -3.68445188160663 0.000229195316878047 0.244094488188976
"Funisciurus isabella" 1 55 376 -3.86823528304239 0.000109625861182728 0.24468085106383
"Funisciurus isabella" 1 56 373 -3.86101029086685 0.000112919146831833 0.246648793565684
"Funisciurus isabella" 1 57 370 -4.03120612786499 5.54913492588041e-05 0.245945945945946
"Funisciurus isabella" 1 58 366 -4.18434206931069 2.85993190877147e-05 0.245901639344262
"Funisciurus isabella" 1 59 364 -4.06184271990585 4.86868758690464e-05 0.25
"Funisciurus isabella" 1 60 361 -3.97570175104797 7.01720248140833e-05 0.254847645429363
"Funisciurus isabella" 1 61 356 -4.18495034930816 2.85228438093129e-05 0.25561797752809
"Funisciurus isabella" 1 62 351 -4.15436386014113 3.26193757449581e-05 0.259259259259259
"Funisciurus isabella" 1 63 349 -4.02923621320182 5.59583685435747e-05 0.260744985673352
"Funisciurus isabella" 1 64 341 -4.05760063896223 4.95794545729644e-05 0.266862170087977
"Funisciurus isabella" 1 65 327 -3.60760524219932 0.000309036200595364 0.275229357798165
"Funisciurus isabella" 1 66 320 -3.51269923403928 0.000443579296157199 0.278125
"Funisciurus isabella" 1 67 304 -3.66131020899816 0.000250928711960388 0.279605263157895
"Funisciurus isabella" 1 68 296 -3.67531851060433 0.000237552862834462 0.283783783783784
"Funisciurus isabella" 1 69 283 -3.97186145276978 7.13131935516591e-05 0.289752650176678
"Funisciurus isabella" 1 70 272 -3.86261220920348 0.0001121810097914 0.305147058823529
"Funisciurus isabella" 1 71 268 -3.61649621214404 0.000298617685447888 0.313432835820896
"Funisciurus isabella" 1 72 249 -3.82532469093521 0.000130599843831199 0.321285140562249
"Funisciurus isabella" 1 73 231 NA NA 0.333333333333333
"Funisciurus isabella" 1 74 225 NA NA 0.342222222222222
"Funisciurus isabella" 1 75 218 NA NA 0.353211009174312
"Funisciurus isabella" 1 76 216 NA NA 0.351851851851852
"Funisciurus isabella" 1 77 211 NA NA 0.350710900473934
"Funisciurus isabella" 1 78 209 NA NA 0.354066985645933
"Funisciurus isabella" 1 79 195 NA NA 0.338461538461538
"Funisciurus isabella" 1 80 180 NA NA 0.333333333333333
"Funisciurus isabella" 1 81 176 NA NA 0.335227272727273
"Funisciurus isabella" 1 82 170 NA NA 0.335294117647059
"Funisciurus isabella" 1 83 166 NA NA 0.331325301204819
"Funisciurus isabella" 1 84 166 NA NA 0.331325301204819
"Funisciurus isabella" 1 85 166 NA NA 0.331325301204819
"Funisciurus isabella" 1 86 165 NA NA 0.327272727272727
"Funisciurus isabella" 1 87 163 NA NA 0.325153374233129
"Funisciurus isabella" 1 88 158 NA NA 0.329113924050633
"Funisciurus isabella" 1 89 153 NA NA 0.326797385620915
"Funisciurus isabella" 1 90 151 NA NA 0.324503311258278
"Funisciurus isabella" 1 91 150 NA NA 0.326666666666667
"Funisciurus isabella" 1 92 146 NA NA 0.335616438356164
"Funisciurus isabella" 1 93 142 NA NA 0.345070422535211
"Funisciurus isabella" 1 94 142 NA NA 0.345070422535211
"Funisciurus isabella" 1 95 127 NA NA 0.37007874015748
"Funisciurus isabella" 1 96 105 NA NA 0.39047619047619
"Funisciurus isabella" 1 97 89 NA NA 0.370786516853933
"Funisciurus isabella" 1 98 75 NA NA 0.32
"Funisciurus isabella" 1 99 75 NA NA 0.32
"Funisciurus isabella" 1 100 75 NA NA 0.32
"Funisciurus isabella" 1 101 75 NA NA 0.32
"Funisciurus isabella" 1 102 75 NA NA 0.32
"Funisciurus isabella" 1 103 75 NA NA 0.32
"Funisciurus isabella" 1 104 75 NA NA 0.32
"Funisciurus isabella" 1 105 73 NA NA 0.301369863013699
"Funisciurus isabella" 1 106 61 NA NA 0.229508196721311
"Funisciurus isabella" 1 107 56 NA NA 0.232142857142857
"Funisciurus isabella" 1 108 49 NA NA 0.224489795918367
"Funisciurus isabella" 1 109 48 NA NA 0.208333333333333
"Funisciurus isabella" 1 110 47 NA NA 0.191489361702128
"Funisciurus isabella" 1 111 45 NA NA 0.2
"Funisciurus isabella" 1 112 45 NA NA 0.2
"Funisciurus isabella" 1 113 45 NA NA 0.2
"Funisciurus isabella" 1 114 45 NA NA 0.2
"Funisciurus isabella" 1 115 44 NA NA 0.204545454545455
"Funisciurus isabella" 1 116 44 NA NA 0.204545454545455
"Funisciurus isabella" 1 117 43 NA NA 0.209302325581395
"Funisciurus isabella" 1 118 43 NA NA 0.209302325581395
"Funisciurus isabella" 1 119 43 NA NA 0.232558139534884
"Funisciurus isabella" 1 120 43 NA NA 0.232558139534884
"Funisciurus isabella" 1 121 43 NA NA 0.232558139534884
"Funisciurus isabella" 1 122 43 NA NA 0.232558139534884
"Funisciurus isabella" 1 123 43 NA NA 0.232558139534884
"Funisciurus isabella" 1 124 43 NA NA 0.232558139534884
"Funisciurus isabella" 1 125 43 NA NA 0.232558139534884
"Funisciurus isabella" 1 126 43 NA NA 0.232558139534884
"Funisciurus isabella" 1 127 43 NA NA 0.232558139534884
"Funisciurus isabella" 1 128 42 NA NA 0.238095238095238
"Funisciurus isabella" 1 129 42 NA NA 0.238095238095238
"Funisciurus isabella" 1 130 41 NA NA 0.24390243902439
"Funisciurus isabella" 1 131 41 NA NA 0.24390243902439
"Funisciurus isabella" 1 132 41 NA NA 0.24390243902439
"Funisciurus isabella" 1 133 41 NA NA 0.24390243902439
"Funisciurus isabella" 1 134 41 NA NA 0.24390243902439
"Funisciurus isabella" 1 135 41 NA NA 0.24390243902439
"Funisciurus isabella" 1 136 41 NA NA 0.24390243902439
"Funisciurus isabella" 1 137 41 NA NA 0.24390243902439
"Funisciurus isabella" 1 138 41 NA NA 0.24390243902439
"Funisciurus isabella" 1 139 40 NA NA 0.225
"Funisciurus isabella" 1 140 40 NA NA 0.225
"Funisciurus isabella" 1 141 40 NA NA 0.225
"Funisciurus isabella" 1 142 40 NA NA 0.225
"Funisciurus isabella" 1 143 40 NA NA 0.225
"Funisciurus isabella" 1 144 40 NA NA 0.225
"Funisciurus isabella" 1 145 40 NA NA 0.225
"Funisciurus isabella" 1 146 40 NA NA 0.225
"Funisciurus isabella" 1 147 40 NA NA 0.225
"Funisciurus isabella" 1 148 40 NA NA 0.225
"Funisciurus isabella" 1 149 40 NA NA 0.225
"Funisciurus isabella" 1 150 40 NA NA 0.225
"Funisciurus isabella" 1 151 40 NA NA 0.225
"Funisciurus isabella" 1 152 40 NA NA 0.225
"Funisciurus isabella" 1 153 40 NA NA 0.225
"Funisciurus isabella" 1 154 39 NA NA 0.205128205128205
"Funisciurus isabella" 1 155 39 NA NA 0.205128205128205
"Funisciurus isabella" 1 156 39 NA NA 0.205128205128205
"Funisciurus isabella" 1 157 39 NA NA 0.205128205128205
"Funisciurus isabella" 1 158 39 NA NA 0.205128205128205
"Funisciurus isabella" 1 159 39 NA NA 0.205128205128205
"Funisciurus isabella" 1 160 39 NA NA 0.205128205128205
"Funisciurus isabella" 1 161 39 NA NA 0.205128205128205
"Funisciurus isabella" 1 162 39 NA NA 0.205128205128205
"Funisciurus isabella" 1 163 39 NA NA 0.205128205128205
"Funisciurus isabella" 1 164 39 NA NA 0.205128205128205
"Funisciurus isabella" 1 165 39 NA NA 0.205128205128205
"Funisciurus isabella" 1 166 39 NA NA 0.205128205128205
"Funisciurus isabella" 1 167 39 NA NA 0.205128205128205
"Funisciurus isabella" 1 168 39 NA NA 0.205128205128205
"Funisciurus isabella" 1 169 39 NA NA 0.205128205128205
"Funisciurus isabella" 1 170 39 NA NA 0.205128205128205
"Funisciurus isabella" 1 171 39 NA NA 0.205128205128205
"Funisciurus isabella" 1 172 39 NA NA 0.205128205128205
"Funisciurus isabella" 1 173 38 NA NA 0.210526315789474
"Funisciurus isabella" 1 174 38 NA NA 0.210526315789474
"Funisciurus isabella" 1 175 37 NA NA 0.189189189189189
"Funisciurus isabella" 1 176 37 NA NA 0.189189189189189
"Funisciurus isabella" 1 177 37 NA NA 0.189189189189189
"Funisciurus isabella" 1 178 37 NA NA 0.189189189189189
"Funisciurus isabella" 1 179 37 NA NA 0.189189189189189
"Funisciurus isabella" 1 180 37 NA NA 0.189189189189189
"Funisciurus isabella" 1 181 37 NA NA 0.189189189189189
"Funisciurus isabella" 1 182 37 NA NA 0.189189189189189
"Funisciurus isabella" 1 183 37 NA NA 0.189189189189189
"Funisciurus isabella" 1 184 36 NA NA 0.194444444444444
"Funisciurus isabella" 1 185 35 NA NA 0.171428571428571
"Funisciurus isabella" 1 186 35 NA NA 0.171428571428571
"Funisciurus isabella" 1 187 34 NA NA 0.176470588235294
"Funisciurus isabella" 1 188 34 NA NA 0.176470588235294
"Funisciurus isabella" 1 189 34 NA NA 0.176470588235294
"Funisciurus isabella" 1 190 34 NA NA 0.176470588235294
"Funisciurus isabella" 1 191 33 NA NA 0.151515151515152
"Funisciurus isabella" 1 192 33 NA NA 0.151515151515152
"Funisciurus isabella" 1 193 33 NA NA 0.151515151515152
"Funisciurus isabella" 1 194 33 NA NA 0.151515151515152
"Funisciurus isabella" 1 195 33 NA NA 0.151515151515152
"Funisciurus isabella" 1 196 33 NA NA 0.151515151515152
"Funisciurus isabella" 1 197 33 NA NA 0.151515151515152
"Funisciurus isabella" 1 198 33 NA NA 0.151515151515152
"Funisciurus isabella" 1 199 33 NA NA 0.151515151515152
"Funisciurus isabella" 1 200 33 NA NA 0.151515151515152
"Funisciurus isabella" 2 4 452 -2.80257918072898 0.00506957702511847 0.0774336283185841
"Funisciurus isabella" 2 6 449 -3.14104840645562 0.00168344205714702 0.10022271714922
"Funisciurus isabella" 2 8 447 -3.21647693423973 0.0012977496510021 0.120805369127517
"Funisciurus isabella" 2 10 445 -2.93577634940396 0.00332714107829037 0.134831460674157
"Funisciurus isabella" 2 12 439 -3.03880632306943 0.00237517497743967 0.134396355353075
"Funisciurus isabella" 2 14 436 -2.61605645472317 0.00889518490092548 0.146788990825688
"Funisciurus isabella" 2 16 435 -2.06368417995181 0.0390476702774977 0.15632183908046
"Funisciurus isabella" 2 18 434 -2.35826270667333 0.0183606941842297 0.161290322580645
"Funisciurus isabella" 2 20 430 -2.39685776549059 0.0165363413617866 0.167441860465116
"Funisciurus isabella" 2 22 427 -2.22044908557194 0.0263882981925181 0.173302107728337
"Funisciurus isabella" 2 24 425 -2.44291322657733 0.0145692398290392 0.174117647058824
"Funisciurus isabella" 2 26 422 -2.79529847487043 0.00518518183412976 0.187203791469194
"Funisciurus isabella" 2 28 422 -2.85957364473121 0.0042421090842811 0.18957345971564
"Funisciurus isabella" 2 30 420 -2.82500733557212 0.00472795336064716 0.192857142857143
"Funisciurus isabella" 2 32 419 -2.53536463296783 0.0112330333484886 0.202863961813842
"Funisciurus isabella" 2 34 415 -2.85891114534193 0.00425097837543207 0.209638554216867
"Funisciurus isabella" 2 36 412 -2.98719114936569 0.00281553620342224 0.211165048543689
"Funisciurus isabella" 2 38 410 -2.98995604472138 0.00279017594883374 0.217073170731707
"Funisciurus isabella" 2 40 408 -2.89624316084323 0.0037765964336329 0.223039215686275
"Funisciurus isabella" 2 42 407 -2.99953470069813 0.0027039232149265 0.226044226044226
"Funisciurus isabella" 2 44 403 -3.08325060065643 0.00204752652974375 0.228287841191067
"Funisciurus isabella" 2 46 401 -2.9142321027075 0.00356564696399908 0.234413965087282
"Funisciurus isabella" 2 48 397 -2.89253908287626 0.00382141634660591 0.239294710327456
"Funisciurus isabella" 2 50 391 -3.19707505676315 0.00138828797427345 0.245524296675192
"Funisciurus isabella" 2 52 386 -3.13087920152736 0.00174283833312245 0.243523316062176
"Funisciurus isabella" 2 54 381 -3.11743127625492 0.00182434475371753 0.244094488188976
"Funisciurus isabella" 2 56 373 -3.29356441989305 0.000989256697853139 0.246648793565684
"Funisciurus isabella" 2 58 366 -3.55018425119669 0.000384961619326004 0.245901639344262
"Funisciurus isabella" 2 60 361 -3.33822167132166 0.000843164546054814 0.254847645429363
"Funisciurus isabella" 2 62 351 -3.49895700034118 0.000467081900005663 0.259259259259259
"Funisciurus isabella" 2 64 341 -3.44037572008522 0.000580907155529516 0.266862170087977
"Funisciurus isabella" 2 66 320 -2.98348549433428 0.00284985544051645 0.278125
"Funisciurus isabella" 2 68 296 NA NA 0.283783783783784
"Funisciurus isabella" 2 70 272 -3.35953560170706 0.000780735910383659 0.305147058823529
"Funisciurus isabella" 2 72 249 -3.31491336402802 0.000916715313295157 0.321285140562249
"Funisciurus isabella" 2 74 225 NA NA 0.342222222222222
"Funisciurus isabella" 2 76 216 NA NA 0.351851851851852
"Funisciurus isabella" 2 78 209 NA NA 0.354066985645933
"Funisciurus isabella" 2 80 180 NA NA 0.333333333333333
"Funisciurus isabella" 2 82 170 NA NA 0.335294117647059
"Funisciurus isabella" 2 84 166 NA NA 0.331325301204819
"Funisciurus isabella" 2 86 165 NA NA 0.327272727272727
"Funisciurus isabella" 2 88 158 NA NA 0.329113924050633
"Funisciurus isabella" 2 90 151 NA NA 0.324503311258278
"Funisciurus isabella" 2 92 146 NA NA 0.335616438356164
"Funisciurus isabella" 2 94 142 NA NA 0.345070422535211
"Funisciurus isabella" 2 96 105 NA NA 0.39047619047619
"Funisciurus isabella" 2 98 75 NA NA 0.32
"Funisciurus isabella" 2 100 75 NA NA 0.32
"Funisciurus isabella" 2 102 75 NA NA 0.32
"Funisciurus isabella" 2 104 75 NA NA 0.32
"Funisciurus isabella" 2 106 61 NA NA 0.229508196721311
"Funisciurus isabella" 2 108 49 NA NA 0.224489795918367
"Funisciurus isabella" 2 110 47 NA NA 0.191489361702128
"Funisciurus isabella" 2 112 45 NA NA 0.2
"Funisciurus isabella" 2 114 45 NA NA 0.2
"Funisciurus isabella" 2 116 44 NA NA 0.204545454545455
"Funisciurus isabella" 2 118 43 NA NA 0.209302325581395
"Funisciurus isabella" 2 120 43 NA NA 0.232558139534884
"Funisciurus isabella" 2 122 43 NA NA 0.232558139534884
"Funisciurus isabella" 2 124 43 NA NA 0.232558139534884
"Funisciurus isabella" 2 126 43 NA NA 0.232558139534884
"Funisciurus isabella" 2 128 42 NA NA 0.238095238095238
"Funisciurus isabella" 2 130 41 NA NA 0.24390243902439
"Funisciurus isabella" 2 132 41 NA NA 0.24390243902439
"Funisciurus isabella" 2 134 41 NA NA 0.24390243902439
"Funisciurus isabella" 2 136 41 NA NA 0.24390243902439
"Funisciurus isabella" 2 138 41 NA NA 0.24390243902439
"Funisciurus isabella" 2 140 40 NA NA 0.225
"Funisciurus isabella" 2 142 40 NA NA 0.225
"Funisciurus isabella" 2 144 40 NA NA 0.225
"Funisciurus isabella" 2 146 40 NA NA 0.225
"Funisciurus isabella" 2 148 40 NA NA 0.225
"Funisciurus isabella" 2 150 40 NA NA 0.225
"Funisciurus isabella" 2 152 40 NA NA 0.225
"Funisciurus isabella" 2 154 39 NA NA 0.205128205128205
"Funisciurus isabella" 2 156 39 NA NA 0.205128205128205
"Funisciurus isabella" 2 158 39 NA NA 0.205128205128205
"Funisciurus isabella" 2 160 39 NA NA 0.205128205128205
"Funisciurus isabella" 2 162 39 NA NA 0.205128205128205
"Funisciurus isabella" 2 164 39 NA NA 0.205128205128205
"Funisciurus isabella" 2 166 39 NA NA 0.205128205128205
"Funisciurus isabella" 2 168 39 NA NA 0.205128205128205
"Funisciurus isabella" 2 170 39 NA NA 0.205128205128205
"Funisciurus isabella" 2 172 39 NA NA 0.205128205128205
"Funisciurus isabella" 2 174 38 NA NA 0.210526315789474
"Funisciurus isabella" 2 176 37 NA NA 0.189189189189189
"Funisciurus isabella" 2 178 37 NA NA 0.189189189189189
"Funisciurus isabella" 2 180 37 NA NA 0.189189189189189
"Funisciurus isabella" 2 182 37 NA NA 0.189189189189189
"Funisciurus isabella" 2 184 36 NA NA 0.194444444444444
"Funisciurus isabella" 2 186 35 NA NA 0.171428571428571
"Funisciurus isabella" 2 188 34 NA NA 0.176470588235294
"Funisciurus isabella" 2 190 34 NA NA 0.176470588235294
"Funisciurus isabella" 2 192 33 NA NA 0.151515151515152
"Funisciurus isabella" 2 194 33 NA NA 0.151515151515152
"Funisciurus isabella" 2 196 33 NA NA 0.151515151515152
"Funisciurus isabella" 2 198 33 NA NA 0.151515151515152
"Funisciurus isabella" 2 200 33 NA NA 0.151515151515152
"Funisciurus isabella" 3 6 449 -3.25228991288034 0.00114479189976717 0.10022271714922
"Funisciurus isabella" 3 9 447 -3.27856426310856 0.00104336604838748 0.129753914988814
"Funisciurus isabella" 3 12 439 -3.23875788567783 0.00120051435622496 0.134396355353075
"Funisciurus isabella" 3 15 436 -2.63783618295596 0.00834368773017974 0.149082568807339
"Funisciurus isabella" 3 18 434 -2.5073396327059 0.0121643766154717 0.161290322580645
"Funisciurus isabella" 3 21 429 -2.45167510971797 0.0142192982004147 0.17016317016317
"Funisciurus isabella" 3 24 425 -2.58356487350973 0.00977850751560846 0.174117647058824
"Funisciurus isabella" 3 27 422 -2.89682014524828 0.00376965799908354 0.18957345971564
"Funisciurus isabella" 3 30 420 -2.86310004557459 0.00419518077328226 0.192857142857143
"Funisciurus isabella" 3 33 415 -2.56145319734006 0.0104235284675738 0.204819277108434
"Funisciurus isabella" 3 36 412 -2.91920551874317 0.00350924780268153 0.211165048543689
"Funisciurus isabella" 3 39 409 -2.87094829850625 0.00409242453090111 0.21760391198044
"Funisciurus isabella" 3 42 407 -2.85601955920087 0.00428988706049691 0.226044226044226
"Funisciurus isabella" 3 45 402 -2.8841140983186 0.00392516508903305 0.23134328358209
"Funisciurus isabella" 3 48 397 -2.68303787117494 0.00729567281544091 0.239294710327456
"Funisciurus isabella" 3 51 388 -3.04957405690174 0.0022916612547508 0.242268041237113
"Funisciurus isabella" 3 54 381 -2.85462344792792 0.00430878824840678 0.244094488188976
"Funisciurus isabella" 3 57 370 -3.17446014841746 0.00150115502909938 0.245945945945946
"Funisciurus isabella" 3 60 361 -3.06409798265532 0.00218327390520361 0.254847645429363
"Funisciurus isabella" 3 63 349 -3.09512563300734 0.00196729548066875 0.260744985673352
"Funisciurus isabella" 3 66 320 -2.75749021224675 0.00582469570572193 0.278125
"Funisciurus isabella" 3 69 283 -3.28911576001035 0.00100502678838334 0.289752650176678
"Funisciurus isabella" 3 72 249 -3.01650180839338 0.00255709692596026 0.321285140562249
"Funisciurus isabella" 3 75 218 NA NA 0.353211009174312
"Funisciurus isabella" 3 78 209 NA NA 0.354066985645933
"Funisciurus isabella" 3 81 176 NA NA 0.335227272727273
"Funisciurus isabella" 3 84 166 NA NA 0.331325301204819
"Funisciurus isabella" 3 87 163 NA NA 0.325153374233129
"Funisciurus isabella" 3 90 151 NA NA 0.324503311258278
"Funisciurus isabella" 3 93 142 NA NA 0.345070422535211
"Funisciurus isabella" 3 96 105 NA NA 0.39047619047619
"Funisciurus isabella" 3 99 75 NA NA 0.32
"Funisciurus isabella" 3 102 75 NA NA 0.32
"Funisciurus isabella" 3 105 73 NA NA 0.301369863013699
"Funisciurus isabella" 3 108 49 NA NA 0.224489795918367
"Funisciurus isabella" 3 111 45 NA NA 0.2
"Funisciurus isabella" 3 114 45 NA NA 0.2
"Funisciurus isabella" 3 117 43 NA NA 0.209302325581395
"Funisciurus isabella" 3 120 43 NA NA 0.232558139534884
"Funisciurus isabella" 3 123 43 NA NA 0.232558139534884
"Funisciurus isabella" 3 126 43 NA NA 0.232558139534884
"Funisciurus isabella" 3 129 42 NA NA 0.238095238095238
"Funisciurus isabella" 3 132 41 NA NA 0.24390243902439
"Funisciurus isabella" 3 135 41 NA NA 0.24390243902439
"Funisciurus isabella" 3 138 41 NA NA 0.24390243902439
"Funisciurus isabella" 3 141 40 NA NA 0.225
"Funisciurus isabella" 3 144 40 NA NA 0.225
"Funisciurus isabella" 3 147 40 NA NA 0.225
"Funisciurus isabella" 3 150 40 NA NA 0.225
"Funisciurus isabella" 3 153 40 NA NA 0.225
"Funisciurus isabella" 3 156 39 NA NA 0.205128205128205
"Funisciurus isabella" 3 159 39 NA NA 0.205128205128205
"Funisciurus isabella" 3 162 39 NA NA 0.205128205128205
"Funisciurus isabella" 3 165 39 NA NA 0.205128205128205
"Funisciurus isabella" 3 168 39 NA NA 0.205128205128205
"Funisciurus isabella" 3 171 39 NA NA 0.205128205128205
"Funisciurus isabella" 3 174 38 NA NA 0.210526315789474
"Funisciurus isabella" 3 177 37 NA NA 0.189189189189189
"Funisciurus isabella" 3 180 37 NA NA 0.189189189189189
"Funisciurus isabella" 3 183 37 NA NA 0.189189189189189
"Funisciurus isabella" 3 186 35 NA NA 0.171428571428571
"Funisciurus isabella" 3 189 34 NA NA 0.176470588235294
"Funisciurus isabella" 3 192 33 NA NA 0.151515151515152
"Funisciurus isabella" 3 195 33 NA NA 0.151515151515152
"Funisciurus isabella" 3 198 33 NA NA 0.151515151515152
"Funisciurus isabella" 4 8 447 -3.35687511854819 0.000788287084641478 0.120805369127517
"Funisciurus isabella" 4 12 439 -3.11694373916394 0.00182736441940637 0.134396355353075
"Funisciurus isabella" 4 16 435 -2.10880565597635 0.0349613602115257 0.15632183908046
"Funisciurus isabella" 4 20 430 -2.36577613211736 0.0179923203384464 0.167441860465116
"Funisciurus isabella" 4 24 425 -2.37160396880476 0.0177110630016824 0.174117647058824
"Funisciurus isabella" 4 28 422 -2.69616569168732 0.00701427665483649 0.18957345971564
"Funisciurus isabella" 4 32 419 -2.29059272413591 0.0219869801433953 0.202863961813842
"Funisciurus isabella" 4 36 412 -2.70859910666557 0.00675679285293971 0.211165048543689
"Funisciurus isabella" 4 40 408 -2.57574549369094 0.0100024239996527 0.223039215686275
"Funisciurus isabella" 4 44 403 -2.78249632617737 0.00539424760173316 0.228287841191067
"Funisciurus isabella" 4 48 397 -2.58837061438789 0.00964311663153678 0.239294710327456
"Funisciurus isabella" 4 52 386 -2.72688921831668 0.00639345001783524 0.243523316062176
"Funisciurus isabella" 4 56 373 -2.83558017785754 0.00457425317331766 0.246648793565684
"Funisciurus isabella" 4 60 361 -2.83582133298231 0.00457080084224896 0.254847645429363
"Funisciurus isabella" 4 64 341 -2.84725317156073 0.00440982765860157 0.266862170087977
"Funisciurus isabella" 4 68 296 -2.7074401941391 0.0067804286208832 0.283783783783784
"Funisciurus isabella" 4 72 249 -2.81881344712671 0.00482015233440432 0.321285140562249
"Funisciurus isabella" 4 76 216 NA NA 0.351851851851852
"Funisciurus isabella" 4 80 180 NA NA 0.333333333333333
"Funisciurus isabella" 4 84 166 NA NA 0.331325301204819
"Funisciurus isabella" 4 88 158 NA NA 0.329113924050633
"Funisciurus isabella" 4 92 146 NA NA 0.335616438356164
"Funisciurus isabella" 4 96 105 NA NA 0.39047619047619
"Funisciurus isabella" 4 100 75 NA NA 0.32
"Funisciurus isabella" 4 104 75 NA NA 0.32
"Funisciurus isabella" 4 108 49 NA NA 0.224489795918367
"Funisciurus isabella" 4 112 45 NA NA 0.2
"Funisciurus isabella" 4 116 44 NA NA 0.204545454545455
"Funisciurus isabella" 4 120 43 NA NA 0.232558139534884
"Funisciurus isabella" 4 124 43 NA NA 0.232558139534884
"Funisciurus isabella" 4 128 42 NA NA 0.238095238095238
"Funisciurus isabella" 4 132 41 NA NA 0.24390243902439
"Funisciurus isabella" 4 136 41 NA NA 0.24390243902439
"Funisciurus isabella" 4 140 40 NA NA 0.225
"Funisciurus isabella" 4 144 40 NA NA 0.225
"Funisciurus isabella" 4 148 40 NA NA 0.225
"Funisciurus isabella" 4 152 40 NA NA 0.225
"Funisciurus isabella" 4 156 39 NA NA 0.205128205128205
"Funisciurus isabella" 4 160 39 NA NA 0.205128205128205
"Funisciurus isabella" 4 164 39 NA NA 0.205128205128205
"Funisciurus isabella" 4 168 39 NA NA 0.205128205128205
"Funisciurus isabella" 4 172 39 NA NA 0.205128205128205
"Funisciurus isabella" 4 176 37 NA NA 0.189189189189189
"Funisciurus isabella" 4 180 37 NA NA 0.189189189189189
"Funisciurus isabella" 4 184 36 NA NA 0.194444444444444
"Funisciurus isabella" 4 188 34 NA NA 0.176470588235294
"Funisciurus isabella" 4 192 33 NA NA 0.151515151515152
"Funisciurus isabella" 4 196 33 NA NA 0.151515151515152
"Funisciurus isabella" 4 200 33 NA NA 0.151515151515152
"Funisciurus isabella" 5 10 445 -2.98906045730932 0.00279836754647051 0.134831460674157
"Funisciurus isabella" 5 15 436 -2.44793008275526 0.0143679533640172 0.149082568807339
"Funisciurus isabella" 5 20 430 -2.32171281541534 0.0202484044319242 0.167441860465116
"Funisciurus isabella" 5 25 423 -2.28238663742429 0.022466523552453 0.179669030732861
"Funisciurus isabella" 5 30 420 -2.50902984591758 0.0121063255016861 0.192857142857143
"Funisciurus isabella" 5 35 413 -2.58465812553538 0.00974755962468154 0.210653753026634
"Funisciurus isabella" 5 40 408 -2.47554951165882 0.0133031314934541 0.223039215686275
"Funisciurus isabella" 5 45 402 -2.65300576686502 0.00797785078305917 0.23134328358209
"Funisciurus isabella" 5 50 391 -2.74850753758729 0.0059867258391026 0.245524296675192
"Funisciurus isabella" 5 55 376 -2.83382397609475 0.00459946593508224 0.24468085106383
"Funisciurus isabella" 5 60 361 -2.85839140242767 0.00425794826561461 0.254847645429363
"Funisciurus isabella" 5 65 327 -2.61749111963801 0.00885787930969673 0.275229357798165
"Funisciurus isabella" 5 70 272 -3.14130618065214 0.00168196094201511 0.305147058823529
"Funisciurus isabella" 5 75 218 NA NA 0.353211009174312
"Funisciurus isabella" 5 80 180 NA NA 0.333333333333333
"Funisciurus isabella" 5 85 166 NA NA 0.331325301204819
"Funisciurus isabella" 5 90 151 NA NA 0.324503311258278
"Funisciurus isabella" 5 95 127 NA NA 0.37007874015748
"Funisciurus isabella" 5 100 75 NA NA 0.32
"Funisciurus isabella" 5 105 73 NA NA 0.301369863013699
"Funisciurus isabella" 5 110 47 NA NA 0.191489361702128
"Funisciurus isabella" 5 115 44 NA NA 0.204545454545455
"Funisciurus isabella" 5 120 43 NA NA 0.232558139534884
"Funisciurus isabella" 5 125 43 NA NA 0.232558139534884
"Funisciurus isabella" 5 130 41 NA NA 0.24390243902439
"Funisciurus isabella" 5 135 41 NA NA 0.24390243902439
"Funisciurus isabella" 5 140 40 NA NA 0.225
"Funisciurus isabella" 5 145 40 NA NA 0.225
"Funisciurus isabella" 5 150 40 NA NA 0.225
"Funisciurus isabella" 5 155 39 NA NA 0.205128205128205
"Funisciurus isabella" 5 160 39 NA NA 0.205128205128205
"Funisciurus isabella" 5 165 39 NA NA 0.205128205128205
"Funisciurus isabella" 5 170 39 NA NA 0.205128205128205
"Funisciurus isabella" 5 175 37 NA NA 0.189189189189189
"Funisciurus isabella" 5 180 37 NA NA 0.189189189189189
"Funisciurus isabella" 5 185 35 NA NA 0.171428571428571
"Funisciurus isabella" 5 190 34 NA NA 0.176470588235294
"Funisciurus isabella" 5 195 33 NA NA 0.151515151515152
"Funisciurus isabella" 5 200 33 NA NA 0.151515151515152
"Funisciurus isabella" 6 12 439 -2.9365422652937 0.00331893590000016 0.134396355353075
"Funisciurus isabella" 6 18 434 -2.18674394233483 0.0287612218138556 0.161290322580645
"Funisciurus isabella" 6 24 425 -1.98450070367716 0.0472000497212591 0.174117647058824
"Funisciurus isabella" 6 30 420 -2.2106960311912 0.0270568935586866 0.192857142857143
"Funisciurus isabella" 6 36 412 -2.31413424218029 0.0206603596306663 0.211165048543689
"Funisciurus isabella" 6 42 407 -2.31983343339172 0.0203498896990335 0.226044226044226
"Funisciurus isabella" 6 48 397 -2.14435255669997 0.0320046486271895 0.239294710327456
"Funisciurus isabella" 6 54 381 -2.23802774181033 0.0252192460864825 0.244094488188976
"Funisciurus isabella" 6 60 361 -2.49413198171702 0.0126265585470841 0.254847645429363
"Funisciurus isabella" 6 66 320 -2.23100099241662 0.0256810632768959 0.278125
"Funisciurus isabella" 6 72 249 -2.4712801813609 0.0134630292017598 0.321285140562249
"Funisciurus isabella" 6 78 209 NA NA 0.354066985645933
"Funisciurus isabella" 6 84 166 NA NA 0.331325301204819
"Funisciurus isabella" 6 90 151 NA NA 0.324503311258278
"Funisciurus isabella" 6 96 105 NA NA 0.39047619047619
"Funisciurus isabella" 6 102 75 NA NA 0.32
"Funisciurus isabella" 6 108 49 NA NA 0.224489795918367
"Funisciurus isabella" 6 114 45 NA NA 0.2
"Funisciurus isabella" 6 120 43 NA NA 0.232558139534884
"Funisciurus isabella" 6 126 43 NA NA 0.232558139534884
"Funisciurus isabella" 6 132 41 NA NA 0.24390243902439
"Funisciurus isabella" 6 138 41 NA NA 0.24390243902439
"Funisciurus isabella" 6 144 40 NA NA 0.225
"Funisciurus isabella" 6 150 40 NA NA 0.225
"Funisciurus isabella" 6 156 39 NA NA 0.205128205128205
"Funisciurus isabella" 6 162 39 NA NA 0.205128205128205
"Funisciurus isabella" 6 168 39 NA NA 0.205128205128205
"Funisciurus isabella" 6 174 38 NA NA 0.210526315789474
"Funisciurus isabella" 6 180 37 NA NA 0.189189189189189
"Funisciurus isabella" 6 186 35 NA NA 0.171428571428571
"Funisciurus isabella" 6 192 33 NA NA 0.151515151515152
"Funisciurus isabella" 6 198 33 NA NA 0.151515151515152
"Funisciurus isabella" 7 14 436 -2.4627123761522 0.0137890482341122 0.146788990825688
"Funisciurus isabella" 7 21 429 -2.10780024138739 0.0350482719751251 0.17016317016317
"Funisciurus isabella" 7 28 422 -2.47075008878207 0.0134830006262539 0.18957345971564
"Funisciurus isabella" 7 35 413 -2.44094497996365 0.0146488863978709 0.210653753026634
"Funisciurus isabella" 7 42 407 -2.43849752922208 0.0147484595161615 0.226044226044226
"Funisciurus isabella" 7 49 395 -2.46886992297135 0.0135540477886133 0.243037974683544
"Funisciurus isabella" 7 56 373 -2.52460045255317 0.0115829896033213 0.246648793565684
"Funisciurus isabella" 7 63 349 -2.55249417413869 0.0106954698224751 0.260744985673352
"Funisciurus isabella" 7 70 272 -2.81756561394637 0.00483892265354467 0.305147058823529
"Funisciurus isabella" 7 77 211 NA NA 0.350710900473934
"Funisciurus isabella" 7 84 166 NA NA 0.331325301204819
"Funisciurus isabella" 7 91 150 NA NA 0.326666666666667
"Funisciurus isabella" 7 98 75 NA NA 0.32
"Funisciurus isabella" 7 105 73 NA NA 0.301369863013699
"Funisciurus isabella" 7 112 45 NA NA 0.2
"Funisciurus isabella" 7 119 43 NA NA 0.232558139534884
"Funisciurus isabella" 7 126 43 NA NA 0.232558139534884
"Funisciurus isabella" 7 133 41 NA NA 0.24390243902439
"Funisciurus isabella" 7 140 40 NA NA 0.225
"Funisciurus isabella" 7 147 40 NA NA 0.225
"Funisciurus isabella" 7 154 39 NA NA 0.205128205128205
"Funisciurus isabella" 7 161 39 NA NA 0.205128205128205
"Funisciurus isabella" 7 168 39 NA NA 0.205128205128205
"Funisciurus isabella" 7 175 37 NA NA 0.189189189189189
"Funisciurus isabella" 7 182 37 NA NA 0.189189189189189
"Funisciurus isabella" 7 189 34 NA NA 0.176470588235294
"Funisciurus isabella" 7 196 33 NA NA 0.151515151515152
"Funisciurus isabella" 8 16 435 -1.85673303380487 0.0633491452641714 0.15632183908046
"Funisciurus isabella" 8 24 425 -1.83659576615273 0.0662695928171383 0.174117647058824
"Funisciurus isabella" 8 32 419 -1.72063563455738 0.0853169629184992 0.202863961813842
"Funisciurus isabella" 8 40 408 -1.90168358930056 0.057212532566109 0.223039215686275
"Funisciurus isabella" 8 48 397 -1.92168353285892 0.0546455905318456 0.239294710327456
"Funisciurus isabella" 8 56 373 -2.16131569169904 0.0306709616086324 0.246648793565684
"Funisciurus isabella" 8 64 341 -2.21270362230858 0.026918085504684 0.266862170087977
"Funisciurus isabella" 8 72 249 -2.2398214897888 0.0251025141668929 0.321285140562249
"Funisciurus isabella" 8 80 180 NA NA 0.333333333333333
"Funisciurus isabella" 8 88 158 NA NA 0.329113924050633
"Funisciurus isabella" 8 96 105 NA NA 0.39047619047619
"Funisciurus isabella" 8 104 75 NA NA 0.32
"Funisciurus isabella" 8 112 45 NA NA 0.2
"Funisciurus isabella" 8 120 43 NA NA 0.232558139534884
"Funisciurus isabella" 8 128 42 NA NA 0.238095238095238
"Funisciurus isabella" 8 136 41 NA NA 0.24390243902439
"Funisciurus isabella" 8 144 40 NA NA 0.225
"Funisciurus isabella" 8 152 40 NA NA 0.225
"Funisciurus isabella" 8 160 39 NA NA 0.205128205128205
"Funisciurus isabella" 8 168 39 NA NA 0.205128205128205
"Funisciurus isabella" 8 176 37 NA NA 0.189189189189189
"Funisciurus isabella" 8 184 36 NA NA 0.194444444444444
"Funisciurus isabella" 8 192 33 NA NA 0.151515151515152
"Funisciurus isabella" 8 200 33 NA NA 0.151515151515152
"Funisciurus isabella" 9 18 434 -2.1444581656716 0.031996193992299 0.161290322580645
"Funisciurus isabella" 9 27 422 -2.10729057650436 0.0350923997004406 0.18957345971564
"Funisciurus isabella" 9 36 412 -2.14834265538936 0.0316865446629969 0.211165048543689
"Funisciurus isabella" 9 45 402 -2.20232590296072 0.0276422957398486 0.23134328358209
"Funisciurus isabella" 9 54 381 -2.08429763227868 0.0371331025921736 0.244094488188976
"Funisciurus isabella" 9 63 349 -2.23514353161391 0.0254079272752463 0.260744985673352
"Funisciurus isabella" 9 72 249 -2.33684044318372 0.0194474820495304 0.321285140562249
"Funisciurus isabella" 9 81 176 NA NA 0.335227272727273
"Funisciurus isabella" 9 90 151 NA NA 0.324503311258278
"Funisciurus isabella" 9 99 75 NA NA 0.32
"Funisciurus isabella" 9 108 49 NA NA 0.224489795918367
"Funisciurus isabella" 9 117 43 NA NA 0.209302325581395
"Funisciurus isabella" 9 126 43 NA NA 0.232558139534884
"Funisciurus isabella" 9 135 41 NA NA 0.24390243902439
"Funisciurus isabella" 9 144 40 NA NA 0.225
"Funisciurus isabella" 9 153 40 NA NA 0.225
"Funisciurus isabella" 9 162 39 NA NA 0.205128205128205
"Funisciurus isabella" 9 171 39 NA NA 0.205128205128205
"Funisciurus isabella" 9 180 37 NA NA 0.189189189189189
"Funisciurus isabella" 9 189 34 NA NA 0.176470588235294
"Funisciurus isabella" 9 198 33 NA NA 0.151515151515152
"Funisciurus isabella" 10 20 430 -1.96777602448718 0.0490938139665736 0.167441860465116
"Funisciurus isabella" 10 30 420 -1.94614347881083 0.0516375070897058 0.192857142857143
"Funisciurus isabella" 10 40 408 -1.85529881203391 0.0635535677712195 0.223039215686275
"Funisciurus isabella" 10 50 391 -2.06523812446194 0.0389004748895987 0.245524296675192
"Funisciurus isabella" 10 60 361 -2.03158036833115 0.042196155787921 0.254847645429363
"Funisciurus isabella" 10 70 272 -2.26183777978999 0.0237074277245723 0.305147058823529
"Funisciurus isabella" 10 80 180 NA NA 0.333333333333333
"Funisciurus isabella" 10 90 151 NA NA 0.324503311258278
"Funisciurus isabella" 10 100 75 NA NA 0.32
"Funisciurus isabella" 10 110 47 NA NA 0.191489361702128
"Funisciurus isabella" 10 120 43 NA NA 0.232558139534884
"Funisciurus isabella" 10 130 41 NA NA 0.24390243902439
"Funisciurus isabella" 10 140 40 NA NA 0.225
"Funisciurus isabella" 10 150 40 NA NA 0.225
"Funisciurus isabella" 10 160 39 NA NA 0.205128205128205
"Funisciurus isabella" 10 170 39 NA NA 0.205128205128205
"Funisciurus isabella" 10 180 37 NA NA 0.189189189189189
"Funisciurus isabella" 10 190 34 NA NA 0.176470588235294
"Funisciurus isabella" 10 200 33 NA NA 0.151515151515152
"Funisciurus isabella" 11 22 427 -1.76401400713412 0.0777296209547059 0.173302107728337
"Funisciurus isabella" 11 33 415 -1.67388416799873 0.0941533662695606 0.204819277108434
"Funisciurus isabella" 11 44 403 -2.10374802348151 0.0354004329161464 0.228287841191067
"Funisciurus isabella" 11 55 376 -2.10038055010585 0.0356953785748957 0.24468085106383
"Funisciurus isabella" 11 66 320 -1.93020949920151 0.0535808850344478 0.278125
"Funisciurus isabella" 11 77 211 NA NA 0.350710900473934
"Funisciurus isabella" 11 88 158 NA NA 0.329113924050633
"Funisciurus isabella" 11 99 75 NA NA 0.32
"Funisciurus isabella" 11 110 47 NA NA 0.191489361702128
"Funisciurus isabella" 11 121 43 NA NA 0.232558139534884
"Funisciurus isabella" 11 132 41 NA NA 0.24390243902439
"Funisciurus isabella" 11 143 40 NA NA 0.225
"Funisciurus isabella" 11 154 39 NA NA 0.205128205128205
"Funisciurus isabella" 11 165 39 NA NA 0.205128205128205
"Funisciurus isabella" 11 176 37 NA NA 0.189189189189189
"Funisciurus isabella" 11 187 34 NA NA 0.176470588235294
"Funisciurus isabella" 11 198 33 NA NA 0.151515151515152
"Funisciurus isabella" 12 24 425 -1.76491972814428 0.0775772575665939 0.174117647058824
"Funisciurus isabella" 12 36 412 -1.92051187414516 0.0547932747504095 0.211165048543689
"Funisciurus isabella" 12 48 397 -1.80577208818195 0.0709539470298274 0.239294710327456
"Funisciurus isabella" 12 60 361 -1.96291777231968 0.0496557293430551 0.254847645429363
"Funisciurus isabella" 12 72 249 -1.93730802115472 0.0527077023510014 0.321285140562249
"Funisciurus isabella" 12 84 166 NA NA 0.331325301204819
"Funisciurus isabella" 12 96 105 NA NA 0.39047619047619
"Funisciurus isabella" 12 108 49 NA NA 0.224489795918367
"Funisciurus isabella" 12 120 43 NA NA 0.232558139534884
"Funisciurus isabella" 12 132 41 NA NA 0.24390243902439
"Funisciurus isabella" 12 144 40 NA NA 0.225
"Funisciurus isabella" 12 156 39 NA NA 0.205128205128205
"Funisciurus isabella" 12 168 39 NA NA 0.205128205128205
"Funisciurus isabella" 12 180 37 NA NA 0.189189189189189
"Funisciurus isabella" 12 192 33 NA NA 0.151515151515152
"Funisciurus isabella" 13 26 422 -2.1900003472362 0.0285242116384805 0.187203791469194
"Funisciurus isabella" 13 39 409 -1.90341020976336 0.0569870398386831 0.21760391198044
"Funisciurus isabella" 13 52 386 -1.80403856508576 0.0712252614578913 0.243523316062176
"Funisciurus isabella" 13 65 327 -1.69225796350408 0.090596799059567 0.275229357798165
"Funisciurus isabella" 13 78 209 NA NA 0.354066985645933
"Funisciurus isabella" 13 91 150 NA NA 0.326666666666667
"Funisciurus isabella" 13 104 75 NA NA 0.32
"Funisciurus isabella" 13 117 43 NA NA 0.209302325581395
"Funisciurus isabella" 13 130 41 NA NA 0.24390243902439
"Funisciurus isabella" 13 143 40 NA NA 0.225
"Funisciurus isabella" 13 156 39 NA NA 0.205128205128205
"Funisciurus isabella" 13 169 39 NA NA 0.205128205128205
"Funisciurus isabella" 13 182 37 NA NA 0.189189189189189
"Funisciurus isabella" 13 195 33 NA NA 0.151515151515152
"Funisciurus isabella" 14 28 422 -2.02123001762802 0.0432559597117111 0.18957345971564
"Funisciurus isabella" 14 42 407 -1.88929158253291 0.058852768826175 0.226044226044226
"Funisciurus isabella" 14 56 373 -1.80695097104225 0.0707699241068889 0.246648793565684
"Funisciurus isabella" 14 70 272 -1.99876887707308 0.0456333666948586 0.305147058823529
"Funisciurus isabella" 14 84 166 NA NA 0.331325301204819
"Funisciurus isabella" 14 98 75 NA NA 0.32
"Funisciurus isabella" 14 112 45 NA NA 0.2
"Funisciurus isabella" 14 126 43 NA NA 0.232558139534884
"Funisciurus isabella" 14 140 40 NA NA 0.225
"Funisciurus isabella" 14 154 39 NA NA 0.205128205128205
"Funisciurus isabella" 14 168 39 NA NA 0.205128205128205
"Funisciurus isabella" 14 182 37 NA NA 0.189189189189189
"Funisciurus isabella" 14 196 33 NA NA 0.151515151515152
"Funisciurus isabella" 15 30 420 -1.76558903703912 0.0774648205908555 0.192857142857143
"Funisciurus isabella" 15 45 402 -1.82819583840328 0.0675201653781022 0.23134328358209
"Funisciurus isabella" 15 60 361 -1.69372459415202 0.0903176287421554 0.254847645429363
"Funisciurus isabella" 15 75 218 NA NA 0.353211009174312
"Funisciurus isabella" 15 90 151 NA NA 0.324503311258278
"Funisciurus isabella" 15 105 73 NA NA 0.301369863013699
"Funisciurus isabella" 15 120 43 NA NA 0.232558139534884
"Funisciurus isabella" 15 135 41 NA NA 0.24390243902439
"Funisciurus isabella" 15 150 40 NA NA 0.225
"Funisciurus isabella" 15 165 39 NA NA 0.205128205128205
"Funisciurus isabella" 15 180 37 NA NA 0.189189189189189
"Funisciurus isabella" 15 195 33 NA NA 0.151515151515152
"Funisciurus isabella" 16 32 419 -1.2979749608357 0.194295939288146 0.202863961813842
"Funisciurus isabella" 16 48 397 -1.44157214896295 0.149423110077983 0.239294710327456
"Funisciurus isabella" 16 64 341 -1.49450823261174 0.135042831761708 0.266862170087977
"Funisciurus isabella" 16 80 180 NA NA 0.333333333333333
"Funisciurus isabella" 16 96 105 NA NA 0.39047619047619
"Funisciurus isabella" 16 112 45 NA NA 0.2
"Funisciurus isabella" 16 128 42 NA NA 0.238095238095238
"Funisciurus isabella" 16 144 40 NA NA 0.225
"Funisciurus isabella" 16 160 39 NA NA 0.205128205128205
"Funisciurus isabella" 16 176 37 NA NA 0.189189189189189
"Funisciurus isabella" 16 192 33 NA NA 0.151515151515152
"Funisciurus isabella" 17 34 415 -1.48931263167817 0.136405062971048 0.209638554216867
"Funisciurus isabella" 17 51 388 -1.636291328656 0.101778630050457 0.242268041237113
"Funisciurus isabella" 17 68 296 -1.48619353068894 0.137227938228575 0.283783783783784
"Funisciurus isabella" 17 85 166 NA NA 0.331325301204819
"Funisciurus isabella" 17 102 75 NA NA 0.32
"Funisciurus isabella" 17 119 43 NA NA 0.232558139534884
"Funisciurus isabella" 17 136 41 NA NA 0.24390243902439
"Funisciurus isabella" 17 153 40 NA NA 0.225
"Funisciurus isabella" 17 170 39 NA NA 0.205128205128205
"Funisciurus isabella" 17 187 34 NA NA 0.176470588235294
"Funisciurus isabella" 18 36 412 -1.60070274672053 0.109442772519209 0.211165048543689
"Funisciurus isabella" 18 54 381 -1.40675430005509 0.159500258120609 0.244094488188976
"Funisciurus isabella" 18 72 249 -1.45337875125058 0.146118622853365 0.321285140562249
"Funisciurus isabella" 18 90 151 NA NA 0.324503311258278
"Funisciurus isabella" 18 108 49 NA NA 0.224489795918367
"Funisciurus isabella" 18 126 43 NA NA 0.232558139534884
"Funisciurus isabella" 18 144 40 NA NA 0.225
"Funisciurus isabella" 18 162 39 NA NA 0.205128205128205
"Funisciurus isabella" 18 180 37 NA NA 0.189189189189189
"Funisciurus isabella" 18 198 33 NA NA 0.151515151515152
"Funisciurus isabella" 19 38 410 -1.36970344604216 0.170779492553084 0.217073170731707
"Funisciurus isabella" 19 57 370 -1.34473874565648 0.178709617594343 0.245945945945946
"Funisciurus isabella" 19 76 216 NA NA 0.351851851851852
"Funisciurus isabella" 19 95 127 NA NA 0.37007874015748
"Funisciurus isabella" 19 114 45 NA NA 0.2
"Funisciurus isabella" 19 133 41 NA NA 0.24390243902439
"Funisciurus isabella" 19 152 40 NA NA 0.225
"Funisciurus isabella" 19 171 39 NA NA 0.205128205128205
"Funisciurus isabella" 19 190 34 NA NA 0.176470588235294
"Funisciurus isabella" 20 40 408 -1.38093853401461 0.167297860518962 0.223039215686275
"Funisciurus isabella" 20 60 361 -1.25855700719956 0.208190384151668 0.254847645429363
"Funisciurus isabella" 20 80 180 NA NA 0.333333333333333
"Funisciurus isabella" 20 100 75 NA NA 0.32
"Funisciurus isabella" 20 120 43 NA NA 0.232558139534884
"Funisciurus isabella" 20 140 40 NA NA 0.225
"Funisciurus isabella" 20 160 39 NA NA 0.205128205128205
"Funisciurus isabella" 20 180 37 NA NA 0.189189189189189
"Funisciurus isabella" 20 200 33 NA NA 0.151515151515152
"Funisciurus isabella" 21 42 407 -1.48788127818588 0.136782205839755 0.226044226044226
"Funisciurus isabella" 21 63 349 -1.12384263729068 0.26107978984234 0.260744985673352
"Funisciurus isabella" 21 84 166 NA NA 0.331325301204819
"Funisciurus isabella" 21 105 73 NA NA 0.301369863013699
"Funisciurus isabella" 21 126 43 NA NA 0.232558139534884
"Funisciurus isabella" 21 147 40 NA NA 0.225
"Funisciurus isabella" 21 168 39 NA NA 0.205128205128205
"Funisciurus isabella" 21 189 34 NA NA 0.176470588235294
"Funisciurus isabella" 22 44 403 -1.67590007887981 0.0937577662841533 0.228287841191067
"Funisciurus isabella" 22 66 320 -1.09461258983894 0.273686397592283 0.278125
"Funisciurus isabella" 22 88 158 NA NA 0.329113924050633
"Funisciurus isabella" 22 110 47 NA NA 0.191489361702128
"Funisciurus isabella" 22 132 41 NA NA 0.24390243902439
"Funisciurus isabella" 22 154 39 NA NA 0.205128205128205
"Funisciurus isabella" 22 176 37 NA NA 0.189189189189189
"Funisciurus isabella" 22 198 33 NA NA 0.151515151515152
"Funisciurus isabella" 23 46 401 -1.67292387836196 0.094342282397312 0.234413965087282
"Funisciurus isabella" 23 69 283 -1.91419568705566 0.0555951566441965 0.289752650176678
"Funisciurus isabella" 23 92 146 NA NA 0.335616438356164
"Funisciurus isabella" 23 115 44 NA NA 0.204545454545455
"Funisciurus isabella" 23 138 41 NA NA 0.24390243902439
"Funisciurus isabella" 23 161 39 NA NA 0.205128205128205
"Funisciurus isabella" 23 184 36 NA NA 0.194444444444444
"Funisciurus isabella" 24 48 397 -1.5110636194447 0.130772242640831 0.239294710327456
"Funisciurus isabella" 24 72 249 -1.46672585004924 0.142450647883817 0.321285140562249
"Funisciurus isabella" 24 96 105 NA NA 0.39047619047619
"Funisciurus isabella" 24 120 43 NA NA 0.232558139534884
"Funisciurus isabella" 24 144 40 NA NA 0.225
"Funisciurus isabella" 24 168 39 NA NA 0.205128205128205
"Funisciurus isabella" 24 192 33 NA NA 0.151515151515152
"Funisciurus isabella" 25 50 391 -1.69738757593684 0.0896234098850927 0.245524296675192
"Funisciurus isabella" 25 75 218 NA NA 0.353211009174312
"Funisciurus isabella" 25 100 75 NA NA 0.32
"Funisciurus isabella" 25 125 43 NA NA 0.232558139534884
"Funisciurus isabella" 25 150 40 NA NA 0.225
"Funisciurus isabella" 25 175 37 NA NA 0.189189189189189
"Funisciurus isabella" 25 200 33 NA NA 0.151515151515152
"Funisciurus isabella" 26 52 386 -1.44531015233261 0.148370787488846 0.243523316062176
"Funisciurus isabella" 26 78 209 NA NA 0.354066985645933
"Funisciurus isabella" 26 104 75 NA NA 0.32
"Funisciurus isabella" 26 130 41 NA NA 0.24390243902439
"Funisciurus isabella" 26 156 39 NA NA 0.205128205128205
"Funisciurus isabella" 26 182 37 NA NA 0.189189189189189
"Funisciurus isabella" 27 54 381 -1.25699649508112 0.208754904740709 0.244094488188976
"Funisciurus isabella" 27 81 176 NA NA 0.335227272727273
"Funisciurus isabella" 27 108 49 NA NA 0.224489795918367
"Funisciurus isabella" 27 135 41 NA NA 0.24390243902439
"Funisciurus isabella" 27 162 39 NA NA 0.205128205128205
"Funisciurus isabella" 27 189 34 NA NA 0.176470588235294
"Funisciurus isabella" 28 56 373 -1.44441151856917 0.148623252542144 0.246648793565684
"Funisciurus isabella" 28 84 166 NA NA 0.331325301204819
"Funisciurus isabella" 28 112 45 NA NA 0.2
"Funisciurus isabella" 28 140 40 NA NA 0.225
"Funisciurus isabella" 28 168 39 NA NA 0.205128205128205
"Funisciurus isabella" 28 196 33 NA NA 0.151515151515152
"Funisciurus isabella" 29 58 366 -1.54503330234843 0.122338208324194 0.245901639344262
"Funisciurus isabella" 29 87 163 NA NA 0.325153374233129
"Funisciurus isabella" 29 116 44 NA NA 0.204545454545455
"Funisciurus isabella" 29 145 40 NA NA 0.225
"Funisciurus isabella" 29 174 38 NA NA 0.210526315789474
"Funisciurus isabella" 30 60 361 -1.23773113582585 0.215815770170258 0.254847645429363
"Funisciurus isabella" 30 90 151 NA NA 0.324503311258278
"Funisciurus isabella" 30 120 43 NA NA 0.232558139534884
"Funisciurus isabella" 30 150 40 NA NA 0.225
"Funisciurus isabella" 30 180 37 NA NA 0.189189189189189
"Funisciurus isabella" 31 62 351 -1.0950100948974 0.273512213912973 0.259259259259259
"Funisciurus isabella" 31 93 142 NA NA 0.345070422535211
"Funisciurus isabella" 31 124 43 NA NA 0.232558139534884
"Funisciurus isabella" 31 155 39 NA NA 0.205128205128205
"Funisciurus isabella" 31 186 35 NA NA 0.171428571428571
"Funisciurus isabella" 32 64 341 -0.951077682636719 0.341564942870472 0.266862170087977
"Funisciurus isabella" 32 96 105 NA NA 0.39047619047619
"Funisciurus isabella" 32 128 42 NA NA 0.238095238095238
"Funisciurus isabella" 32 160 39 NA NA 0.205128205128205
"Funisciurus isabella" 32 192 33 NA NA 0.151515151515152
"Funisciurus isabella" 33 66 320 -0.882814018916237 0.377336764828063 0.278125
"Funisciurus isabella" 33 99 75 NA NA 0.32
"Funisciurus isabella" 33 132 41 NA NA 0.24390243902439
"Funisciurus isabella" 33 165 39 NA NA 0.205128205128205
"Funisciurus isabella" 33 198 33 NA NA 0.151515151515152
"Funisciurus isabella" 34 68 296 -1.21869015526506 0.222961815921722 0.283783783783784
"Funisciurus isabella" 34 102 75 NA NA 0.32
"Funisciurus isabella" 34 136 41 NA NA 0.24390243902439
"Funisciurus isabella" 34 170 39 NA NA 0.205128205128205
"Funisciurus isabella" 35 70 272 -1.42628417071463 0.153786331892475 0.305147058823529
"Funisciurus isabella" 35 105 73 NA NA 0.301369863013699
"Funisciurus isabella" 35 140 40 NA NA 0.225
"Funisciurus isabella" 35 175 37 NA NA 0.189189189189189
"Funisciurus isabella" 36 72 249 -1.04528217649238 0.295892572810638 0.321285140562249
"Funisciurus isabella" 36 108 49 NA NA 0.224489795918367
"Funisciurus isabella" 36 144 40 NA NA 0.225
"Funisciurus isabella" 36 180 37 NA NA 0.189189189189189
"Funisciurus isabella" 37 74 225 NA NA 0.342222222222222
"Funisciurus isabella" 37 111 45 NA NA 0.2
"Funisciurus isabella" 37 148 40 NA NA 0.225
"Funisciurus isabella" 37 185 35 NA NA 0.171428571428571
"Funisciurus isabella" 38 76 216 NA NA 0.351851851851852
"Funisciurus isabella" 38 114 45 NA NA 0.2
"Funisciurus isabella" 38 152 40 NA NA 0.225
"Funisciurus isabella" 38 190 34 NA NA 0.176470588235294
"Funisciurus isabella" 39 78 209 NA NA 0.354066985645933
"Funisciurus isabella" 39 117 43 NA NA 0.209302325581395
"Funisciurus isabella" 39 156 39 NA NA 0.205128205128205
"Funisciurus isabella" 39 195 33 NA NA 0.151515151515152
"Funisciurus isabella" 40 80 180 NA NA 0.333333333333333
"Funisciurus isabella" 40 120 43 NA NA 0.232558139534884
"Funisciurus isabella" 40 160 39 NA NA 0.205128205128205
"Funisciurus isabella" 40 200 33 NA NA 0.151515151515152
"Funisciurus isabella" 41 82 170 NA NA 0.335294117647059
"Funisciurus isabella" 41 123 43 NA NA 0.232558139534884
"Funisciurus isabella" 41 164 39 NA NA 0.205128205128205
"Funisciurus isabella" 42 84 166 NA NA 0.331325301204819
"Funisciurus isabella" 42 126 43 NA NA 0.232558139534884
"Funisciurus isabella" 42 168 39 NA NA 0.205128205128205
"Funisciurus isabella" 43 86 165 NA NA 0.327272727272727
"Funisciurus isabella" 43 129 42 NA NA 0.238095238095238
"Funisciurus isabella" 43 172 39 NA NA 0.205128205128205
"Funisciurus isabella" 44 88 158 NA NA 0.329113924050633
"Funisciurus isabella" 44 132 41 NA NA 0.24390243902439
"Funisciurus isabella" 44 176 37 NA NA 0.189189189189189
"Funisciurus isabella" 45 90 151 NA NA 0.324503311258278
"Funisciurus isabella" 45 135 41 NA NA 0.24390243902439
"Funisciurus isabella" 45 180 37 NA NA 0.189189189189189
"Funisciurus isabella" 46 92 146 NA NA 0.335616438356164
"Funisciurus isabella" 46 138 41 NA NA 0.24390243902439
"Funisciurus isabella" 46 184 36 NA NA 0.194444444444444
"Funisciurus isabella" 47 94 142 NA NA 0.345070422535211
"Funisciurus isabella" 47 141 40 NA NA 0.225
"Funisciurus isabella" 47 188 34 NA NA 0.176470588235294
"Funisciurus isabella" 48 96 105 NA NA 0.39047619047619
"Funisciurus isabella" 48 144 40 NA NA 0.225
"Funisciurus isabella" 48 192 33 NA NA 0.151515151515152
"Funisciurus isabella" 49 98 75 NA NA 0.32
"Funisciurus isabella" 49 147 40 NA NA 0.225
"Funisciurus isabella" 49 196 33 NA NA 0.151515151515152
"Funisciurus isabella" 50 100 75 NA NA 0.32
"Funisciurus isabella" 50 150 40 NA NA 0.225
"Funisciurus isabella" 50 200 33 NA NA 0.151515151515152
"Funisciurus isabella" 51 102 75 NA NA 0.32
"Funisciurus isabella" 51 153 40 NA NA 0.225
"Funisciurus isabella" 52 104 75 NA NA 0.32
"Funisciurus isabella" 52 156 39 NA NA 0.205128205128205
"Funisciurus isabella" 53 106 61 NA NA 0.229508196721311
"Funisciurus isabella" 53 159 39 NA NA 0.205128205128205
"Funisciurus isabella" 54 108 49 NA NA 0.224489795918367
"Funisciurus isabella" 54 162 39 NA NA 0.205128205128205
"Funisciurus isabella" 55 110 47 NA NA 0.191489361702128
"Funisciurus isabella" 55 165 39 NA NA 0.205128205128205
"Funisciurus isabella" 56 112 45 NA NA 0.2
"Funisciurus isabella" 56 168 39 NA NA 0.205128205128205
"Funisciurus isabella" 57 114 45 NA NA 0.2
"Funisciurus isabella" 57 171 39 NA NA 0.205128205128205
"Funisciurus isabella" 58 116 44 NA NA 0.204545454545455
"Funisciurus isabella" 58 174 38 NA NA 0.210526315789474
"Funisciurus isabella" 59 118 43 NA NA 0.209302325581395
"Funisciurus isabella" 59 177 37 NA NA 0.189189189189189
"Funisciurus isabella" 60 120 43 NA NA 0.232558139534884
"Funisciurus isabella" 60 180 37 NA NA 0.189189189189189
"Funisciurus isabella" 61 122 43 NA NA 0.232558139534884
"Funisciurus isabella" 61 183 37 NA NA 0.189189189189189
"Funisciurus isabella" 62 124 43 NA NA 0.232558139534884
"Funisciurus isabella" 62 186 35 NA NA 0.171428571428571
"Funisciurus isabella" 63 126 43 NA NA 0.232558139534884
"Funisciurus isabella" 63 189 34 NA NA 0.176470588235294
"Funisciurus isabella" 64 128 42 NA NA 0.238095238095238
"Funisciurus isabella" 64 192 33 NA NA 0.151515151515152
"Funisciurus isabella" 65 130 41 NA NA 0.24390243902439
"Funisciurus isabella" 65 195 33 NA NA 0.151515151515152
"Funisciurus isabella" 66 132 41 NA NA 0.24390243902439
"Funisciurus isabella" 66 198 33 NA NA 0.151515151515152
"Funisciurus isabella" 67 134 41 NA NA 0.24390243902439
"Funisciurus isabella" 68 136 41 NA NA 0.24390243902439
"Funisciurus isabella" 69 138 41 NA NA 0.24390243902439
"Funisciurus isabella" 70 140 40 NA NA 0.225
"Funisciurus isabella" 71 142 40 NA NA 0.225
"Funisciurus isabella" 72 144 40 NA NA 0.225
"Funisciurus isabella" 73 146 40 NA NA 0.225
"Funisciurus isabella" 74 148 40 NA NA 0.225
"Funisciurus isabella" 75 150 40 NA NA 0.225
"Funisciurus isabella" 76 152 40 NA NA 0.225
"Funisciurus isabella" 77 154 39 NA NA 0.205128205128205
"Funisciurus isabella" 78 156 39 NA NA 0.205128205128205
"Funisciurus isabella" 79 158 39 NA NA 0.205128205128205
"Funisciurus isabella" 80 160 39 NA NA 0.205128205128205
"Funisciurus isabella" 81 162 39 NA NA 0.205128205128205
"Funisciurus isabella" 82 164 39 NA NA 0.205128205128205
"Funisciurus isabella" 83 166 39 NA NA 0.205128205128205
"Funisciurus isabella" 84 168 39 NA NA 0.205128205128205
"Funisciurus isabella" 85 170 39 NA NA 0.205128205128205
"Funisciurus isabella" 86 172 39 NA NA 0.205128205128205
"Funisciurus isabella" 87 174 38 NA NA 0.210526315789474
"Funisciurus isabella" 88 176 37 NA NA 0.189189189189189
"Funisciurus isabella" 89 178 37 NA NA 0.189189189189189
"Funisciurus isabella" 90 180 37 NA NA 0.189189189189189
"Funisciurus isabella" 91 182 37 NA NA 0.189189189189189
"Funisciurus isabella" 92 184 36 NA NA 0.194444444444444
"Funisciurus isabella" 93 186 35 NA NA 0.171428571428571
"Funisciurus isabella" 94 188 34 NA NA 0.176470588235294
"Funisciurus isabella" 95 190 34 NA NA 0.176470588235294
"Funisciurus isabella" 96 192 33 NA NA 0.151515151515152
"Funisciurus isabella" 97 194 33 NA NA 0.151515151515152
"Funisciurus isabella" 98 196 33 NA NA 0.151515151515152
"Funisciurus isabella" 99 198 33 NA NA 0.151515151515152
"Funisciurus isabella" 100 200 33 NA NA 0.151515151515152
