"species" "time_interval" "study_duration" "n_cams" "z" "P" "p_presence"
"Smutsia gigantea" 1 2 454 NA NA 0
"Smutsia gigantea" 1 3 454 -0.00748889547724222 0.994024781773208 0.00220264317180617
"Smutsia gigantea" 1 4 452 NA NA 0.00884955752212389
"Smutsia gigantea" 1 5 450 NA NA 0.00888888888888889
"Smutsia gigantea" 1 6 449 -1.11647704552516 0.264217990457308 0.0111358574610245
"Smutsia gigantea" 1 7 447 NA NA 0.0111856823266219
"Smutsia gigantea" 1 8 447 NA NA 0.0111856823266219
"Smutsia gigantea" 1 9 447 NA NA 0.0111856823266219
"Smutsia gigantea" 1 10 445 NA NA 0.0112359550561798
"Smutsia gigantea" 1 11 440 NA NA 0.0181818181818182
"Smutsia gigantea" 1 12 439 NA NA 0.020501138952164
"Smutsia gigantea" 1 13 438 NA NA 0.0205479452054795
"Smutsia gigantea" 1 14 436 NA NA 0.0206422018348624
"Smutsia gigantea" 1 15 436 NA NA 0.0206422018348624
"Smutsia gigantea" 1 16 435 NA NA 0.0229885057471264
"Smutsia gigantea" 1 17 435 NA NA 0.0252873563218391
"Smutsia gigantea" 1 18 434 NA NA 0.0253456221198157
"Smutsia gigantea" 1 19 432 NA NA 0.025462962962963
"Smutsia gigantea" 1 20 430 NA NA 0.027906976744186
"Smutsia gigantea" 1 21 429 NA NA 0.027972027972028
"Smutsia gigantea" 1 22 427 NA NA 0.0304449648711944
"Smutsia gigantea" 1 23 426 NA NA 0.0305164319248826
"Smutsia gigantea" 1 24 425 NA NA 0.0305882352941176
"Smutsia gigantea" 1 25 423 -0.264341409908333 0.791516854212901 0.0354609929078014
"Smutsia gigantea" 1 26 422 -0.270012716859142 0.787150470218955 0.0355450236966825
"Smutsia gigantea" 1 27 422 -0.268001483818575 0.788698176580107 0.0355450236966825
"Smutsia gigantea" 1 28 422 -0.268545501651257 0.788279455369727 0.0355450236966825
"Smutsia gigantea" 1 29 422 -0.228642828027204 0.819146534219027 0.0402843601895735
"Smutsia gigantea" 1 30 420 -0.232108228687127 0.81645395382521 0.0404761904761905
"Smutsia gigantea" 1 31 419 -0.453811118142155 0.649964780611288 0.0429594272076372
"Smutsia gigantea" 1 32 419 -0.642103354106253 0.52080607827302 0.045346062052506
"Smutsia gigantea" 1 33 415 -0.635084838502162 0.52537308480854 0.0457831325301205
"Smutsia gigantea" 1 34 415 -0.363991238513267 0.715864551936416 0.0481927710843374
"Smutsia gigantea" 1 35 413 -0.389186355450251 0.69713829616068 0.0484261501210654
"Smutsia gigantea" 1 36 412 -0.382340299186871 0.702208966731098 0.0485436893203883
"Smutsia gigantea" 1 37 410 -0.598090574637379 0.549779498964291 0.0512195121951219
"Smutsia gigantea" 1 38 410 -0.599119837397833 0.549092974005526 0.0512195121951219
"Smutsia gigantea" 1 39 409 -0.358556643143156 0.719926786535543 0.0537897310513447
"Smutsia gigantea" 1 40 408 -0.347374785074885 0.728309773902335 0.053921568627451
"Smutsia gigantea" 1 41 407 -0.357991950224325 0.720349337673831 0.0540540540540541
"Smutsia gigantea" 1 42 407 -0.370115807513502 0.71129620445869 0.0540540540540541
"Smutsia gigantea" 1 43 405 -0.143008766344307 0.886283257817814 0.0518518518518519
"Smutsia gigantea" 1 44 403 -0.182568338820075 0.855136728720451 0.0521091811414392
"Smutsia gigantea" 1 45 402 -0.192212113684561 0.847576057475121 0.0522388059701493
"Smutsia gigantea" 1 46 401 -0.173070674770596 0.862595875224173 0.0523690773067332
"Smutsia gigantea" 1 47 398 -0.193363734352413 0.846674115212172 0.0527638190954774
"Smutsia gigantea" 1 48 397 -0.235684185961991 0.813677742028755 0.0579345088161209
"Smutsia gigantea" 1 49 395 -0.269249834325869 0.787737433449437 0.0582278481012658
"Smutsia gigantea" 1 50 391 -0.306311428186487 0.759367538721066 0.0639386189258312
"Smutsia gigantea" 1 51 388 -0.265187578875107 0.790864963085904 0.0644329896907216
"Smutsia gigantea" 1 52 386 -0.661497640888668 0.508293227025934 0.0647668393782383
"Smutsia gigantea" 1 53 382 -0.705657097832081 0.4804014070011 0.0654450261780105
"Smutsia gigantea" 1 54 381 -0.472104514218506 0.636852190484373 0.068241469816273
"Smutsia gigantea" 1 55 376 -0.482422227661545 0.629506034145395 0.0691489361702128
"Smutsia gigantea" 1 56 373 -0.690179138660015 0.490081540579843 0.0670241286863271
"Smutsia gigantea" 1 57 370 -0.498168274030204 0.618365441943101 0.0648648648648649
"Smutsia gigantea" 1 58 366 -0.534996675558631 0.592652156110987 0.0655737704918033
"Smutsia gigantea" 1 59 364 -0.710318442300285 0.47750668588466 0.0686813186813187
"Smutsia gigantea" 1 60 361 -0.376945230684166 0.706214307212376 0.0692520775623269
"Smutsia gigantea" 1 61 356 -0.296211898440342 0.767068262726743 0.0702247191011236
"Smutsia gigantea" 1 62 351 -0.30573458704278 0.759806736796673 0.0712250712250712
"Smutsia gigantea" 1 63 349 -0.123206477613402 0.901943596258801 0.0773638968481375
"Smutsia gigantea" 1 64 341 -0.194880250899973 0.845486695266012 0.0821114369501466
"Smutsia gigantea" 1 65 327 0.0194075463823779 0.984515990400611 0.0856269113149847
"Smutsia gigantea" 1 66 320 -0.00745396124169266 0.994052654482426 0.084375
"Smutsia gigantea" 1 67 304 0.258731226592848 0.795842624382003 0.0855263157894737
"Smutsia gigantea" 1 68 296 0.0234012841432716 0.981330180689391 0.0878378378378378
"Smutsia gigantea" 1 69 283 0.207536135791606 0.835591174656748 0.088339222614841
"Smutsia gigantea" 1 70 272 0.0558527376869561 0.955459121879063 0.0845588235294118
"Smutsia gigantea" 1 71 268 NA NA 0.0783582089552239
"Smutsia gigantea" 1 72 249 -0.511741696097634 0.608831800187431 0.0682730923694779
"Smutsia gigantea" 1 73 231 NA NA 0.0692640692640693
"Smutsia gigantea" 1 74 225 NA NA 0.0622222222222222
"Smutsia gigantea" 1 75 218 NA NA 0.0642201834862385
"Smutsia gigantea" 1 76 216 NA NA 0.0601851851851852
"Smutsia gigantea" 1 77 211 NA NA 0.0568720379146919
"Smutsia gigantea" 1 78 209 NA NA 0.0574162679425837
"Smutsia gigantea" 1 79 195 NA NA 0.0564102564102564
"Smutsia gigantea" 1 80 180 NA NA 0.0555555555555556
"Smutsia gigantea" 1 81 176 NA NA 0.0568181818181818
"Smutsia gigantea" 1 82 170 NA NA 0.0588235294117647
"Smutsia gigantea" 1 83 166 NA NA 0.0602409638554217
"Smutsia gigantea" 1 84 166 NA NA 0.0602409638554217
"Smutsia gigantea" 1 85 166 NA NA 0.0602409638554217
"Smutsia gigantea" 1 86 165 NA NA 0.0606060606060606
"Smutsia gigantea" 1 87 163 NA NA 0.0613496932515337
"Smutsia gigantea" 1 88 158 NA NA 0.0569620253164557
"Smutsia gigantea" 1 89 153 NA NA 0.0588235294117647
"Smutsia gigantea" 1 90 151 NA NA 0.0529801324503311
"Smutsia gigantea" 1 91 150 NA NA 0.0533333333333333
"Smutsia gigantea" 1 92 146 NA NA 0.0547945205479452
"Smutsia gigantea" 1 93 142 NA NA 0.0563380281690141
"Smutsia gigantea" 1 94 142 NA NA 0.0563380281690141
"Smutsia gigantea" 1 95 127 NA NA 0.047244094488189
"Smutsia gigantea" 1 96 105 NA NA 0.0476190476190476
"Smutsia gigantea" 1 97 89 NA NA 0.0561797752808989
"Smutsia gigantea" 1 98 75 NA NA 0.0666666666666667
"Smutsia gigantea" 1 99 75 NA NA 0.0666666666666667
"Smutsia gigantea" 1 100 75 NA NA 0.0666666666666667
"Smutsia gigantea" 1 101 75 NA NA 0.0666666666666667
"Smutsia gigantea" 1 102 75 NA NA 0.0666666666666667
"Smutsia gigantea" 1 103 75 NA NA 0.0666666666666667
"Smutsia gigantea" 1 104 75 NA NA 0.0666666666666667
"Smutsia gigantea" 1 105 73 NA NA 0.0684931506849315
"Smutsia gigantea" 1 106 61 NA NA 0.0491803278688525
"Smutsia gigantea" 1 107 56 NA NA 0.0535714285714286
"Smutsia gigantea" 1 108 49 NA NA 0.0612244897959184
"Smutsia gigantea" 1 109 48 NA NA 0.0625
"Smutsia gigantea" 1 110 47 NA NA 0.0425531914893617
"Smutsia gigantea" 1 111 45 NA NA 0.0444444444444444
"Smutsia gigantea" 1 112 45 NA NA 0.0444444444444444
"Smutsia gigantea" 1 113 45 NA NA 0.0444444444444444
"Smutsia gigantea" 1 114 45 NA NA 0.0444444444444444
"Smutsia gigantea" 1 115 44 NA NA 0.0454545454545455
"Smutsia gigantea" 1 116 44 NA NA 0.0454545454545455
"Smutsia gigantea" 1 117 43 NA NA 0.0465116279069767
"Smutsia gigantea" 1 118 43 NA NA 0.0465116279069767
"Smutsia gigantea" 1 119 43 NA NA 0.0465116279069767
"Smutsia gigantea" 1 120 43 NA NA 0.0465116279069767
"Smutsia gigantea" 1 121 43 NA NA 0.0465116279069767
"Smutsia gigantea" 1 122 43 NA NA 0.0465116279069767
"Smutsia gigantea" 1 123 43 NA NA 0.0465116279069767
"Smutsia gigantea" 1 124 43 NA NA 0.0465116279069767
"Smutsia gigantea" 1 125 43 NA NA 0.0465116279069767
"Smutsia gigantea" 1 126 43 NA NA 0.0465116279069767
"Smutsia gigantea" 1 127 43 NA NA 0.0465116279069767
"Smutsia gigantea" 1 128 42 NA NA 0.0476190476190476
"Smutsia gigantea" 1 129 42 NA NA 0.0476190476190476
"Smutsia gigantea" 1 130 41 NA NA 0.0487804878048781
"Smutsia gigantea" 1 131 41 NA NA 0.0487804878048781
"Smutsia gigantea" 1 132 41 NA NA 0.0487804878048781
"Smutsia gigantea" 1 133 41 NA NA 0.0487804878048781
"Smutsia gigantea" 1 134 41 NA NA 0.0487804878048781
"Smutsia gigantea" 1 135 41 NA NA 0.0487804878048781
"Smutsia gigantea" 1 136 41 NA NA 0.0487804878048781
"Smutsia gigantea" 1 137 41 NA NA 0.0487804878048781
"Smutsia gigantea" 1 138 41 NA NA 0.0487804878048781
"Smutsia gigantea" 1 139 40 NA NA 0.05
"Smutsia gigantea" 1 140 40 NA NA 0.05
"Smutsia gigantea" 1 141 40 NA NA 0.05
"Smutsia gigantea" 1 142 40 NA NA 0.05
"Smutsia gigantea" 1 143 40 NA NA 0.05
"Smutsia gigantea" 1 144 40 NA NA 0.05
"Smutsia gigantea" 1 145 40 NA NA 0.05
"Smutsia gigantea" 1 146 40 NA NA 0.05
"Smutsia gigantea" 1 147 40 NA NA 0.05
"Smutsia gigantea" 1 148 40 NA NA 0.05
"Smutsia gigantea" 1 149 40 NA NA 0.05
"Smutsia gigantea" 1 150 40 NA NA 0.05
"Smutsia gigantea" 1 151 40 NA NA 0.05
"Smutsia gigantea" 1 152 40 NA NA 0.05
"Smutsia gigantea" 1 153 40 NA NA 0.05
"Smutsia gigantea" 1 154 39 NA NA 0.0512820512820513
"Smutsia gigantea" 1 155 39 NA NA 0.0512820512820513
"Smutsia gigantea" 1 156 39 NA NA 0.0512820512820513
"Smutsia gigantea" 1 157 39 NA NA 0.0512820512820513
"Smutsia gigantea" 1 158 39 NA NA 0.0512820512820513
"Smutsia gigantea" 1 159 39 NA NA 0.0512820512820513
"Smutsia gigantea" 1 160 39 NA NA 0.0512820512820513
"Smutsia gigantea" 1 161 39 NA NA 0.0512820512820513
"Smutsia gigantea" 1 162 39 NA NA 0.0512820512820513
"Smutsia gigantea" 1 163 39 NA NA 0.0512820512820513
"Smutsia gigantea" 1 164 39 NA NA 0.0512820512820513
"Smutsia gigantea" 1 165 39 NA NA 0.0512820512820513
"Smutsia gigantea" 1 166 39 NA NA 0.0512820512820513
"Smutsia gigantea" 1 167 39 NA NA 0.0512820512820513
"Smutsia gigantea" 1 168 39 NA NA 0.0512820512820513
"Smutsia gigantea" 1 169 39 NA NA 0.0512820512820513
"Smutsia gigantea" 1 170 39 NA NA 0.0512820512820513
"Smutsia gigantea" 1 171 39 NA NA 0.0512820512820513
"Smutsia gigantea" 1 172 39 NA NA 0.0512820512820513
"Smutsia gigantea" 1 173 38 NA NA 0.0526315789473684
"Smutsia gigantea" 1 174 38 NA NA 0.0526315789473684
"Smutsia gigantea" 1 175 37 NA NA 0.027027027027027
"Smutsia gigantea" 1 176 37 NA NA 0.027027027027027
"Smutsia gigantea" 1 177 37 NA NA 0.027027027027027
"Smutsia gigantea" 1 178 37 NA NA 0.027027027027027
"Smutsia gigantea" 1 179 37 NA NA 0.027027027027027
"Smutsia gigantea" 1 180 37 NA NA 0.027027027027027
"Smutsia gigantea" 1 181 37 NA NA 0.027027027027027
"Smutsia gigantea" 1 182 37 NA NA 0.027027027027027
"Smutsia gigantea" 1 183 37 NA NA 0.027027027027027
"Smutsia gigantea" 1 184 36 NA NA 0.0277777777777778
"Smutsia gigantea" 1 185 35 NA NA 0.0285714285714286
"Smutsia gigantea" 1 186 35 NA NA 0.0285714285714286
"Smutsia gigantea" 1 187 34 NA NA 0.0294117647058824
"Smutsia gigantea" 1 188 34 NA NA 0.0294117647058824
"Smutsia gigantea" 1 189 34 NA NA 0.0294117647058824
"Smutsia gigantea" 1 190 34 NA NA 0.0294117647058824
"Smutsia gigantea" 1 191 33 NA NA 0.0303030303030303
"Smutsia gigantea" 1 192 33 NA NA 0.0303030303030303
"Smutsia gigantea" 1 193 33 NA NA 0.0303030303030303
"Smutsia gigantea" 1 194 33 NA NA 0.0303030303030303
"Smutsia gigantea" 1 195 33 NA NA 0.0303030303030303
"Smutsia gigantea" 1 196 33 NA NA 0.0303030303030303
"Smutsia gigantea" 1 197 33 NA NA 0.0303030303030303
"Smutsia gigantea" 1 198 33 NA NA 0.0303030303030303
"Smutsia gigantea" 1 199 33 NA NA 0.0303030303030303
"Smutsia gigantea" 1 200 33 NA NA 0.0303030303030303
"Smutsia gigantea" 2 4 452 -0.831653907781433 0.405604324408181 0.00884955752212389
"Smutsia gigantea" 2 6 449 -1.147675805053 0.251102422931579 0.0111358574610245
"Smutsia gigantea" 2 8 447 NA NA 0.0111856823266219
"Smutsia gigantea" 2 10 445 NA NA 0.0112359550561798
"Smutsia gigantea" 2 12 439 NA NA 0.020501138952164
"Smutsia gigantea" 2 14 436 NA NA 0.0206422018348624
"Smutsia gigantea" 2 16 435 NA NA 0.0229885057471264
"Smutsia gigantea" 2 18 434 NA NA 0.0253456221198157
"Smutsia gigantea" 2 20 430 NA NA 0.027906976744186
"Smutsia gigantea" 2 22 427 NA NA 0.0304449648711944
"Smutsia gigantea" 2 24 425 NA NA 0.0305882352941176
"Smutsia gigantea" 2 26 422 -0.278304396845734 0.780778701202237 0.0355450236966825
"Smutsia gigantea" 2 28 422 -0.277061794561799 0.78173265735871 0.0355450236966825
"Smutsia gigantea" 2 30 420 -0.240734141934428 0.809761175568064 0.0404761904761905
"Smutsia gigantea" 2 32 419 -0.651805508507009 0.514526647640602 0.045346062052506
"Smutsia gigantea" 2 34 415 -0.373092769453424 0.709079399940513 0.0481927710843374
"Smutsia gigantea" 2 36 412 -0.388451178043571 0.697682177148903 0.0485436893203883
"Smutsia gigantea" 2 38 410 -0.604978267636361 0.54519343674423 0.0512195121951219
"Smutsia gigantea" 2 40 408 -0.355165854716521 0.722465343314766 0.053921568627451
"Smutsia gigantea" 2 42 407 -0.378515591108304 0.705047613816711 0.0540540540540541
"Smutsia gigantea" 2 44 403 -0.187363028821063 0.851376007977723 0.0521091811414392
"Smutsia gigantea" 2 46 401 -0.177827014789968 0.858858830739866 0.0523690773067332
"Smutsia gigantea" 2 48 397 -0.243234154831285 0.807824009474176 0.0579345088161209
"Smutsia gigantea" 2 50 391 -0.318296119460102 0.750260327596737 0.0639386189258312
"Smutsia gigantea" 2 52 386 -0.668780704471086 0.503635377106692 0.0647668393782383
"Smutsia gigantea" 2 54 381 -0.478549900975804 0.632258866351911 0.068241469816273
"Smutsia gigantea" 2 56 373 -0.696275501268499 0.486256312538951 0.0670241286863271
"Smutsia gigantea" 2 58 366 -0.540395107393181 0.588924581220999 0.0655737704918033
"Smutsia gigantea" 2 60 361 -0.391431598905449 0.695478239260356 0.0692520775623269
"Smutsia gigantea" 2 62 351 -0.320018284288185 0.748954469987168 0.0712250712250712
"Smutsia gigantea" 2 64 341 -0.212431165874508 0.831770673725777 0.0821114369501466
"Smutsia gigantea" 2 66 320 -0.0230982955458801 0.981571865281964 0.084375
"Smutsia gigantea" 2 68 296 0.0136695216828818 0.989093639349559 0.0878378378378378
"Smutsia gigantea" 2 70 272 0.0523172088660159 0.95827594140215 0.0845588235294118
"Smutsia gigantea" 2 72 249 -0.504829258304763 0.613678763924068 0.0682730923694779
"Smutsia gigantea" 2 74 225 NA NA 0.0622222222222222
"Smutsia gigantea" 2 76 216 NA NA 0.0601851851851852
"Smutsia gigantea" 2 78 209 NA NA 0.0574162679425837
"Smutsia gigantea" 2 80 180 NA NA 0.0555555555555556
"Smutsia gigantea" 2 82 170 NA NA 0.0588235294117647
"Smutsia gigantea" 2 84 166 NA NA 0.0602409638554217
"Smutsia gigantea" 2 86 165 NA NA 0.0606060606060606
"Smutsia gigantea" 2 88 158 NA NA 0.0569620253164557
"Smutsia gigantea" 2 90 151 NA NA 0.0529801324503311
"Smutsia gigantea" 2 92 146 NA NA 0.0547945205479452
"Smutsia gigantea" 2 94 142 NA NA 0.0563380281690141
"Smutsia gigantea" 2 96 105 NA NA 0.0476190476190476
"Smutsia gigantea" 2 98 75 NA NA 0.0666666666666667
"Smutsia gigantea" 2 100 75 NA NA 0.0666666666666667
"Smutsia gigantea" 2 102 75 NA NA 0.0666666666666667
"Smutsia gigantea" 2 104 75 NA NA 0.0666666666666667
"Smutsia gigantea" 2 106 61 NA NA 0.0491803278688525
"Smutsia gigantea" 2 108 49 NA NA 0.0612244897959184
"Smutsia gigantea" 2 110 47 NA NA 0.0425531914893617
"Smutsia gigantea" 2 112 45 NA NA 0.0444444444444444
"Smutsia gigantea" 2 114 45 NA NA 0.0444444444444444
"Smutsia gigantea" 2 116 44 NA NA 0.0454545454545455
"Smutsia gigantea" 2 118 43 NA NA 0.0465116279069767
"Smutsia gigantea" 2 120 43 NA NA 0.0465116279069767
"Smutsia gigantea" 2 122 43 NA NA 0.0465116279069767
"Smutsia gigantea" 2 124 43 NA NA 0.0465116279069767
"Smutsia gigantea" 2 126 43 NA NA 0.0465116279069767
"Smutsia gigantea" 2 128 42 NA NA 0.0476190476190476
"Smutsia gigantea" 2 130 41 NA NA 0.0487804878048781
"Smutsia gigantea" 2 132 41 NA NA 0.0487804878048781
"Smutsia gigantea" 2 134 41 NA NA 0.0487804878048781
"Smutsia gigantea" 2 136 41 NA NA 0.0487804878048781
"Smutsia gigantea" 2 138 41 NA NA 0.0487804878048781
"Smutsia gigantea" 2 140 40 NA NA 0.05
"Smutsia gigantea" 2 142 40 NA NA 0.05
"Smutsia gigantea" 2 144 40 NA NA 0.05
"Smutsia gigantea" 2 146 40 NA NA 0.05
"Smutsia gigantea" 2 148 40 NA NA 0.05
"Smutsia gigantea" 2 150 40 NA NA 0.05
"Smutsia gigantea" 2 152 40 NA NA 0.05
"Smutsia gigantea" 2 154 39 NA NA 0.0512820512820513
"Smutsia gigantea" 2 156 39 NA NA 0.0512820512820513
"Smutsia gigantea" 2 158 39 NA NA 0.0512820512820513
"Smutsia gigantea" 2 160 39 NA NA 0.0512820512820513
"Smutsia gigantea" 2 162 39 NA NA 0.0512820512820513
"Smutsia gigantea" 2 164 39 NA NA 0.0512820512820513
"Smutsia gigantea" 2 166 39 NA NA 0.0512820512820513
"Smutsia gigantea" 2 168 39 NA NA 0.0512820512820513
"Smutsia gigantea" 2 170 39 NA NA 0.0512820512820513
"Smutsia gigantea" 2 172 39 NA NA 0.0512820512820513
"Smutsia gigantea" 2 174 38 NA NA 0.0526315789473684
"Smutsia gigantea" 2 176 37 NA NA 0.027027027027027
"Smutsia gigantea" 2 178 37 NA NA 0.027027027027027
"Smutsia gigantea" 2 180 37 NA NA 0.027027027027027
"Smutsia gigantea" 2 182 37 NA NA 0.027027027027027
"Smutsia gigantea" 2 184 36 NA NA 0.0277777777777778
"Smutsia gigantea" 2 186 35 NA NA 0.0285714285714286
"Smutsia gigantea" 2 188 34 NA NA 0.0294117647058824
"Smutsia gigantea" 2 190 34 NA NA 0.0294117647058824
"Smutsia gigantea" 2 192 33 NA NA 0.0303030303030303
"Smutsia gigantea" 2 194 33 NA NA 0.0303030303030303
"Smutsia gigantea" 2 196 33 NA NA 0.0303030303030303
"Smutsia gigantea" 2 198 33 NA NA 0.0303030303030303
"Smutsia gigantea" 2 200 33 NA NA 0.0303030303030303
"Smutsia gigantea" 3 6 449 -1.17079937232104 0.241679430188389 0.0111358574610245
"Smutsia gigantea" 3 9 447 NA NA 0.0111856823266219
"Smutsia gigantea" 3 12 439 NA NA 0.020501138952164
"Smutsia gigantea" 3 15 436 NA NA 0.0206422018348624
"Smutsia gigantea" 3 18 434 NA NA 0.0253456221198157
"Smutsia gigantea" 3 21 429 NA NA 0.027972027972028
"Smutsia gigantea" 3 24 425 NA NA 0.0305882352941176
"Smutsia gigantea" 3 27 422 -0.285283459009743 0.775426984344464 0.0355450236966825
"Smutsia gigantea" 3 30 420 -0.248615168394252 0.80365847415535 0.0404761904761905
"Smutsia gigantea" 3 33 415 -0.654646485729967 0.512695387303724 0.0457831325301205
"Smutsia gigantea" 3 36 412 -0.400011768980952 0.689147848471223 0.0485436893203883
"Smutsia gigantea" 3 39 409 -0.375460821320423 0.707317778766412 0.0537897310513447
"Smutsia gigantea" 3 42 407 -0.384855303336439 0.700344622748056 0.0540540540540541
"Smutsia gigantea" 3 45 402 -0.20666621546585 0.836270543908371 0.0522388059701493
"Smutsia gigantea" 3 48 397 -0.249967966435915 0.802612121449142 0.0579345088161209
"Smutsia gigantea" 3 51 388 -0.279566814632145 0.779809870299776 0.0644329896907216
"Smutsia gigantea" 3 54 381 -0.487252548663007 0.626079370181475 0.068241469816273
"Smutsia gigantea" 3 57 370 -0.509886728354293 0.610130820362192 0.0648648648648649
"Smutsia gigantea" 3 60 361 -0.402256123487262 0.687495541947957 0.0692520775623269
"Smutsia gigantea" 3 63 349 -0.152416467537334 0.878858469601507 0.0773638968481375
"Smutsia gigantea" 3 66 320 -0.0312988317170275 0.975031222107687 0.084375
"Smutsia gigantea" 3 69 283 0.199290776979399 0.842035293377043 0.088339222614841
"Smutsia gigantea" 3 72 249 -0.501995140592385 0.6156709392143 0.0682730923694779
"Smutsia gigantea" 3 75 218 NA NA 0.0642201834862385
"Smutsia gigantea" 3 78 209 NA NA 0.0574162679425837
"Smutsia gigantea" 3 81 176 NA NA 0.0568181818181818
"Smutsia gigantea" 3 84 166 NA NA 0.0602409638554217
"Smutsia gigantea" 3 87 163 NA NA 0.0613496932515337
"Smutsia gigantea" 3 90 151 NA NA 0.0529801324503311
"Smutsia gigantea" 3 93 142 NA NA 0.0563380281690141
"Smutsia gigantea" 3 96 105 NA NA 0.0476190476190476
"Smutsia gigantea" 3 99 75 NA NA 0.0666666666666667
"Smutsia gigantea" 3 102 75 NA NA 0.0666666666666667
"Smutsia gigantea" 3 105 73 NA NA 0.0684931506849315
"Smutsia gigantea" 3 108 49 NA NA 0.0612244897959184
"Smutsia gigantea" 3 111 45 NA NA 0.0444444444444444
"Smutsia gigantea" 3 114 45 NA NA 0.0444444444444444
"Smutsia gigantea" 3 117 43 NA NA 0.0465116279069767
"Smutsia gigantea" 3 120 43 NA NA 0.0465116279069767
"Smutsia gigantea" 3 123 43 NA NA 0.0465116279069767
"Smutsia gigantea" 3 126 43 NA NA 0.0465116279069767
"Smutsia gigantea" 3 129 42 NA NA 0.0476190476190476
"Smutsia gigantea" 3 132 41 NA NA 0.0487804878048781
"Smutsia gigantea" 3 135 41 NA NA 0.0487804878048781
"Smutsia gigantea" 3 138 41 NA NA 0.0487804878048781
"Smutsia gigantea" 3 141 40 NA NA 0.05
"Smutsia gigantea" 3 144 40 NA NA 0.05
"Smutsia gigantea" 3 147 40 NA NA 0.05
"Smutsia gigantea" 3 150 40 NA NA 0.05
"Smutsia gigantea" 3 153 40 NA NA 0.05
"Smutsia gigantea" 3 156 39 NA NA 0.0512820512820513
"Smutsia gigantea" 3 159 39 NA NA 0.0512820512820513
"Smutsia gigantea" 3 162 39 NA NA 0.0512820512820513
"Smutsia gigantea" 3 165 39 NA NA 0.0512820512820513
"Smutsia gigantea" 3 168 39 NA NA 0.0512820512820513
"Smutsia gigantea" 3 171 39 NA NA 0.0512820512820513
"Smutsia gigantea" 3 174 38 NA NA 0.0526315789473684
"Smutsia gigantea" 3 177 37 NA NA 0.027027027027027
"Smutsia gigantea" 3 180 37 NA NA 0.027027027027027
"Smutsia gigantea" 3 183 37 NA NA 0.027027027027027
"Smutsia gigantea" 3 186 35 NA NA 0.0285714285714286
"Smutsia gigantea" 3 189 34 NA NA 0.0294117647058824
"Smutsia gigantea" 3 192 33 NA NA 0.0303030303030303
"Smutsia gigantea" 3 195 33 NA NA 0.0303030303030303
"Smutsia gigantea" 3 198 33 NA NA 0.0303030303030303
"Smutsia gigantea" 4 8 447 -1.17751959016266 0.238988183101953 0.0111856823266219
"Smutsia gigantea" 4 12 439 NA NA 0.020501138952164
"Smutsia gigantea" 4 16 435 NA NA 0.0229885057471264
"Smutsia gigantea" 4 20 430 NA NA 0.027906976744186
"Smutsia gigantea" 4 24 425 NA NA 0.0305882352941176
"Smutsia gigantea" 4 28 422 -0.290091271507748 0.771746413163229 0.0355450236966825
"Smutsia gigantea" 4 32 419 -0.670751482874455 0.502378859812959 0.045346062052506
"Smutsia gigantea" 4 36 412 -0.409265201505976 0.682345049925429 0.0485436893203883
"Smutsia gigantea" 4 40 408 -0.374019887820303 0.708389519921673 0.053921568627451
"Smutsia gigantea" 4 44 403 -0.20515259475056 0.837452905538342 0.0521091811414392
"Smutsia gigantea" 4 48 397 -0.258848394644269 0.795752216468261 0.0579345088161209
"Smutsia gigantea" 4 52 386 -0.688831511212588 0.49092930321909 0.0647668393782383
"Smutsia gigantea" 4 56 373 -0.71277420436312 0.475985490346728 0.0670241286863271
"Smutsia gigantea" 4 60 361 -0.412023497913228 0.6803222002691 0.0692520775623269
"Smutsia gigantea" 4 64 341 -0.230090521484092 0.81802143008001 0.0821114369501466
"Smutsia gigantea" 4 68 296 0.00406489579349849 0.996756691336833 0.0878378378378378
"Smutsia gigantea" 4 72 249 -0.49883611301788 0.617894844274122 0.0682730923694779
"Smutsia gigantea" 4 76 216 NA NA 0.0601851851851852
"Smutsia gigantea" 4 80 180 NA NA 0.0555555555555556
"Smutsia gigantea" 4 84 166 NA NA 0.0602409638554217
"Smutsia gigantea" 4 88 158 NA NA 0.0569620253164557
"Smutsia gigantea" 4 92 146 NA NA 0.0547945205479452
"Smutsia gigantea" 4 96 105 NA NA 0.0476190476190476
"Smutsia gigantea" 4 100 75 NA NA 0.0666666666666667
"Smutsia gigantea" 4 104 75 NA NA 0.0666666666666667
"Smutsia gigantea" 4 108 49 NA NA 0.0612244897959184
"Smutsia gigantea" 4 112 45 NA NA 0.0444444444444444
"Smutsia gigantea" 4 116 44 NA NA 0.0454545454545455
"Smutsia gigantea" 4 120 43 NA NA 0.0465116279069767
"Smutsia gigantea" 4 124 43 NA NA 0.0465116279069767
"Smutsia gigantea" 4 128 42 NA NA 0.0476190476190476
"Smutsia gigantea" 4 132 41 NA NA 0.0487804878048781
"Smutsia gigantea" 4 136 41 NA NA 0.0487804878048781
"Smutsia gigantea" 4 140 40 NA NA 0.05
"Smutsia gigantea" 4 144 40 NA NA 0.05
"Smutsia gigantea" 4 148 40 NA NA 0.05
"Smutsia gigantea" 4 152 40 NA NA 0.05
"Smutsia gigantea" 4 156 39 NA NA 0.0512820512820513
"Smutsia gigantea" 4 160 39 NA NA 0.0512820512820513
"Smutsia gigantea" 4 164 39 NA NA 0.0512820512820513
"Smutsia gigantea" 4 168 39 NA NA 0.0512820512820513
"Smutsia gigantea" 4 172 39 NA NA 0.0512820512820513
"Smutsia gigantea" 4 176 37 NA NA 0.027027027027027
"Smutsia gigantea" 4 180 37 NA NA 0.027027027027027
"Smutsia gigantea" 4 184 36 NA NA 0.0277777777777778
"Smutsia gigantea" 4 188 34 NA NA 0.0294117647058824
"Smutsia gigantea" 4 192 33 NA NA 0.0303030303030303
"Smutsia gigantea" 4 196 33 NA NA 0.0303030303030303
"Smutsia gigantea" 4 200 33 NA NA 0.0303030303030303
"Smutsia gigantea" 5 10 445 -1.21399212445267 0.224750731562275 0.0112359550561798
"Smutsia gigantea" 5 15 436 NA NA 0.0206422018348624
"Smutsia gigantea" 5 20 430 NA NA 0.027906976744186
"Smutsia gigantea" 5 25 423 -0.288777455155615 0.772751685617914 0.0354609929078014
"Smutsia gigantea" 5 30 420 -0.259796772476925 0.795020540688708 0.0404761904761905
"Smutsia gigantea" 5 35 413 -0.42418770723949 0.671428925112981 0.0484261501210654
"Smutsia gigantea" 5 40 408 -0.382068037398863 0.702410899071125 0.053921568627451
"Smutsia gigantea" 5 45 402 -0.222784141202232 0.823703511326393 0.0522388059701493
"Smutsia gigantea" 5 50 391 -0.34297904170619 0.731614227203295 0.0639386189258312
"Smutsia gigantea" 5 55 376 -0.51732516105118 0.604929192721195 0.0691489361702128
"Smutsia gigantea" 5 60 361 -0.421210632059392 0.673601281313964 0.0692520775623269
"Smutsia gigantea" 5 65 327 -0.020798204521479 0.983406630014557 0.0856269113149847
"Smutsia gigantea" 5 70 272 0.0467694566269863 0.962696972464638 0.0845588235294118
"Smutsia gigantea" 5 75 218 NA NA 0.0642201834862385
"Smutsia gigantea" 5 80 180 NA NA 0.0555555555555556
"Smutsia gigantea" 5 85 166 NA NA 0.0602409638554217
"Smutsia gigantea" 5 90 151 NA NA 0.0529801324503311
"Smutsia gigantea" 5 95 127 NA NA 0.047244094488189
"Smutsia gigantea" 5 100 75 NA NA 0.0666666666666667
"Smutsia gigantea" 5 105 73 NA NA 0.0684931506849315
"Smutsia gigantea" 5 110 47 NA NA 0.0425531914893617
"Smutsia gigantea" 5 115 44 NA NA 0.0454545454545455
"Smutsia gigantea" 5 120 43 NA NA 0.0465116279069767
"Smutsia gigantea" 5 125 43 NA NA 0.0465116279069767
"Smutsia gigantea" 5 130 41 NA NA 0.0487804878048781
"Smutsia gigantea" 5 135 41 NA NA 0.0487804878048781
"Smutsia gigantea" 5 140 40 NA NA 0.05
"Smutsia gigantea" 5 145 40 NA NA 0.05
"Smutsia gigantea" 5 150 40 NA NA 0.05
"Smutsia gigantea" 5 155 39 NA NA 0.0512820512820513
"Smutsia gigantea" 5 160 39 NA NA 0.0512820512820513
"Smutsia gigantea" 5 165 39 NA NA 0.0512820512820513
"Smutsia gigantea" 5 170 39 NA NA 0.0512820512820513
"Smutsia gigantea" 5 175 37 NA NA 0.027027027027027
"Smutsia gigantea" 5 180 37 NA NA 0.027027027027027
"Smutsia gigantea" 5 185 35 NA NA 0.0285714285714286
"Smutsia gigantea" 5 190 34 NA NA 0.0294117647058824
"Smutsia gigantea" 5 195 33 NA NA 0.0303030303030303
"Smutsia gigantea" 5 200 33 NA NA 0.0303030303030303
"Smutsia gigantea" 6 12 439 -0.953786069341159 0.340191942323204 0.020501138952164
"Smutsia gigantea" 6 18 434 NA NA 0.0253456221198157
"Smutsia gigantea" 6 24 425 NA NA 0.0305882352941176
"Smutsia gigantea" 6 30 420 -0.26228246584838 0.793103679195866 0.0404761904761905
"Smutsia gigantea" 6 36 412 -0.423432990836008 0.671979378938924 0.0485436893203883
"Smutsia gigantea" 6 42 407 -0.407540148511958 0.683611312798404 0.0540540540540541
"Smutsia gigantea" 6 48 397 -0.275984910446775 0.782559656033065 0.0579345088161209
"Smutsia gigantea" 6 54 381 -0.514622580397944 0.606816782980377 0.068241469816273
"Smutsia gigantea" 6 60 361 -0.4300775470318 0.667139232311192 0.0692520775623269
"Smutsia gigantea" 6 66 320 -0.0504330300359144 0.959777315704863 0.084375
"Smutsia gigantea" 6 72 249 -0.4935071615237 0.621654280888729 0.0682730923694779
"Smutsia gigantea" 6 78 209 NA NA 0.0574162679425837
"Smutsia gigantea" 6 84 166 NA NA 0.0602409638554217
"Smutsia gigantea" 6 90 151 NA NA 0.0529801324503311
"Smutsia gigantea" 6 96 105 NA NA 0.0476190476190476
"Smutsia gigantea" 6 102 75 NA NA 0.0666666666666667
"Smutsia gigantea" 6 108 49 NA NA 0.0612244897959184
"Smutsia gigantea" 6 114 45 NA NA 0.0444444444444444
"Smutsia gigantea" 6 120 43 NA NA 0.0465116279069767
"Smutsia gigantea" 6 126 43 NA NA 0.0465116279069767
"Smutsia gigantea" 6 132 41 NA NA 0.0487804878048781
"Smutsia gigantea" 6 138 41 NA NA 0.0487804878048781
"Smutsia gigantea" 6 144 40 NA NA 0.05
"Smutsia gigantea" 6 150 40 NA NA 0.05
"Smutsia gigantea" 6 156 39 NA NA 0.0512820512820513
"Smutsia gigantea" 6 162 39 NA NA 0.0512820512820513
"Smutsia gigantea" 6 168 39 NA NA 0.0512820512820513
"Smutsia gigantea" 6 174 38 NA NA 0.0526315789473684
"Smutsia gigantea" 6 180 37 NA NA 0.027027027027027
"Smutsia gigantea" 6 186 35 NA NA 0.0285714285714286
"Smutsia gigantea" 6 192 33 NA NA 0.0303030303030303
"Smutsia gigantea" 6 198 33 NA NA 0.0303030303030303
"Smutsia gigantea" 7 14 436 -0.939478769076423 0.347484987713004 0.0206422018348624
"Smutsia gigantea" 7 21 429 NA NA 0.027972027972028
"Smutsia gigantea" 7 28 422 -0.29377909276717 0.768926712045342 0.0355450236966825
"Smutsia gigantea" 7 35 413 -0.435725857897954 0.663035642460809 0.0484261501210654
"Smutsia gigantea" 7 42 407 -0.411668143131964 0.680582677858238 0.0540540540540541
"Smutsia gigantea" 7 49 395 -0.318701181096809 0.749953118936725 0.0582278481012658
"Smutsia gigantea" 7 56 373 -0.737800344984087 0.460635783639454 0.0670241286863271
"Smutsia gigantea" 7 63 349 -0.225882241885965 0.821293009823843 0.0773638968481375
"Smutsia gigantea" 7 70 272 0.0443950340263779 0.964589520020833 0.0845588235294118
"Smutsia gigantea" 7 77 211 NA NA 0.0568720379146919
"Smutsia gigantea" 7 84 166 NA NA 0.0602409638554217
"Smutsia gigantea" 7 91 150 NA NA 0.0533333333333333
"Smutsia gigantea" 7 98 75 NA NA 0.0666666666666667
"Smutsia gigantea" 7 105 73 NA NA 0.0684931506849315
"Smutsia gigantea" 7 112 45 NA NA 0.0444444444444444
"Smutsia gigantea" 7 119 43 NA NA 0.0465116279069767
"Smutsia gigantea" 7 126 43 NA NA 0.0465116279069767
"Smutsia gigantea" 7 133 41 NA NA 0.0487804878048781
"Smutsia gigantea" 7 140 40 NA NA 0.05
"Smutsia gigantea" 7 147 40 NA NA 0.05
"Smutsia gigantea" 7 154 39 NA NA 0.0512820512820513
"Smutsia gigantea" 7 161 39 NA NA 0.0512820512820513
"Smutsia gigantea" 7 168 39 NA NA 0.0512820512820513
"Smutsia gigantea" 7 175 37 NA NA 0.027027027027027
"Smutsia gigantea" 7 182 37 NA NA 0.027027027027027
"Smutsia gigantea" 7 189 34 NA NA 0.0294117647058824
"Smutsia gigantea" 7 196 33 NA NA 0.0303030303030303
"Smutsia gigantea" 8 16 435 NA NA 0.0229885057471264
"Smutsia gigantea" 8 24 425 -0.849032078150516 0.395863442883238 0.0305882352941176
"Smutsia gigantea" 8 32 419 -0.690763687561698 0.489714058815978 0.045346062052506
"Smutsia gigantea" 8 40 408 -0.401391736781647 0.688131732183085 0.053921568627451
"Smutsia gigantea" 8 48 397 -0.290922611834621 0.771110507178676 0.0579345088161209
"Smutsia gigantea" 8 56 373 -0.745444141815809 0.456003267222081 0.0670241286863271
"Smutsia gigantea" 8 64 341 -0.287836721545224 0.773471726601774 0.0821114369501466
"Smutsia gigantea" 8 72 249 -0.49351849737758 0.621646273202947 0.0682730923694779
"Smutsia gigantea" 8 80 180 NA NA 0.0555555555555556
"Smutsia gigantea" 8 88 158 NA NA 0.0569620253164557
"Smutsia gigantea" 8 96 105 NA NA 0.0476190476190476
"Smutsia gigantea" 8 104 75 NA NA 0.0666666666666667
"Smutsia gigantea" 8 112 45 NA NA 0.0444444444444444
"Smutsia gigantea" 8 120 43 NA NA 0.0465116279069767
"Smutsia gigantea" 8 128 42 NA NA 0.0476190476190476
"Smutsia gigantea" 8 136 41 NA NA 0.0487804878048781
"Smutsia gigantea" 8 144 40 NA NA 0.05
"Smutsia gigantea" 8 152 40 NA NA 0.05
"Smutsia gigantea" 8 160 39 NA NA 0.0512820512820513
"Smutsia gigantea" 8 168 39 NA NA 0.0512820512820513
"Smutsia gigantea" 8 176 37 NA NA 0.027027027027027
"Smutsia gigantea" 8 184 36 NA NA 0.0277777777777778
"Smutsia gigantea" 8 192 33 NA NA 0.0303030303030303
"Smutsia gigantea" 8 200 33 NA NA 0.0303030303030303
"Smutsia gigantea" 9 18 434 -0.842288536608385 0.399626466050332 0.0253456221198157
"Smutsia gigantea" 9 27 422 -0.287708124366241 0.773570170521013 0.0355450236966825
"Smutsia gigantea" 9 36 412 -0.434945916761803 0.663601684534044 0.0485436893203883
"Smutsia gigantea" 9 45 402 -0.251794092209242 0.801200223968487 0.0522388059701493
"Smutsia gigantea" 9 54 381 -0.538973958393745 0.589904823601503 0.068241469816273
"Smutsia gigantea" 9 63 349 -0.24158511134445 0.809101659841422 0.0773638968481375
"Smutsia gigantea" 9 72 249 -0.493497617555358 0.621661022815202 0.0682730923694779
"Smutsia gigantea" 9 81 176 NA NA 0.0568181818181818
"Smutsia gigantea" 9 90 151 NA NA 0.0529801324503311
"Smutsia gigantea" 9 99 75 NA NA 0.0666666666666667
"Smutsia gigantea" 9 108 49 NA NA 0.0612244897959184
"Smutsia gigantea" 9 117 43 NA NA 0.0465116279069767
"Smutsia gigantea" 9 126 43 NA NA 0.0465116279069767
"Smutsia gigantea" 9 135 41 NA NA 0.0487804878048781
"Smutsia gigantea" 9 144 40 NA NA 0.05
"Smutsia gigantea" 9 153 40 NA NA 0.05
"Smutsia gigantea" 9 162 39 NA NA 0.0512820512820513
"Smutsia gigantea" 9 171 39 NA NA 0.0512820512820513
"Smutsia gigantea" 9 180 37 NA NA 0.027027027027027
"Smutsia gigantea" 9 189 34 NA NA 0.0294117647058824
"Smutsia gigantea" 9 198 33 NA NA 0.0303030303030303
"Smutsia gigantea" 10 20 430 -1.10071369967417 0.271021281895116 0.027906976744186
"Smutsia gigantea" 10 30 420 -0.260887797137872 0.794179035534991 0.0404761904761905
"Smutsia gigantea" 10 40 408 -0.387027017644769 0.698736206416453 0.053921568627451
"Smutsia gigantea" 10 50 391 -0.352176617767574 0.724705811384524 0.0639386189258312
"Smutsia gigantea" 10 60 361 -0.459008900736074 0.646227774379161 0.0692520775623269
"Smutsia gigantea" 10 70 272 0.0416403617739278 0.966785397087476 0.0845588235294118
"Smutsia gigantea" 10 80 180 NA NA 0.0555555555555556
"Smutsia gigantea" 10 90 151 NA NA 0.0529801324503311
"Smutsia gigantea" 10 100 75 NA NA 0.0666666666666667
"Smutsia gigantea" 10 110 47 NA NA 0.0425531914893617
"Smutsia gigantea" 10 120 43 NA NA 0.0465116279069767
"Smutsia gigantea" 10 130 41 NA NA 0.0487804878048781
"Smutsia gigantea" 10 140 40 NA NA 0.05
"Smutsia gigantea" 10 150 40 NA NA 0.05
"Smutsia gigantea" 10 160 39 NA NA 0.0512820512820513
"Smutsia gigantea" 10 170 39 NA NA 0.0512820512820513
"Smutsia gigantea" 10 180 37 NA NA 0.027027027027027
"Smutsia gigantea" 10 190 34 NA NA 0.0294117647058824
"Smutsia gigantea" 10 200 33 NA NA 0.0303030303030303
"Smutsia gigantea" 11 22 427 -0.840391122523983 0.400689124989117 0.0304449648711944
"Smutsia gigantea" 11 33 415 -0.672644575689079 0.501173435845113 0.0457831325301205
"Smutsia gigantea" 11 44 403 -0.226329800864265 0.820944921936717 0.0521091811414392
"Smutsia gigantea" 11 55 376 -0.528892652406498 0.596879919308723 0.0691489361702128
"Smutsia gigantea" 11 66 320 -0.107564978799738 0.914340778628762 0.084375
"Smutsia gigantea" 11 77 211 NA NA 0.0568720379146919
"Smutsia gigantea" 11 88 158 NA NA 0.0569620253164557
"Smutsia gigantea" 11 99 75 NA NA 0.0666666666666667
"Smutsia gigantea" 11 110 47 NA NA 0.0425531914893617
"Smutsia gigantea" 11 121 43 NA NA 0.0465116279069767
"Smutsia gigantea" 11 132 41 NA NA 0.0487804878048781
"Smutsia gigantea" 11 143 40 NA NA 0.05
"Smutsia gigantea" 11 154 39 NA NA 0.0512820512820513
"Smutsia gigantea" 11 165 39 NA NA 0.0512820512820513
"Smutsia gigantea" 11 176 37 NA NA 0.027027027027027
"Smutsia gigantea" 11 187 34 NA NA 0.0294117647058824
"Smutsia gigantea" 11 198 33 NA NA 0.0303030303030303
"Smutsia gigantea" 12 24 425 -0.841729011482137 0.399939655316149 0.0305882352941176
"Smutsia gigantea" 12 36 412 -0.421747384347128 0.673209414093441 0.0485436893203883
"Smutsia gigantea" 12 48 397 -0.279283430955389 0.780027320785409 0.0579345088161209
"Smutsia gigantea" 12 60 361 -0.470006676310009 0.638350247678567 0.0692520775623269
"Smutsia gigantea" 12 72 249 -0.492391486374276 0.622442616660908 0.0682730923694779
"Smutsia gigantea" 12 84 166 NA NA 0.0602409638554217
"Smutsia gigantea" 12 96 105 NA NA 0.0476190476190476
"Smutsia gigantea" 12 108 49 NA NA 0.0612244897959184
"Smutsia gigantea" 12 120 43 NA NA 0.0465116279069767
"Smutsia gigantea" 12 132 41 NA NA 0.0487804878048781
"Smutsia gigantea" 12 144 40 NA NA 0.05
"Smutsia gigantea" 12 156 39 NA NA 0.0512820512820513
"Smutsia gigantea" 12 168 39 NA NA 0.0512820512820513
"Smutsia gigantea" 12 180 37 NA NA 0.027027027027027
"Smutsia gigantea" 12 192 33 NA NA 0.0303030303030303
"Smutsia gigantea" 13 26 422 -0.277256433291311 0.781583209848373 0.0355450236966825
"Smutsia gigantea" 13 39 409 -0.405250891726121 0.685293099973843 0.0537897310513447
"Smutsia gigantea" 13 52 386 -0.719948619057877 0.471556631519253 0.0647668393782383
"Smutsia gigantea" 13 65 327 -0.0967561668448393 0.92292003433415 0.0856269113149847
"Smutsia gigantea" 13 78 209 NA NA 0.0574162679425837
"Smutsia gigantea" 13 91 150 NA NA 0.0533333333333333
"Smutsia gigantea" 13 104 75 NA NA 0.0666666666666667
"Smutsia gigantea" 13 117 43 NA NA 0.0465116279069767
"Smutsia gigantea" 13 130 41 NA NA 0.0487804878048781
"Smutsia gigantea" 13 143 40 NA NA 0.05
"Smutsia gigantea" 13 156 39 NA NA 0.0512820512820513
"Smutsia gigantea" 13 169 39 NA NA 0.0512820512820513
"Smutsia gigantea" 13 182 37 NA NA 0.027027027027027
"Smutsia gigantea" 13 195 33 NA NA 0.0303030303030303
"Smutsia gigantea" 14 28 422 -0.277256433291311 0.781583209848373 0.0355450236966825
"Smutsia gigantea" 14 42 407 -0.414618202996146 0.678421420486246 0.0540540540540541
"Smutsia gigantea" 14 56 373 -0.743480123237211 0.457191051133658 0.0670241286863271
"Smutsia gigantea" 14 70 272 0.0399229486964639 0.968154555271654 0.0845588235294118
"Smutsia gigantea" 14 84 166 NA NA 0.0602409638554217
"Smutsia gigantea" 14 98 75 NA NA 0.0666666666666667
"Smutsia gigantea" 14 112 45 NA NA 0.0444444444444444
"Smutsia gigantea" 14 126 43 NA NA 0.0465116279069767
"Smutsia gigantea" 14 140 40 NA NA 0.05
"Smutsia gigantea" 14 154 39 NA NA 0.0512820512820513
"Smutsia gigantea" 14 168 39 NA NA 0.0512820512820513
"Smutsia gigantea" 14 182 37 NA NA 0.027027027027027
"Smutsia gigantea" 14 196 33 NA NA 0.0303030303030303
"Smutsia gigantea" 15 30 420 -0.245041870246389 0.806424011651823 0.0404761904761905
"Smutsia gigantea" 15 45 402 -0.250585664698077 0.802134466083751 0.0522388059701493
"Smutsia gigantea" 15 60 361 -0.482685243614229 0.629319242410666 0.0692520775623269
"Smutsia gigantea" 15 75 218 NA NA 0.0642201834862385
"Smutsia gigantea" 15 90 151 NA NA 0.0529801324503311
"Smutsia gigantea" 15 105 73 NA NA 0.0684931506849315
"Smutsia gigantea" 15 120 43 NA NA 0.0465116279069767
"Smutsia gigantea" 15 135 41 NA NA 0.0487804878048781
"Smutsia gigantea" 15 150 40 NA NA 0.05
"Smutsia gigantea" 15 165 39 NA NA 0.0512820512820513
"Smutsia gigantea" 15 180 37 NA NA 0.027027027027027
"Smutsia gigantea" 15 195 33 NA NA 0.0303030303030303
"Smutsia gigantea" 16 32 419 -0.67371752121037 0.500490920351448 0.045346062052506
"Smutsia gigantea" 16 48 397 -0.293488797657064 0.769148560879754 0.0579345088161209
"Smutsia gigantea" 16 64 341 -0.334315867309904 0.738141218221295 0.0821114369501466
"Smutsia gigantea" 16 80 180 NA NA 0.0555555555555556
"Smutsia gigantea" 16 96 105 NA NA 0.0476190476190476
"Smutsia gigantea" 16 112 45 NA NA 0.0444444444444444
"Smutsia gigantea" 16 128 42 NA NA 0.0476190476190476
"Smutsia gigantea" 16 144 40 NA NA 0.05
"Smutsia gigantea" 16 160 39 NA NA 0.0512820512820513
"Smutsia gigantea" 16 176 37 NA NA 0.027027027027027
"Smutsia gigantea" 16 192 33 NA NA 0.0303030303030303
"Smutsia gigantea" 17 34 415 -0.397801735257263 0.690776338060341 0.0481927710843374
"Smutsia gigantea" 17 51 388 -0.335442209791245 0.737291531655682 0.0644329896907216
"Smutsia gigantea" 17 68 296 -0.0330008601006555 0.973673901755089 0.0878378378378378
"Smutsia gigantea" 17 85 166 NA NA 0.0602409638554217
"Smutsia gigantea" 17 102 75 NA NA 0.0666666666666667
"Smutsia gigantea" 17 119 43 NA NA 0.0465116279069767
"Smutsia gigantea" 17 136 41 NA NA 0.0487804878048781
"Smutsia gigantea" 17 153 40 NA NA 0.05
"Smutsia gigantea" 17 170 39 NA NA 0.0512820512820513
"Smutsia gigantea" 17 187 34 NA NA 0.0294117647058824
"Smutsia gigantea" 18 36 412 -0.418549093274274 0.67554570047551 0.0485436893203883
"Smutsia gigantea" 18 54 381 -0.544372759312026 0.586184987338007 0.068241469816273
"Smutsia gigantea" 18 72 249 -0.482727994475094 0.629288883346131 0.0682730923694779
"Smutsia gigantea" 18 90 151 NA NA 0.0529801324503311
"Smutsia gigantea" 18 108 49 NA NA 0.0612244897959184
"Smutsia gigantea" 18 126 43 NA NA 0.0465116279069767
"Smutsia gigantea" 18 144 40 NA NA 0.05
"Smutsia gigantea" 18 162 39 NA NA 0.0512820512820513
"Smutsia gigantea" 18 180 37 NA NA 0.027027027027027
"Smutsia gigantea" 18 198 33 NA NA 0.0303030303030303
"Smutsia gigantea" 19 38 410 -0.643517571168844 0.519888317007636 0.0512195121951219
"Smutsia gigantea" 19 57 370 -0.593369976522042 0.552933577153336 0.0648648648648649
"Smutsia gigantea" 19 76 216 NA NA 0.0601851851851852
"Smutsia gigantea" 19 95 127 NA NA 0.047244094488189
"Smutsia gigantea" 19 114 45 NA NA 0.0444444444444444
"Smutsia gigantea" 19 133 41 NA NA 0.0487804878048781
"Smutsia gigantea" 19 152 40 NA NA 0.05
"Smutsia gigantea" 19 171 39 NA NA 0.0512820512820513
"Smutsia gigantea" 19 190 34 NA NA 0.0294117647058824
"Smutsia gigantea" 20 40 408 -0.396530202599515 0.691713931532149 0.053921568627451
"Smutsia gigantea" 20 60 361 -0.497103732355945 0.619115902766242 0.0692520775623269
"Smutsia gigantea" 20 80 180 NA NA 0.0555555555555556
"Smutsia gigantea" 20 100 75 NA NA 0.0666666666666667
"Smutsia gigantea" 20 120 43 NA NA 0.0465116279069767
"Smutsia gigantea" 20 140 40 NA NA 0.05
"Smutsia gigantea" 20 160 39 NA NA 0.0512820512820513
"Smutsia gigantea" 20 180 37 NA NA 0.027027027027027
"Smutsia gigantea" 20 200 33 NA NA 0.0303030303030303
"Smutsia gigantea" 21 42 407 -0.416255120763222 0.677223329065202 0.0540540540540541
"Smutsia gigantea" 21 63 349 -0.298642448590645 0.765212873328466 0.0773638968481375
"Smutsia gigantea" 21 84 166 NA NA 0.0602409638554217
"Smutsia gigantea" 21 105 73 NA NA 0.0684931506849315
"Smutsia gigantea" 21 126 43 NA NA 0.0465116279069767
"Smutsia gigantea" 21 147 40 NA NA 0.05
"Smutsia gigantea" 21 168 39 NA NA 0.0512820512820513
"Smutsia gigantea" 21 189 34 NA NA 0.0294117647058824
"Smutsia gigantea" 22 44 403 -0.255043345843522 0.798689620798343 0.0521091811414392
"Smutsia gigantea" 22 66 320 -0.153533099207213 0.877977890333779 0.084375
"Smutsia gigantea" 22 88 158 NA NA 0.0569620253164557
"Smutsia gigantea" 22 110 47 NA NA 0.0425531914893617
"Smutsia gigantea" 22 132 41 NA NA 0.0487804878048781
"Smutsia gigantea" 22 154 39 NA NA 0.0512820512820513
"Smutsia gigantea" 22 176 37 NA NA 0.027027027027027
"Smutsia gigantea" 22 198 33 NA NA 0.0303030303030303
"Smutsia gigantea" 23 46 401 -0.255289376662925 0.798499604372686 0.0523690773067332
"Smutsia gigantea" 23 69 283 0.162944513124686 0.870562122745936 0.088339222614841
"Smutsia gigantea" 23 92 146 NA NA 0.0547945205479452
"Smutsia gigantea" 23 115 44 NA NA 0.0454545454545455
"Smutsia gigantea" 23 138 41 NA NA 0.0487804878048781
"Smutsia gigantea" 23 161 39 NA NA 0.0512820512820513
"Smutsia gigantea" 23 184 36 NA NA 0.0277777777777778
"Smutsia gigantea" 24 48 397 -0.31125190803081 0.755609124461414 0.0579345088161209
"Smutsia gigantea" 24 72 249 -0.51341412898611 0.607661664295561 0.0682730923694779
"Smutsia gigantea" 24 96 105 NA NA 0.0476190476190476
"Smutsia gigantea" 24 120 43 NA NA 0.0465116279069767
"Smutsia gigantea" 24 144 40 NA NA 0.05
"Smutsia gigantea" 24 168 39 NA NA 0.0512820512820513
"Smutsia gigantea" 24 192 33 NA NA 0.0303030303030303
"Smutsia gigantea" 25 50 391 -0.395477809229567 0.692490295368288 0.0639386189258312
"Smutsia gigantea" 25 75 218 NA NA 0.0642201834862385
"Smutsia gigantea" 25 100 75 NA NA 0.0666666666666667
"Smutsia gigantea" 25 125 43 NA NA 0.0465116279069767
"Smutsia gigantea" 25 150 40 NA NA 0.05
"Smutsia gigantea" 25 175 37 NA NA 0.027027027027027
"Smutsia gigantea" 25 200 33 NA NA 0.0303030303030303
"Smutsia gigantea" 26 52 386 -0.751620828215642 0.452279114181792 0.0647668393782383
"Smutsia gigantea" 26 78 209 NA NA 0.0574162679425837
"Smutsia gigantea" 26 104 75 NA NA 0.0666666666666667
"Smutsia gigantea" 26 130 41 NA NA 0.0487804878048781
"Smutsia gigantea" 26 156 39 NA NA 0.0512820512820513
"Smutsia gigantea" 26 182 37 NA NA 0.027027027027027
"Smutsia gigantea" 27 54 381 -0.561041867770926 0.574768995867792 0.068241469816273
"Smutsia gigantea" 27 81 176 NA NA 0.0568181818181818
"Smutsia gigantea" 27 108 49 NA NA 0.0612244897959184
"Smutsia gigantea" 27 135 41 NA NA 0.0487804878048781
"Smutsia gigantea" 27 162 39 NA NA 0.0512820512820513
"Smutsia gigantea" 27 189 34 NA NA 0.0294117647058824
"Smutsia gigantea" 28 56 373 -0.771741080759258 0.440267794351189 0.0670241286863271
"Smutsia gigantea" 28 84 166 NA NA 0.0602409638554217
"Smutsia gigantea" 28 112 45 NA NA 0.0444444444444444
"Smutsia gigantea" 28 140 40 NA NA 0.05
"Smutsia gigantea" 28 168 39 NA NA 0.0512820512820513
"Smutsia gigantea" 28 196 33 NA NA 0.0303030303030303
"Smutsia gigantea" 29 58 366 -0.642412437883671 0.520605426003595 0.0655737704918033
"Smutsia gigantea" 29 87 163 NA NA 0.0613496932515337
"Smutsia gigantea" 29 116 44 NA NA 0.0454545454545455
"Smutsia gigantea" 29 145 40 NA NA 0.05
"Smutsia gigantea" 29 174 38 NA NA 0.0526315789473684
"Smutsia gigantea" 30 60 361 -0.510786193915253 0.609500777573002 0.0692520775623269
"Smutsia gigantea" 30 90 151 NA NA 0.0529801324503311
"Smutsia gigantea" 30 120 43 NA NA 0.0465116279069767
"Smutsia gigantea" 30 150 40 NA NA 0.05
"Smutsia gigantea" 30 180 37 NA NA 0.027027027027027
"Smutsia gigantea" 31 62 351 -0.43719338144462 0.661971109261111 0.0712250712250712
"Smutsia gigantea" 31 93 142 NA NA 0.0563380281690141
"Smutsia gigantea" 31 124 43 NA NA 0.0465116279069767
"Smutsia gigantea" 31 155 39 NA NA 0.0512820512820513
"Smutsia gigantea" 31 186 35 NA NA 0.0285714285714286
"Smutsia gigantea" 32 64 341 -0.380969815939385 0.703225646004608 0.0821114369501466
"Smutsia gigantea" 32 96 105 NA NA 0.0476190476190476
"Smutsia gigantea" 32 128 42 NA NA 0.0476190476190476
"Smutsia gigantea" 32 160 39 NA NA 0.0512820512820513
"Smutsia gigantea" 32 192 33 NA NA 0.0303030303030303
"Smutsia gigantea" 33 66 320 -0.176479892903198 0.859916943897416 0.084375
"Smutsia gigantea" 33 99 75 NA NA 0.0666666666666667
"Smutsia gigantea" 33 132 41 NA NA 0.0487804878048781
"Smutsia gigantea" 33 165 39 NA NA 0.0512820512820513
"Smutsia gigantea" 33 198 33 NA NA 0.0303030303030303
"Smutsia gigantea" 34 68 296 -0.0651304784619784 0.948070113640132 0.0878378378378378
"Smutsia gigantea" 34 102 75 NA NA 0.0666666666666667
"Smutsia gigantea" 34 136 41 NA NA 0.0487804878048781
"Smutsia gigantea" 34 170 39 NA NA 0.0512820512820513
"Smutsia gigantea" 35 70 272 0.0226509630256053 0.981928691623795 0.0845588235294118
"Smutsia gigantea" 35 105 73 NA NA 0.0684931506849315
"Smutsia gigantea" 35 140 40 NA NA 0.05
"Smutsia gigantea" 35 175 37 NA NA 0.027027027027027
"Smutsia gigantea" 36 72 249 -0.484573401811604 0.627978984953321 0.0682730923694779
"Smutsia gigantea" 36 108 49 NA NA 0.0612244897959184
"Smutsia gigantea" 36 144 40 NA NA 0.05
"Smutsia gigantea" 36 180 37 NA NA 0.027027027027027
"Smutsia gigantea" 37 74 225 NA NA 0.0622222222222222
"Smutsia gigantea" 37 111 45 NA NA 0.0444444444444444
"Smutsia gigantea" 37 148 40 NA NA 0.05
"Smutsia gigantea" 37 185 35 NA NA 0.0285714285714286
"Smutsia gigantea" 38 76 216 NA NA 0.0601851851851852
"Smutsia gigantea" 38 114 45 NA NA 0.0444444444444444
"Smutsia gigantea" 38 152 40 NA NA 0.05
"Smutsia gigantea" 38 190 34 NA NA 0.0294117647058824
"Smutsia gigantea" 39 78 209 NA NA 0.0574162679425837
"Smutsia gigantea" 39 117 43 NA NA 0.0465116279069767
"Smutsia gigantea" 39 156 39 NA NA 0.0512820512820513
"Smutsia gigantea" 39 195 33 NA NA 0.0303030303030303
"Smutsia gigantea" 40 80 180 NA NA 0.0555555555555556
"Smutsia gigantea" 40 120 43 NA NA 0.0465116279069767
"Smutsia gigantea" 40 160 39 NA NA 0.0512820512820513
"Smutsia gigantea" 40 200 33 NA NA 0.0303030303030303
"Smutsia gigantea" 41 82 170 NA NA 0.0588235294117647
"Smutsia gigantea" 41 123 43 NA NA 0.0465116279069767
"Smutsia gigantea" 41 164 39 NA NA 0.0512820512820513
"Smutsia gigantea" 42 84 166 NA NA 0.0602409638554217
"Smutsia gigantea" 42 126 43 NA NA 0.0465116279069767
"Smutsia gigantea" 42 168 39 NA NA 0.0512820512820513
"Smutsia gigantea" 43 86 165 NA NA 0.0606060606060606
"Smutsia gigantea" 43 129 42 NA NA 0.0476190476190476
"Smutsia gigantea" 43 172 39 NA NA 0.0512820512820513
"Smutsia gigantea" 44 88 158 NA NA 0.0569620253164557
"Smutsia gigantea" 44 132 41 NA NA 0.0487804878048781
"Smutsia gigantea" 44 176 37 NA NA 0.027027027027027
"Smutsia gigantea" 45 90 151 NA NA 0.0529801324503311
"Smutsia gigantea" 45 135 41 NA NA 0.0487804878048781
"Smutsia gigantea" 45 180 37 NA NA 0.027027027027027
"Smutsia gigantea" 46 92 146 NA NA 0.0547945205479452
"Smutsia gigantea" 46 138 41 NA NA 0.0487804878048781
"Smutsia gigantea" 46 184 36 NA NA 0.0277777777777778
"Smutsia gigantea" 47 94 142 NA NA 0.0563380281690141
"Smutsia gigantea" 47 141 40 NA NA 0.05
"Smutsia gigantea" 47 188 34 NA NA 0.0294117647058824
"Smutsia gigantea" 48 96 105 NA NA 0.0476190476190476
"Smutsia gigantea" 48 144 40 NA NA 0.05
"Smutsia gigantea" 48 192 33 NA NA 0.0303030303030303
"Smutsia gigantea" 49 98 75 NA NA 0.0666666666666667
"Smutsia gigantea" 49 147 40 NA NA 0.05
"Smutsia gigantea" 49 196 33 NA NA 0.0303030303030303
"Smutsia gigantea" 50 100 75 NA NA 0.0666666666666667
"Smutsia gigantea" 50 150 40 NA NA 0.05
"Smutsia gigantea" 50 200 33 NA NA 0.0303030303030303
"Smutsia gigantea" 51 102 75 NA NA 0.0666666666666667
"Smutsia gigantea" 51 153 40 NA NA 0.05
"Smutsia gigantea" 52 104 75 NA NA 0.0666666666666667
"Smutsia gigantea" 52 156 39 NA NA 0.0512820512820513
"Smutsia gigantea" 53 106 61 NA NA 0.0491803278688525
"Smutsia gigantea" 53 159 39 NA NA 0.0512820512820513
"Smutsia gigantea" 54 108 49 NA NA 0.0612244897959184
"Smutsia gigantea" 54 162 39 NA NA 0.0512820512820513
"Smutsia gigantea" 55 110 47 NA NA 0.0425531914893617
"Smutsia gigantea" 55 165 39 NA NA 0.0512820512820513
"Smutsia gigantea" 56 112 45 NA NA 0.0444444444444444
"Smutsia gigantea" 56 168 39 NA NA 0.0512820512820513
"Smutsia gigantea" 57 114 45 NA NA 0.0444444444444444
"Smutsia gigantea" 57 171 39 NA NA 0.0512820512820513
"Smutsia gigantea" 58 116 44 NA NA 0.0454545454545455
"Smutsia gigantea" 58 174 38 NA NA 0.0526315789473684
"Smutsia gigantea" 59 118 43 NA NA 0.0465116279069767
"Smutsia gigantea" 59 177 37 NA NA 0.027027027027027
"Smutsia gigantea" 60 120 43 NA NA 0.0465116279069767
"Smutsia gigantea" 60 180 37 NA NA 0.027027027027027
"Smutsia gigantea" 61 122 43 NA NA 0.0465116279069767
"Smutsia gigantea" 61 183 37 NA NA 0.027027027027027
"Smutsia gigantea" 62 124 43 NA NA 0.0465116279069767
"Smutsia gigantea" 62 186 35 NA NA 0.0285714285714286
"Smutsia gigantea" 63 126 43 NA NA 0.0465116279069767
"Smutsia gigantea" 63 189 34 NA NA 0.0294117647058824
"Smutsia gigantea" 64 128 42 NA NA 0.0476190476190476
"Smutsia gigantea" 64 192 33 NA NA 0.0303030303030303
"Smutsia gigantea" 65 130 41 NA NA 0.0487804878048781
"Smutsia gigantea" 65 195 33 NA NA 0.0303030303030303
"Smutsia gigantea" 66 132 41 NA NA 0.0487804878048781
"Smutsia gigantea" 66 198 33 NA NA 0.0303030303030303
"Smutsia gigantea" 67 134 41 NA NA 0.0487804878048781
"Smutsia gigantea" 68 136 41 NA NA 0.0487804878048781
"Smutsia gigantea" 69 138 41 NA NA 0.0487804878048781
"Smutsia gigantea" 70 140 40 NA NA 0.05
"Smutsia gigantea" 71 142 40 NA NA 0.05
"Smutsia gigantea" 72 144 40 NA NA 0.05
"Smutsia gigantea" 73 146 40 NA NA 0.05
"Smutsia gigantea" 74 148 40 NA NA 0.05
"Smutsia gigantea" 75 150 40 NA NA 0.05
"Smutsia gigantea" 76 152 40 NA NA 0.05
"Smutsia gigantea" 77 154 39 NA NA 0.0512820512820513
"Smutsia gigantea" 78 156 39 NA NA 0.0512820512820513
"Smutsia gigantea" 79 158 39 NA NA 0.0512820512820513
"Smutsia gigantea" 80 160 39 NA NA 0.0512820512820513
"Smutsia gigantea" 81 162 39 NA NA 0.0512820512820513
"Smutsia gigantea" 82 164 39 NA NA 0.0512820512820513
"Smutsia gigantea" 83 166 39 NA NA 0.0512820512820513
"Smutsia gigantea" 84 168 39 NA NA 0.0512820512820513
"Smutsia gigantea" 85 170 39 NA NA 0.0512820512820513
"Smutsia gigantea" 86 172 39 NA NA 0.0512820512820513
"Smutsia gigantea" 87 174 38 NA NA 0.0526315789473684
"Smutsia gigantea" 88 176 37 NA NA 0.027027027027027
"Smutsia gigantea" 89 178 37 NA NA 0.027027027027027
"Smutsia gigantea" 90 180 37 NA NA 0.027027027027027
"Smutsia gigantea" 91 182 37 NA NA 0.027027027027027
"Smutsia gigantea" 92 184 36 NA NA 0.0277777777777778
"Smutsia gigantea" 93 186 35 NA NA 0.0285714285714286
"Smutsia gigantea" 94 188 34 NA NA 0.0294117647058824
"Smutsia gigantea" 95 190 34 NA NA 0.0294117647058824
"Smutsia gigantea" 96 192 33 NA NA 0.0303030303030303
"Smutsia gigantea" 97 194 33 NA NA 0.0303030303030303
"Smutsia gigantea" 98 196 33 NA NA 0.0303030303030303
"Smutsia gigantea" 99 198 33 NA NA 0.0303030303030303
"Smutsia gigantea" 100 200 33 NA NA 0.0303030303030303
